442168376
1219800504
1073388199
745582409257713665
110198955
10313032
17628591
256900512
14585205
1222641804635447297
872449766931800064
69559777
283108103
71762380
374433827
254491421
16130949
216735143
1090911182591086592
44320986
6440602
68442845
82363
110244676
179040857
901773635962195968
942544632898080768
57605955
959127998409699328
846672306378326016
292518772
940901351759994880
912788064082255873
875349400930983937
923649456981135367
912355392713252865
156204739
888058327913156608
87717624
101280438
10048652
27224166
103549232
14294701
839149376643686401
832267168276475904
26250653
33923443
821666958680719361
785518320334299140
487623589
2656055424
248446381
2227575001
14815775
4468059803
3287999704
2958399899
1212674833
3207504532
3438752914
257979280
2873078462
229042251
2852231555
2584879984
2771615705
2761257741
618958448
1923710378
2342562637
97030663
2231342084
2362661
272587957
891186338
1908087396
289483414
1322931373
190821474
341461735
193455170
258910925
152773076
15521945
213248607
388144129
46131106
133550954
499096053
147949965
494882929
560545534
553557115
47645011
441934955
462796785
275200655
431150590
393675585
391247062
378750571
326440558
341164299
245907225
171928363
334769062
326097408
184923403
288426731
286736797
273350353
194324277
266467501
142428602
126718539
248139265
91202069
23055193
9381862
135508015
37642720
36659063
16558988
10368692
18869136
28312691
9091262
76937615
24897144
1855871
9385792
