1035842622051508224
15270971
2827395683
806027862209744896
787715348619468800
1137826786543382528
143503938
84474379
1238541148102287361
35714369
1239297108278214656
112113852
1069188143675596800
4217023737
47350584
1239577192037642242
312981051
22412098
494882929
15948159
34582648
3299730071
20532806
1227861710876205056
114256447
431518878
83511180
191749853
232492541
71089109
532735823
14909027
1081408864199659520
606480820
279028976
17919299
9233842
295827245
348717012
120605790
1214613375520518151
443961257
6650562
72722761
29584571
719171779311185920
390167291
28138291
61481865
900771635707424768
5812732
1047918555889631232
73039079
398928866
764099588
1419298866
4889353644
839144408
3235334372
3142412482
1230552157167816704
14069393
760535100740239360
1095598611767926784
4523280976
229465341
118133101
19682566
17488992
1047977900463607809
744384780
15444474
1003676248491610118
973867349756522496
167352177
127576684
190799420
58967608
19316113
284192166
256900512
2856932848
1222641804635447297
1073388199
224653586
1083170503668293632
116854630
52810742
74129471
872449766931800064
1376654629
1102807642341285893
860707444489674752
827661113156390912
3350498457
2499235068
153158056
3383762481
105619316
1203961580578205697
6998432
1061949930481303552
97482220
234522921
27794232
109781814
1102572610095767552
121513208
35734886
1215161598806904832
147730268
896272124394049536
3345551038
60049728
2292526496
997784968574070784
14988292
14856376
98859392
449886580
28359700
1379702916
161019289
963842396348997632
2375867761
14817331
37183820
79310179
14146369
1064528079635152896
3090967911
379482064
353476229
182109566
1406733374
862006535177863170
1903060381
283108103
5574792
870241214112686081
1019585395
45598113
19488720
82956123
256626234
911883731756916736
719903728061583360
384201056
217198875
334538198
7481792
210026854
183286926
350456260
911946638289199104
970867982
311394370
110198955
1157972928354488320
1012355031549513728
45297280
278994408
1019560133922344960
1197845402533421056
2325341508
390386118
27875662
411322525
3121593994
6398252
148914440
1199773389294120961
1192620807618478088
2183467808
14293328
939080822929358850
268940970
1682795125
181143918
41873692
18638616
3307198167
10287682
1069564238371409923
38551598
19198693
187733092
41806514
1198819991698591744
210001639
883632776116916224
307254126
1197415529193050112
519367710
14807155
974698988808097792
527902906
28794043
237630206
973506197146841089
52396577
15656207
386102380
24497309
4759631
2353378285
60695710
19063068
914472239822725120
347293179
791725811061493761
1047872044954730496
58726744
112661582
1673779230
66780587
12342812
568077310
14317217
214538724
14331120
988323131277398016
1042848072
27505432
15298433
1035075887966892032
14769932
14250270
70819387
17678474
258020873
198352857
285920874
5721982
11041992
175766255
14765178
19854886
16023873
18358177
945159063670796288
587642635
12143922
436756810
1324822327
82018451
3517418007
12496382
17240173
400250707
9284062
21586240
676363
3079405973
1188551289623470080
133359130
8870242
1284720552
15799374
74705013
1186164233039470592
135824198
152352998
1149326674267271168
15040566
292140816
761087249949732864
12567182
188669876
1035988892
7516232
1071369921593044993
37636497
224413832
396906261
1132466537082818560
301117233
1176966585728327686
1965147313
41826513
27539677
137885308
57308239
22563060
1073518376201400321
3312334914
32696488
20410251
6703822
2739826012
14375294
273634854
14993466
1734983221
23863969
335965862
1172576600765935616
1170450970142216193
1169517957396848641
1066020020659150848
527094727
1149449819938795521
3030988839
97970467
54924529
3952123887
1086590312615677953
16002450
153828535
1162554083405967360
813892747
31318889
8692942
4874289952
14255979
2794432700
950509918595043328
1618431
1148986177778642944
830016422
53890277
14662473
489840666
1108318838603612160
41342715
897226646230634501
71675767
19280556
1158318281138171911
1009137865668820993
805981402143465473
1144723785817501697
16265631
1157670786817298434
1151554251782598658
714930746205425664
1025364041244569600
207276185
73724257
10821
67651027
1141902439043538944
992609726042173440
716731868142415872
1538841
8592732
1150873182573871105
386505090
903736360934055936
1106592332902612992
1075594963696545793
2595482646
413898659
108886546
12687172
1080959152493481984
17057728
88273299
3120873663
67460426
11059722
277569123
2878463879
386069426
1136907122900439043
234948757
129742316
253939528
946731498970992640
17874210
61498471
211106317
65709155
1319164070
14224259
1412612898
14478937
161328883
1072455503098380289
1133337944012599296
817189819
19143849
22893989
10737182
235346355
1125489642277675009
21942747
880089745
12865192
1134860971456049153
700711989673197568
1135972209443463169
191620154
1135180545489588227
112398757
134584628
3388665549
14804841
3804659063
922943158434107392
19645340
902636595005845504
399985750
41485866
1114845475
397200160
1016183617
2797935057
902645999574900737
1560269221
842437637113815040
14235803
2826957534
18046758
39377743
367205187
242464635
4172222391
419865879
382489438
9463342
4122299901
4055905875
32340285
1165394562
15649930
355148379
199013671
288426731
1361736751
103024640
417095907
527633518
784407772393865217
95177547
618889136
3372431615
508834770
1105963132227342343
1106319842884419586
2267192342
94133565
8159372
302314949
54008603
1101265753074917376
3863072477
15875930
2543178203
230369611
1106141693638782977
1461777944
708695948
305200941
67958522
67430296
7387022
15402681
179006916
259716070
108243551
14585205
841060904456216576
369817064
1099963638041976832
40887122
191508274
325567474
14698489
1056239014129352705
50599894
3306603203
298656931
146216632
745582409257713665
717408970802126848
212632603
215392461
3139597447
81867782
2956929964
19359893
69581784
846718388013555713
379739061
1134754830
1140287918
918804128704401408
237293113
65626773
2644751682
1075804155355250688
883903010773975040
107505285
4295115447
993025089137410049
400656592
781052626125422592
2758626849
2328196453
2307675307
952934002570260482
729557295030538240
1074046143175319552
951894589358641152
50679125
394859771
166667340
110209268
1073619496575909888
383950716
448912868
281983707
122455228
836955260887379968
16504970
215412832
11002122
949321598884044800
358761087
401885694
2535289681
169203272
988615438824177664
1219800504
2173709699
242868262
133729814
5832612
932898811625836545
12042332
813402
243137870
860091357100216320
6839832
1058690534582247425
102099663
3082268925
15002079
1001771
749823418250334210
749661321977819138
1012333713974231040
1056003633563619330
131182801
9305482
9526842
71762380
252213440
1440972980
289274806
556162290
205912775
1045986072361136129
356521454
956875477280370690
469331116
2752690975
359934608
96483337
1339590102
520599240
12706022
211775434
974644346917085184
2892290399
1568162737
22651735
35230061
188853708
1423952466
14739250
2850738598
732325399875686400
145826939
2756479056
28896389
15096853
2149952450
998282257097019392
4834855665
778043404924100608
4850295863
3144281
23554268
901773635962195968
413265700
1209499525
912385021440380928
2584505473
488683900
127900308
2769223164
11111732
2999960406
39789321
1848921380
2413055504
16329099
40655158
93663418
381581517
23751116
1715967223
1519291874
830765147803308033
4030760653
6686242
992490865267478531
334056230
10656282
561318099
12219602
130508197
301559050
203422096
621066604
890004854336364544
801181458337529856
586043084
14698852
544910785
16701459
2788124949
843902677
977999137315663872
17926363
267245360
931483610540118016
544030417
3299519009
274108918
908044236364423169
3557862274
72509363
3201942105
741147564
779032537037496320
35705071
2175647936
269808396
805519547503616000
1365535615
156493032
4533518355
74161806
15300519
14898461
7340612
1352549288
7056162
952976447362207749
303469041
14283210
907636195588497409
2806000111
16090871
2751499541
98477725
40865370
16616519
2673612109
1954525111
21385774
905689884890935297
924957513560264706
256393714
963799327880761344
1622701
163037847
3761611220
14992915
533113997
17421364
3434060038
28321091
143013250
959127998409699328
75134933
90613142
29751357
15027537
22514616
14390964
486095090
6140222
560622571
168783445
942544632898080768
1673748432
81231408
126413923
243679969
17516508
119560060
729502741882544129
267742926
890224644510318593
3417253930
3373812033
101989221
422196580
903535016969428996
1179767815
2348734784
195112788
2831516752
1394290140
174319361
313944515
100305873
336914981
923105089971281920
135112631
248321229
714775800
16130949
101750647
143770381
2184346528
200498525
1030298773
19058557
3130938635
20432186
872752524729647104
4913618793
917644224140578816
4239048132
912685485591539714
37667306
551886534
253449018
115189519
123507513
238971932
912788064082255873
399944230
760751633051549701
602076928
712179172857098240
33684788
6496232
435231444
2875835692
395189007
11549
902961389047656448
17843271
111662937
792710277833850881
905368675171094528
905329303923118080
786475893354958848
788294431317364736
19585794
905180649824280576
404150867
2850089490
885218931329441793
173620082
25976816
2891322620
875349400930983937
88385349
876410954430402560
13459532
14336585
2888514983
237750856
108111812
840783718449053697
874242078187954179
33577948
2979488247
15088181
1481655450
5874122
3141643179
398660364
875320972273995776
87914521
125675649
16558988
19583492
143593648
2775278188
405871371
35746950
3362530138
38536381
408084829
327285445
119666649
876706721410015233
352439277
450846609
837972256554889216
831201921037979648
20905187
429355803
4725255521
203558650
849303668549709824
248274859
3362139605
905975738
869890397111242755
816795746074849280
964111688
1261444448
815143605845295104
199466581
863434009048739840
770342177486536704
774541226
591029527
2806968349
44325212
250782740
312032852
66116319
861581742863523844
982244611
374740634
82363
54114888
14656222
177788470
16687287
471814463
151581107
269270155
132545261
211234628
218464430
3304204121
809218742
119390492
728183363639640064
832969781133398018
529060166
594421145
553518666
496217288
747519480784388096
252596895
540819286
817656
728600030
843861275365068800
9627972
950510749
781919476526813185
144106781
104424708
272007509
720148984849907712
2250878790
113927439
110244676
3040671576
13740932
12325402
790379334028537856
42851073
790456790458654721
780340756535910400
451419726
2773111
43482711
1024001196
298635568
474910014
828361853021646849
101280438
486422305
216735143
325686439
814852349885894656
1617360602
769004223564361729
372806711
819930489020682240
82952699
54018936
14816103
813773607843270656
14302602
69559777
126862524
4852997973
23132443
785734907309862912
370288737
89185308
771756408022962176
199298441
4854862407
11005342
2987122085
84176124
611257544
2769682440
3222410820
90143537
62463309
776133574814756867
18050416
14724354
4648341
707291853922705408
413269639
776477314787999744
263084904
106748846
303374004
700652994879066112
60839007
65193422
138497820
239708660
155896448
707887777258586112
372325073
34698700
290499497
798475161280401408
196737668
3004102703
601352070
796475148417122304
1051783675
2532458075
45428361
14306330
3382999846
3983906001
798539648
264228291
119529050
1254544004
62476553
63819362
467358756
27227212
122296734
113094221
784199635661447168
15005377
231894757
4007796743
14397595
740112046453313536
308715744
777841625733083136
470203845
241128896
728516169045544960
325403489
780487173686628357
190610668
304262217
3024432505
17676279
2688183595
12486322
172704763
488306225
14922390
164628863
767810525078155264
730772254536175616
745529506966863873
17175862
832690016
764524588403347457
763754530697871360
763743359596769280
762949267719720960
903837349
4495185377
2715011131
145593471
3405394925
496756706
3062051
142423984
701728030499012608
2387103786
1687120459
716917230370430976
10720602
1053072128
746969410334646272
729308619058057216
407310786
705694059692736512
715486925872730114
28680774
3234844610
14083379
350768878
1106386039
2566421
300980950
1387941218
15662351
1424345574
134177313
14273689
105237750
728232283258408963
4075185153
452950411
205460960
178222168
21330540
117989422
123564376
336984318
48843
41886519
7689902
727752565765623808
16695645
2836047989
385965646
88973080
252707800
57300220
188872143
7162442
35734173
718143551037693952
55101340
57912723
594096898
358181605
9385792
108670692
1163198744
74821507
718910384158208000
718107683124035584
430306392
17490510
93491347
397485379
3595439354
13216972
428058083
273328149
31252191
712410145590878210
27093292
2739005637
95475814
708954513944682496
281558007
216737588
74186852
3164607130
9188222
708452809222414336
366164161
2302814179
1906905048
17735070
41321404
856943516
3296136369
3391998592
705499816076431360
2584011
706150342799564801
706060594819022848
704988782664114176
199728816
8823362
696400514045583360
3031516539
701814745389735936
107471115
126465534
2164364874
97030663
83609723
69627208
365382774
2987785523
2237613276
3723667947
245299843
217540336
701150340146659332
3307902665
4904713185
613231673
12907822
27842884
93455698
3006535391
18194394
75118028
784165
13588462
256511368
82673989
98608062
14048192
165203612
4767844454
441869084
343003885
181487306
2908647866
34515613
4874273980
899574236
46168061
1369210741
140517747
2175629756
3908881755
16821279
5471602
310714574
2357828222
17675729
93766729
412156626
43145603
4823435710
3586160236
210901579
1463066304
4820936531
432355219
4815546225
4819674623
3303376845
3316887769
2369849120
7861842
15969848
1964685090
2699168679
278969069
3073902512
20298697
2976320403
4586168012
4342235242
9381862
34015899
1029222468
17555194
297045734
378479033
135220543
220091274
4297755503
188943182
2894983631
74690084
2597563076
8314612
2544559670
48019507
2399897358
3649181
1273572751
3342796360
49921739
4111890314
12691112
209075024
14956877
3370630605
1053951
71286882
343610679
292389011
860107638
1615648033
42729732
9091262
4059767356
282133460
793410985
3694070123
3395857055
97460361
4848121
14702716
142587683
82172798
14413201
2966207236
4070002342
3429931569
111387447
3696590542
14337718
18647307
2525664391
231136345
215723964
3331348215
396774039
15704940
9551792
2536746094
3109260147
2260265665
229139871
61521621
345515828
2677545300
123720679
163824628
3190558926
3816102971
2956410177
127263667
8098592
1479566113
3841172777
10836092
281550294
626443754
1701186788
3657293783
67703953
243331145
6623182
42660168
16611706
1427619187
1173258127
3289714537
74757635
3331388607
3394906573
1224660942
153376924
3329647754
19193465
14525080
230286303
612849091
109542883
2339837035
3179754226
417748671
3372506007
383620714
778449
3250625872
2548509955
169068693
10722802
1693776260
2563785216
15005347
37632738
46609398
300407083
2607869444
433215700
3324701829
1359704089
16999848
218438603
357441561
152620370
259677053
106883085
3300294801
2580473120
47645011
2912817584
54534102
413058337
3220282194
594411356
14971917
2352084420
793351
152775872
35369178
17117015
2956435474
505624877
252279173
62963
470524403
221687112
9723932
378457469
276499690
2912665817
3065695222
292777565
5404142
393297795
3194235521
12661722
1848552392
68004390
277095404
185959892
132851687
3198302627
1088882828
113465696
376113555
14087821
458222582
599246174
276587835
188238422
2803386512
74683881
202234191
279438409
54835129
286570254
15144620
317795962
8937952
2177373074
15643888
109086082
123941370
1129071217
195684037
3115155893
19587559
302424677
2455561
473833935
263131563
475258186
1305940272
302863700
7535062
24263
240787906
548427185
2381849803
58516691
800272760
460308440
631324339
12106052
2652711
377322205
823057
44953355
615337193
15366647
14957582
271083822
1351005210
159071130
3039689422
69496707
97196051
17441302
169129420
487623589
15926485
2936438317
68183705
24477419
243380895
14509080
1286116932
14421746
17825597
395891303
41491022
271318549
2909703832
2968824875
2965695509
2902497525
264109978
2667052088
507667322
717524675
455965497
2899549360
432559180
231523604
285341469
1413250128
262704825
590658661
2825084086
2336663959
150119618
95755143
103549232
191883787
53401922
6640242
2295006679
205465364
3076721
154837348
2846455025
2900892836
2822588959
2869526513
55039148
34981400
2772535059
15505197
98025335
68908905
253587073
2373406478
94124216
270050261
309021894
2857521165
51861120
2857561919
851532960
119846815
1196804204
14459709
2721310298
2189994866
2775634720
311934731
433330774
47927725
3408521
8123772
1201937443
415612502
200703234
2829287453
16361323
19868452
2316949601
2358138127
452423591
15231287
267089796
2669510000
141272779
2826939529
309191815
338472060
407898468
161215356
2532667920
2603118734
131872338
2554419090
87906268
752569086
1437480308
14316621
551064558
349187862
438408617
471281828
2527992182
2789823068
2573207366
553557115
1316005417
48296479
308587937
17738431
2721622278
24384795
1690197438
14297266
12556352
132817451
2575485504
15168355
41565432
11439542
2652244537
4411041
381345953
2613580795
221376002
1479861
335155740
2358466328
227626111
48180119
163918717
586964718
346524481
717849758
138551142
199437476
823457918
29426983
10151312
61139276
190050560
338573465
60537240
1394934398
2402179123
117727685
806504042
310776085
14182031
843508981
2485285236
68442845
2447001
590909301
246710055
15313850
106533601
211150048
198079942
269932730
2532048946
488275137
237227398
2153161260
172681469
54963984
5957792
1920170720
191209930
308092567
362151645
61570218
211129204
59252207
18874973
10338582
437359209
1679698148
286782781
1470811724
538022188
141061711
325437911
14087496
399339580
1245624049
32435313
1704901988
21480105
1241510870
199397421
829566541
608232455
11401032
106377667
26288129
613337600
267663712
2377933957
91862349
2417497333
2412478555
20667622
250077091
20979418
2389873609
523090661
2283738260
1273067322
38632868
2350055540
140016378
2251098052
1578720438
1139676482
190011032
15453191
241079136
285618041
15521945
143364929
6067212
159760681
224011747
214839788
9999122
376264240
399983267
361879602
78948278
153896307
17128825
809254261
1493260956
220184978
2286636102
2275851242
49182919
237820522
5898362
39757576
429178848
14944392
1513049899
1240882286
167825665
2262278124
1261593080
2335448251
262946614
85604250
292518772
48307229
565364575
275112294
153551603
2318579024
20511841
49016764
87416830
16157455
96155264
2298141432
26563941
10048652
1536875281
1968991194
1923710378
190810789
48858074
1383736195
102626378
28538575
891186338
8179722
41491435
2261781
76596827
217971646
15287607
1319285101
139149182
174391821
333925837
152031735
110380312
94707207
495793503
15327586
451052160
354382636
1951403942
17713091
6004762
14714099
201670103
2158556190
354071622
89653020
65327086
1952250062
70520806
297913134
224997691
726513
399996504
169609266
1951880041
817222794
2151859093
89404966
1209832820
14706299
1417802754
99911196
55371727
14433595
313419827
117808459
11366122
12679112
993947048
137367092
214839852
2334361
1900755601
20869542
1951808766
129909927
1874455026
1311982068
1832528545
1584235848
40582818
122091701
185787161
613345589
1412620747
239362738
941195893
196845290
231813866
11920442
462542275
212915339
1853883690
1700054430
1327432928
67689798
614561615
79090566
232702301
65338169
555099819
399424892
1412851962
16947186
424911145
152854728
84555211
517455435
40954453
304870267
328926660
480315344
939003379
1374294870
1638958946
1213872078
15106711
509944780
613074939
1581407294
365718888
91220535
1622497016
46419051
144464673
17039172
14126683
282076402
1587958771
369502115
1588892772
107477644
13156532
328428297
559497510
1579288478
1292669304
10368692
1573135920
924297530
1577790018
423563078
14815775
90673823
138475538
306394064
997507242
4180911
113916501
1491228512
123974622
4993091
22127721
102272704
251071066
103879980
1469550194
15507064
117382671
1466900460
31368155
329513767
279053347
270818273
79352460
1286270364
40419906
1444009909
1441359114
32650587
141257977
149095166
80653982
2047221
863752675
1380250975
222626964
226891537
132925579
29873705
945438818
15982876
150976125
18567099
331149430
225127254
35194560
60627604
16674241
260289284
204326177
1269647996
103949787
17770835
480992257
1283541314
974820872
14175912
192551928
938657858
1610881
335766699
330469911
14071896
1114667010
3167301
2669391
728742818
63706212
121588917
1197229470
564239396
461023805
1157462485
18904557
229403648
109554092
46607318
7035852
532272513
1161434947
14783317
141545735
385032059
17329321
1153845576
215787794
14522927
486801406
216813318
1126376118
306370924
8917332
899590351
199424738
89791350
425174863
20763096
7097342
37881428
144391224
1098065030
469134895
348301043
319064187
228057797
8075132
301674894
287329464
864378793
222048888
59881891
10664952
537271159
108499262
438240048
271899019
236514683
845337781
845610865
845318773
10242002
102961726
11268342
219005680
120142272
167778974
135896428
155726755
187497446
173842912
14389057
2806821
24922158
268921735
328543777
936586848
7204872
548638179
916432891
53872577
376281251
415864572
14931853
373274728
772428666
869770352
884728465
303452797
619812392
130090609
461084607
155991599
522132267
605257716
121135940
575531939
479655634
198609736
613356458
540713169
15057102
11249252
2632531
19523258
193825317
444451472
63640451
12358742
794715265
19232373
93358091
762276
63972083
225874135
376873632
294224066
388893909
127634064
463977654
747833954
181226621
215749987
22993038
715684806
427090887
3448911
156936246
250550834
147255980
87903646
632724929
11777542
620023361
241195703
108568014
285781209
13206522
380525224
116545535
15809598
600143685
144446662
586922729
589791713
581921627
310889655
76912594
261506760
14686000
463624832
471406272
525169625
196081214
14321528
16465961
14330524
30509435
8163022
14225346
336027618
18305945
46426246
501926614
191608213
93207979
277872613
23092438
12111
76622710
90057403
485613642
136595037
185974007
372195159
16113995
14303102
273306413
227464407
150793350
37226538
363032862
355646247
288816443
352471639
424217165
391084423
1480511
379966201
364768554
17093617
404793716
57317542
11364222
387982552
36022124
10742962
387506178
200953095
396929921
111251532
16050822
391969988
384703711
389735027
19064712
379060597
62827592
184845452
14975940
260532081
107060463
278465589
372136390
370303860
226898869
57646218
366007271
185209145
204828281
53747639
275540676
114166357
184941767
191378864
101772207
96983344
301565543
330429215
336718443
18698017
333487456
205749364
65896389
24971976
190742803
56381459
189270549
314054322
26262013
326453050
89280349
26800676
325686412
313182158
20441162
284578449
18135788
38187876
247152703
16420850
68934373
137068018
170107552
82078768
185004475
45821954
263282841
160307688
74982230
87919721
43211671
3682111
21218651
8742642
293434673
117352271
7145982
281716688
168062344
279932011
52329907
272972312
273081000
200193100
275968069
271455659
237261337
231618157
216886332
21876371
110690188
247258158
158221021
246973250
115436199
18197477
91374270
14750483
165678890
15792511
17832668
147520179
28655732
218901661
211901642
208794216
214016168
90909480
198551093
202208078
208512676
82121659
169630473
176743041
169565204
196523531
195356507
90228737
40089477
187542708
190004028
176539777
184561925
16519133
172291809
23852310
45705328
117895281
21138778
47311369
119437513
170677339
164301625
87717624
161383591
161053321
6194612
24891013
80819965
15073896
125302848
47084732
109010580
49809253
96977114
130429070
93912094
144363222
143514307
8029202
121833914
132824261
88664086
116185079
128930929
50753911
14096077
59061706
80003352
120555562
3136731
114173714
19365509
66644243
80519005
104570746
115519738
87575210
92935680
60933103
1015031
11563082
103937210
44427374
2268601
102400906
100296056
79848468
51405956
94824779
95180694
15673207
14510031
33322084
90846851
84709459
91356164
33471542
88647080
24678649
86876408
22619085
67431991
85845817
85866514
69339805
84359471
14362119
58558558
71192167
80485095
82498859
25752053
42155894
76652181
7954512
17267346
10162502
71505234
66935720
12177482
15149830
14653506
44740232
55161038
46679713
17082183
55235797
47310777
38172625
38142411
70416545
70618330
20247847
68705622
54884924
9977692
19525954
10003762
54315833
36377312
42646438
31144357
14809704
5912642
18480713
10528592
40839439
27467960
39245160
35715094
37147517
19817996
11084502
4504521
26325024
19266224
6393752
24189520
17343596
17338533
17389129
264213
16684359
18804996
870541
14576093
13838022
17088035
14455795
117723
12917132
2269261
9290452
15117063
14322737
2666341
14204089
1563161
6796412
3415311
5362812
5549942
6417242
