1045009031922880512
3300817955
75386458
163853677
96435044
776402106
2819790952
29584571
1033988728425992193
14069393
1157475627731173377
544273219
15163015
633385022
124036182
774192793275207680
1034745380
87226950
1185197893344546816
2434848546
718910384158208000
17638298
38490023
3071577368
348925658
14826965
622718983
15714104
339940249
875095981095866368
9714232
1003339690278174720
1492189447
8104532
85556721
963251144
10821
3372431615
10184292
778043404924100608
161242735
811989608
28482605
15972080
1010223569727414272
428058083
628562704
102099663
8870242
60760075
917405209579655169
1003676248491610118
10313032
1131195510
16329099
177788470
14585205
1222641804635447297
284192166
1142047961779724288
23081953
1074741266561294336
21594615
1052175276988219393
256900512
3181970364
1201352315510362113
224653586
114405105
52393154
1083170503668293632
45297280
64306899
847500256187039744
7516232
74129471
872449766931800064
351927492
18326200
153158056
200278362
749661321977819138
1191867834
87914521
900771635707424768
9233842
1157972928354488320
1165897268756713472
1012355031549513728
6496232
543889573
953491
1194236753965654017
11547582
46066476
514572987
6140222
2806000111
1919080465
40655158
73296672
40030151
1031513797956055040
1625997259
1651194487
988740482002968577
101186457
843473223048200193
1363938715
6686242
15040566
139649924
166667340
21090358
15049696
49294244
2856932848
283108103
922483242619383810
1068547920
937227324994588672
1175630204787744768
819927704850038785
17735070
4997711
17032014
69496707
635353
18084928
312011124
81254246
67430296
216193075
118172970
253939528
4057811
1170686303555530753
3131120266
2773111
212632603
527094727
15982862
2794432700
1170450970142216193
1169517957396848641
20900329
382489438
152022069
1086590312615677953
1618431
8692942
31318889
4874289952
13216972
14255979
65732431
228867879
743842226195705860
1126714989371203585
27875662
8367932
965638890307706881
27994823
890184602811281412
1030005157520662528
80881027
9696462
1140783560833421313
5574792
2905575894
14695816
14117880
1019381
389634390
84000178
9463342
2155563823
737477204
23863969
23611315
17645638
992609726042173440
33344941
16821279
903736360934055936
386505090
1148670499079110656
413898659
12305542
17057728
142923388
1148986177778642944
28552516
1219800504
605695089
489840666
161328883
34698700
1129147009628332040
22651735
962517114
553557115
6440602
1135180545489588227
1029222468
924335759066218496
101280438
982443027493896192
112510597
3890771
246959051
69296987
213135804
36410282
3040671576
805981402143465473
632400406
484383803
2380434474
733301753630851073
16501771
986276359
22903583
5915782
1074700885534695431
50588309
15608038
463746645
27569479
721933114809823233
1052844518813372416
2322843302
73141192
827350579382849536
202087082
1284236868
1107728207338307584
913494466568359937
228454510
109919128
2180200740
3306603203
82363
828100297
1103870095124623361
14934225
813892747
986220194
204217929
908813425765179392
227928681
22514616
16597587
788643333656702976
813402
3631301
16284661
2744240858
745582409257713665
14993466
1000962983089049600
54008603
973882769523838976
22848759
269997049
758588466271617024
2416315770
7156982
1033937016793321472
17772686
15704940
791070237949034496
15656207
6141402
7861842
14139773
23924865
14815775
3339171
831488176028078082
1046013582410952705
1055107737330372608
56787866
919099911349534721
51627206
1055109728303546370
224912517
253339566
977637727805083648
27620289
2907799831
74999534
1065928390652252161
139544417
110198955
229139871
16240799
1589737296
3649181
2800780073
1036105555759308805
815875
579873574
14526407
103549232
63252043
326034810
1043477813444128768
48843
1059484348074876929
2356617109
397476523
19341814
3083949253
2821089556
786221627306483712
328130890
86845693
2981013099
37989702
3305896289
283290392
902098098847141888
137885308
2436932576
7340612
5874122
434832533
395367768
151284278
88273299
179040857
19212550
1923710378
901773635962195968
956875477280370690
1044789780305899520
29466339
34324747
1019107197547171842
9309912
217129165
239581027
104115428
12062442
14898461
791300
35661167
15300519
912788064082255873
216735143
961714446002356224
959127998409699328
2789291
2956929964
16130949
1209499525
12486322
1028747093379346437
19682566
47592953
110244676
18711090
982194616702128131
2784123889
1073388199
936613942830485504
1023648132595425282
987103302042054656
2756479056
793351
2892219338
2175647936
68442845
201262607
10368692
875349400930983937
77073780
795207442283962368
1948614774
109086082
209323420
1068951084
51164205
22808453
453995919
728786678
897226646230634501
487623589
3167301
942544632898080768
2499235068
917421341359464450
264712854
3005303039
3595439354
21084047
159058235
2839846665
870828949382852608
2610060534
4888434672
2861396853
21253578
253449166
231581344
12006842
2403027110
75251268
576245439
62492971
112429123
75357529
