2477907980
937330989428244480
950055186126508032
1102049117797199872
1175125905829695488
1233833787294830592
1232376938116853760
1063468687196327936
20475369
66575278
2532384974
354514331
762955902420779009
796400472970043392
25535703
978308951287705602
18681746
1028076974206537728
5669132
4997711
949333453169885184
618670205
252560953
1207048121475309568
1161371124552413184
242684273
2865924614
1233837858240311297
1226412977382940672
16402069
1196926506703998978
717375035317559300
964225392688033792
26332509
1165331774190292993
8191162
1015520880804364288
7617702
2801199848
997954273240666112
180631415
1185993485750587395
9976002
280532238
838100670087643136
702877100844384256
1281536683
775587809990180864
306161751
910249793888415744
739055046428663809
41931227
1016039451066228736
1161443743435763713
837663540039274496
882014359639257090
637008005
546191638
1073406578005561345
815004549228490752
1059826567
525793313
933544477506940928
697260619641286656
1167408311400050688
563845959
1558326968
32478241
2506961271
257732130
702851155320315904
1018121933022547970
1044218282511937541
1089509826726633472
561981261
2385213661
1161973112361115648
198884045
15249547
1101227411792949248
940760850121592833
1175431428265435138
1655738215
634954495
191794646
198546094
825275303111061505
351606081
725548734
375646493
74236631
1190323883263627264
879666762
591710139
1099545334903173121
1184769524308103169
194226878
196278935
95668959
927295560863887362
1227684513855262720
763537483724386306
743625252
247063764
419781727
469196995
230124726
64620377
2185902852
574165544
18560812
964035289617494018
1090854913658286080
1205572163367034884
831524270
201120540
1055967014232252417
3019863495
507504153
42018126
3036731204
265376491
780888802168569856
1187545305320960001
972177602
730250847884591104
796440266722967558
370178538
2897417734
908357171779436544
1168824501943046145
251435828
1402476181
82412964
3054141761
1122510751560863745
950404192568520707
219687567
199406785
1183414234438352902
1566870865
834499146648285184
1012905770051137537
1121481769017069568
110381314
1193513209401098240
2276116211
389364650
2340092326
22345487
2160448966
1099746700162490368
3978396838
2164957966
4835959275
1231159862467362816
754939688948002818
1173247957753356288
3426853391
939913607214784513
1157244068709195776
294200183
754330882446651392
1078749853017100288
201248377
735196785535254528
939424028191870976
410639063
604749081
543889573
358130134
1069600833166368769
2371072719
750339620
1673435672
1051987125095329793
2193543805
177898474
1194843820694876160
946564251380015104
780796368
1171361488814137345
3434316629
778275923695132672
973135585740193793
617159773
445629194
730743000767315968
1132257283445010432
721291273655742466
947637090778533888
2768288793
1351312975
1043002591494295553
968228686095966210
3436821081
715097412839284736
901794499
1079791187932921856
836585341997973504
713394790134579200
3459133341
814261687448649728
2149680813
1184064005989699584
224572137
484219044
417746492
212187685
271889355
179709602
347565856
721685793866182659
1137320328
3436033443
811086947003355136
3240445360
1507777315
1066940224360591365
3362837379
205619093
550346562
1141740694752636930
770861899571396608
409925813
468761440
923614006983655426
749645870
760161372554588160
987074565594599426
936714452841455616
3515996897
607963334
1230806085931499521
988295266687217665
1157371015435079680
2835005927
416052123
3227685541
1892739138
4508227277
2624983055
166342982
349861888
251391289
1223587788
2461925485
965924059535085568
1265805235
1031523699445456897
1441445706
1170341444365770757
734636870
1224688163144261633
835527240
3179358257
217029585
178849006
800605607556329472
4868335095
983026914
286150791
794209663923392512
1230570440218828805
1037027718
1026051590187298816
367056673
922858533045133312
231552698
1002910371693416448
1155872489555341313
199238295
786673041887539200
15567647
1228322522145292289
8926712
1227090939518144513
2220899227
1222017276880121856
2910678111
308663886
4339911
86106456
434431771
38097717
7651302
2277104654
71089109
79018674
772509162
237293113
10313032
36093693
166617624
161057733
937715702
16386961
413898659
917405209579655169
17351137
256900512
1212948912538959873
2152839685
1209736372799647744
1037386134463176704
2760246370
816309155090800640
890634172716527616
836359727265243136
1216390528717283330
181515376
217540336
3503946195
817420954276134912
860707444489674752
1070692567891759105
4844339758
762331809631834112
3217466255
1261442300
32330308
2523207402
906300286565863424
1202171865562783745
893870557661417472
2964572495
3471021627
1082962726987722752
1283465976
706995840607526912
2896046254
1076948678508716032
850041872420622336
1214512695246049280
812552389131636736
1208711972398731266
110410385
359212157
112575146
1020185524320047107
1673419831
1209451678279200769
1105127610084814848
1207350912848711689
1208440345324769280
1207408352965406721
1208384190602993664
700426201400213505
9898542
900771635707424768
1184867975016275968
1682121170
451240433
1171790856853962754
43744325
877585952520187904
1339481418
1229267196
3937914677
28797509
1201341048238133248
1202263757776289793
935124542221115392
864623414597660672
24860698
1158656715014967296
1202509993540571137
133359130
1201854639647461376
633549366
1201704851945795589
1153032445282979841
22168349
1183572656
622084324
384428794
15465364
20090653
8104532
51057658
7858302
375070326
1112216842326691842
154480786
428952484
891865750532530176
214672460
897828973652168704
1192847733578764288
782333264958746624
1185075320053030912
1193555178026393604
2315796192
105915839
35789941
72685467
937758776349863937
1346896490
89915199
17874413
18677659
18636447
37094626
15979784
22514616
862329370240720896
8976262
380315845
289360360
374454183
563025116
206157730
82072173
851173269373947905
158966449
25728193
282674625
1118673105793241088
876843429258567682
24252889
57588181
55140956
2556635713
374291300
14117880
233326529
207548791
905097033157148672
1035676762380759040
618524601
15024407
399603903
749661321977819138
201492612
312867319
212475110
16888206
310546792
14370000
3914998452
5872052
8862132
453134179
1003616379264741376
53907941
1377146804
14471743
806757
758325923313754112
3084096189
15171302
1971755150
228925627
473350082
964526624
1117804473022394368
1432193966
1044828710275371008
636184794
92523820
1369641458
3312334914
1182993667302350849
1180614357539012609
325855606
106978181
16063910
1125425939737907200
23216287
17067465
629983
2953153155
1095633096026849285
1570701073
22120094
889896113133801472
1178322928749948928
1167188939133739008
80565259
187200716
827131412
1178680463516475392
6140
886263104530653190
19943886
56799457
791300
1144301762330804225
26093892
1175604770611982336
1176658037391679488
5749642
898239034622746624
830016422
139211015
2335420274
3243579890
8384792
1125758782255128577
138705780
1174314992474234881
8870242
224163572
18162267
312881016
349665354
2347600416
18674362
153828535
1166023650023096321
740051905
789569473925611523
1170131493655580673
484298843
1167762711737847809
6697972
10399172
362487618
2233543561
4083531
1170450970142216193
3174123922
10199822
15660796
458740470
228517715
16551979
622960227
1151817691327533056
1165215121796259845
1162703735497220097
546632976
878479346708746240
2532013618
2191041
17057728
20776322
1141731385431998465
54722501
14412660
2308948730
209648482
860229645903515648
17876995
1105759768939913218
1154382713245200384
956875477280370690
202199859
1527274158
1002795608
78835016
2871870000
118654140
27480111
79343232
795599434415357952
60901310
1153759582432432130
1099888301736165376
402664998
2890483290
1082729306231455745
16836943
105919581
212537881
737477204
1142620029050949634
1150406303254290437
94440137
39950581
18084928
1150139372106158080
248922170
268940970
1075594963696545793
1106592332902612992
3372431615
901773635962195968
765757859992834049
12687172
13895242
16821279
991169199950053376
12705482
13286602
636991775
1123729178824708096
25249374
27370707
814018189109710848
826428513653768192
1148426308826746880
302284145
140010286
18414095
835467350249963521
1148435306070196224
31686973
1047406949174857728
505897970
451277971
171268338
9980662
19114994
18138768
2411038625
38057539
121075855
265450269
34387684
270237312
319731408
16156671
3434541
1140429386476400640
15200015
1013400243637850112
55961489
222186902
9305482
525865132
2390654502
254491421
210519782
730633566
27388272
95532719
917386554280239104
11274112
432673066
17856870
836323112
408260889
14200609
16246810
103542205
39813888
20862579
350474642
1735687586
87362267
3639935297
6623182
17585328
1146696890483904519
8610962
104827002
19420634
1546701704
955397748580372480
889825706
3340834212
2169232590
1229914922
16580142
154479578
2919762254
247097378
15176981
3130955249
1146974050809520134
271445035
13440422
14810480
14334846
1072146561176621056
13946272
14175247
426364977
262594741
46070041
124595912
3497268500
517490472
2227649418
452104880
32422003
724997214150397952
15086229
268471631
5643472
5875682
93336266
19481808
213135804
9887162
3170301
50264379
335572840
1142423410439536641
65732431
1017428432
15107281
1141577135468896256
15115887
11178492
16697511
2450347833
85556721
14934821
16933564
1069620686887559168
17298405
2175647936
240764941
1132685926172438528
4783850528
12657742
26651107
1025991
7082212
14566379
22030682
970312524
211239590
758589541716492288
1870044535
1135180545489588227
1134071935183261696
951299317
33284592
10821
14464020
3765479422
1103377902387843072
316395032
15355316
2182351760
17721280
18504904
39932858
101949871
18337459
44973000
36757049
110384566
3290371777
120136596
254222101
100739264
105350760
1127272247322869760
580224794
123729442
195822133
137885308
1108312812147752960
382489438
2484446856
818189234
103130607
23242773
625093
992609726042173440
19558732
1869913320
121224818
1367767688
1093267236784144389
137440152
1078173520255803393
15649930
107471115
712664608885116929
1853310463
709176589074890752
2420940020
140394847
252870678
933260784
899266644131758080
2514603024
386505090
17492561
116041517
767271362
23356719
81538231
273203083
314721769
34890586
20176114
38409197
508834770
228040559
135489556
4754968118
14066062
123890936
619032867
42417984
1107728207338307584
15398764
15469830
1710871
1545547764
21621562
188793505
2946711
14440919
5926692
2757980741
1053623581878480897
348717012
1861854584
817880
16130949
1098958704584638474
1104685669526335488
87717624
16505945
29092926
2581526838
3388102493
830896037204209664
1032663306614521856
98883696
25785311
1091272320235331584
87744974
24497309
14137772
2652828374
7832862
4828470319
1048631629957255168
1097384030293549059
14222927
22653805
556115100
75926859
15379436
1098278828835770370
14171465
51529520
19131996
56391321
26306441
410499555
1097336550663294977
14084530
1042339079701102592
1016719893188792322
4852995585
11486872
444131405
1390275390
88934626
710631361325846528
6424452
843901578109181957
389561131
490270529
921099900850442241
173513816
27839299
1132583654
33021964
2543178203
972858706563084288
628783
302777155
81254246
991892036289613824
229946505
1065936835526955009
145552068
44423
47295149
1077710636757458944
110198955
706910608663453698
1080833996
195792011
2530183134
14453651
1069581458791194626
863077537366278146
19645340
14816103
2152120404
1320890072
8796222
14079705
49133000
556162290
23587474
48088063
1790831
3865720873
17772686
16597587
2399847534
17428319
1040001241584160769
5610072
723565590
20342875
15656207
758017064946761728
14139773
465879001
39816889
344901939
16316672
2892877363
227928681
15767097
782292383450955776
794965496135303168
386102380
162321873
105507765
104616026
918055571160551424
447128815
966011146229596160
2905880547
14698489
17711261
161328883
16477376
1045745008106598401
4217023737
1067444904895397889
19380675
1063488364194582528
992045828356354049
1030028049679572992
298015007
25839257
1047394448966078464
1513377314
327734938
217393834
1067548351451738113
1012021248552038400
257310629
2557881288
1265041178
83656341
10355872
2566421
14800144
834224215108775936
105527646
828964462531051520
753743
732611818951151616
254510968
21078039
3100344503
989196730187988992
15827988
40534747
234747369
922116708034166784
135824198
3239192567
77293
1530064784
18432029
939471396438200321
19057110
976995610107629568
2303768583
14599035
93434375
124583487
1565159863
1050303895027757057
15673207
379739061
2829925805
6898072
135210389
397476523
28748501
612518604
259328745
68487380
197314657
843151706166906886
3940961
34722403
21039908
13593802
1465659204
880355027843502080
331262055
1053611793149505537
1053571101249409024
784466796183220224
2675014715
3802367787
13682312
92893291
795338755670360064
17925939
109697702
143883
2806000111
4053204880
14948021
1038081777741561856
1872135894
3863930540
72942381
601754779
1852540932
527094727
1041847278246477824
956126883749515264
1044789780305899520
825542827450986496
11847922
1042905094566682624
958272305108459521
1066151600
458919024
89175312
3400191081
3301419144
700036506
1037631206060437505
1022546001117237249
5574792
7171702
1038416926270255104
1021690770749894656
893117569208635392
892033803799207936
534324066
19265067
81867782
912083622877855744
9840392
2875424925
3334843313
704510575
1034809066286137344
925530107246186497
759535642720165888
194706759
9714232
901986450895499265
23009821
1031055356888145920
9151782
1025859925455589377
533496576
95876828
1029515381738745856
23364525
497541118
322971201
284343580
48815236
975530121162616833
244570134
871006571102339073
933661309765390336
85911770
3047430395
975093547497074689
11563212
34503473
708784997151301633
45548357
23092438
434074452
3417138318
20636884
839829505724272640
18966808
1087487329
3369420800
2756479056
4207981
1018212723472072704
210514288
1175461
2341715730
1011881275504975872
1209499525
2322683256
904223352
2492474551
971980657504088064
2341139364
29751357
1077424214
829613112089120768
972288404259004418
2459495768
13042012
133585273
85310665
1209406800
4469481
16848938
154964663
930312537958174720
757190777936154624
216727067
220729211
145092871
111376276
2153688540
5704232
333710192
286108707
229523
37792239
362753656
17519772
750136863231447040
20057944
120815678
842029146343636992
17921386
488683900
69238380
24877257
220714304
616307178
15264826
73537202
3657331
45036289
112046449
1004797788394319873
182924569
9866582
154564224
912791703597178880
1001519187175485440
288999876
34488596
999221741162414080
17715861
415848544
21771952
1542947220
3311459512
2547412918
993515183627751425
136422640
12941382
334056230
1024072302
17161645
39599584
293183700
4239751594
914220989558423557
3816010100
284097741
3842212823
17758167
14754921
15830422
91107526
41098681
7318502
71906095
2540715720
19610818
68743119
3881168973
231930043
986981095542583297
264374958
87847564
181853199
911313250796449797
986172157238677504
705052891741077505
983909869618171906
767921601954193408
385095211
1241876857
6473302
238159255
179616738
1592732142
14105893
983642290529939456
973099771497009153
870582649424883713
218448297
763044316373782528
247656450
940986365621211137
64049749
82453986
103837357
725248074319278080
14576749
917785049940021248
6397312
3577516289
331515503
51239568
800742744838709248
124572537
55173679
20056008
91660366
147714782
311404566
170828417
851869776
2510513365
97479112
76426863
95678224
4794898254
20153175
254757186
174626992
898841838672650240
4613137035
39215358
164466388
2869033083
778201734
922530050909511680
126906934
1020704112
2569910701
57879241
267052997
902344488881983492
361813614
4819849023
36905338
400117570
2516072779
20425779
100857543
331398398
15015383
97114171
173366509
46842674
948739060406796288
2360357839
10368692
3167301
2703322813
968679499972988928
14348796
64230634
11176042
12951352
34677653
174693533
14055926
778043404924100608
12475182
836851528090664961
2274521557
335639878
1342125739
16962457
6226192
15792865
17909467
14966893
2369363294
839300788702875649
15439907
47774386
4129717821
5844892
845297485669171201
250766775
1967601206
963619953835307008
3273354834
3761611220
961803438924419073
961628246516424705
171313785
18291331
2809189272
1655221968
17850785
436698720
2680758350
914725005476409344
3195448878
954638035064377344
3219681
304975520
547507064
24358412
844884628687093760
328428297
997682274
796331425901453312
190056198
401775393
4240337595
754306072878325760
6440602
17802741
705330458842701824
7983102
19819802
71494775
3453491306
4158541259
109956401
33965784
40632280
26272567
16051736
897094944
14117732
320705201
935237086122188800
14091119
2975285343
279953771
6742522
21619583
932665810006536199
139828121
4428966143
616598761
36732897
532462833
15075911
59911425
2938889431
707255860221779968
16356013
102099663
227423290
201262607
7555262
373594880
42851073
856318811041128452
9526842
10185562
913420794197397504
53778064
16196481
15119662
2611802689
2147141
2274832598
450468941
15725347
2167021
110350125
183329704
356930534
33923443
370331549
6652682
908704743970574336
3188461593
79402857
1879477758
913494466568359937
905180649824280576
15486485
381886659
65342429
44670815
2168398004
718129001923915776
854205763459440640
2792155608
732458280
23350742
4422921
361794489
35917529
833674097552924674
220794493
199116758
908705613311602688
40526875
56245592
253449166
14246556
2584542428
906627109875060736
872535841641345025
435580182
34563147
8865192
15204525
16107645
410864223
107145055
18560198
13332232
126641734
75820786
163042964
507765360
15826792
4519438653
34321563
16254460
744414104522104834
428262605
69573263
4804650029
6549332
16120736
89450411
903062701110312961
387984153
455583154
891729521812004865
751380506286096384
898176621961777152
21315853
740879172487110656
2776797560
62470959
2676566264
572954678
831201502844829696
3312415125
887288044704768000
521609404
15226196
2773111
26379044
785066812555657216
19244652
19702108
889694836848066560
345738416
70982145
868561099318341632
14986598
860846104367300608
3315398169
842539862146334720
881086530995056642
21558596
3380973898
2181489169
87914521
309422979
2651748877
47168507
843646953359466500
3577586293
862374649677709328
141877110
1214261252
744384780
517045551
91453176
402465093
489662796
14699128
9627972
15959886
724890457747165184
26160148
845186475117297665
15414703
853435847705743361
71483543
260876840
47707747
824904380839112707
844298061409112064
350900261
15182880
17407196
2921310605
14993466
8660312
14223131
19250247
862756830656827393
15520326
701797547631910912
862231772574044161
71531021
3841172777
103187298
96403503
87969258
20410251
5922312
15103159
395367768
54114888
14898461
861243034029215744
16687287
3102112728
817910958421110785
177788470
5920532
18576450
82711326
987517058
859951835905351680
354859767
857364678930038784
18906172
427106150
334955469
128232398
2992713610
95347396
841847899214471168
80703
250671447
784477275559428097
839817873933553665
19203768
14696890
147504529
255529291
852872540225761280
825012057141436420
843529347612925953
144559716
14118715
2359947662
13949842
1115374579
849836387406721024
2851100686
34241006
35324599
140403984
738672719630213124
482677455
154921975
846214291011219457
1505278441
594883549
842081527093702656
66993
2872661847
43192340
24239319
18959885
838477576624570368
62135964
12486322
24051331
46162221
128711440
14468929
612073999
16329099
272005814
122316782
882422366
459492917
4762783610
15373404
834492305109245952
3237071022
110244676
3066013984
9704662
71762380
89276193
4103344377
8273012
12454702
11148472
274817844
7377552
298480044
1530096708
34801952
5435752
3300823669
1048258778
40080737
11736872
4030760653
2700167179
824641104800837632
10747572
16789906
34620550
3035240599
38229327
828361853021646849
821956138891505664
272965603
954001
623012051
770795661600051201
824581463689531392
3554869994
814852349885894656
809765716048154624
823081500317011968
3804659063
822440836776546304
798863413485170688
613653
822444234091483142
817200368102899714
44900235
808718389979947011
17170196
2414709972
31465017
19613439
1066966628
108848641
811378373490601984
15149847
10720602
717416428916215808
14114500
57587717
85367596
89185308
739409814950924288
455538378
17092330
3223999866
143308950
1874107429
3379739884
4884641932
22489161
15062840
2539870506
41485866
810553078726455296
133465918
18063425
809334439591325698
18467759
746670985395507201
806372614478381057
2327560616
800725624507670528
14388078
10178852
89725580
67588426
14457021
1044241
435406143
7056162
861084295
762347442339651584
263504354
796338941712420864
626148108
19255349
795097827047309312
44104818
40587957
21752304
787466872203587584
781770646971744260
15653409
3959357353
3595439354
42608085
508361043
3249137413
7071182
18225468
2839425689
12325402
14306330
743634217297293312
3429933754
787394534808223744
69578834
797868
10650562
316419898
11960772
16935306
36456619
8845232
47350883
2151009974
779317615697227776
2809160420
778099873056948224
9551792
85872035
775819631072161792
771957477210488832
30498730
14128528
2383971860
27093292
737590454632382471
26934235
772010531708215296
54326493
21699450
186102464
769914553886990336
976857223
95560528
526049413
282278619
31252952
294127712
2353378285
1546261020
20834433
763915532290568194
1247437484
14170770
46916877
3435357323
1716028086
15277390
747519480784388096
4139056224
162105984
1138959692
357530816
1115432671
56884542
27599495
107086978
2521930147
227492981
114489421
751272838632353794
1335255895
13611
991119145
3339171
2477470664
492971212
475229116
300980950
745729680137871360
15839977
36448065
451917614
873592850
4499574500
89572528
1961021263
2834662337
2421698636
3221749943
732163451498442753
862539240
14480233
428058083
1830491
714775800
768870
82363
14111858
726020481527091201
2929703872
77131411
7748942
273241787
27644651
14240878
44538317
730524003492728833
710545257549594624
123623380
280477264
564099543
49921739
3297267074
51029845
26523333
85618036
14069874
14324887
20029594
4026655048
10349382
274709569
4349747415
169129420
209732968
2610909054
171131473
21585054
3217954875
49413866
18248559
4867005988
437318704
17365440
243360038
709335297868349440
4788083532
51077652
2283837966
91120943
30591083
38793897
148350827
4924117139
704279008616124416
342459272
161428879
4874289952
2956930864
321738111
4915441998
2363263958
4872132047
2839995197
2595506214
14778397
25485744
415008745
3649181
4044361
16356796
613468153
60993240
919755774
71437357
200655127
221141823
1389781
48785299
44607461
18455643
697893
1081145246
4775007869
3139328030
4798451434
2776190128
419563884
4749111796
2790429799
4485940581
4508497821
4591921508
1643859937
2444611340
3008958247
4455481185
243764385
21110858
14724354
544068464
2890723575
35373186
4184809709
18392739
4171912041
2208289688
9848322
17214368
3055652033
558667522
20221325
123085589
274586633
1003736526
3093051475
15091010
1877714197
3973154824
3845874316
870174998
1939610311
11547582
2545357274
3127196536
42919815
26578134
212632603
356082764
3787914740
487623589
2838121265
17425484
3742814957
16316566
607595463
1004053002
563052577
3185612616
42035272
14148308
3444167652
67146890
2557527470
18692018
21108165
12526472
14589792
3375625877
111190804
3394182461
22023131
271849882
6732972
337382755
211304783
96483337
3032067641
1589232896
3079835723
3369460079
598848960
3278585611
234290204
1661372077
56823695
18183967
10191332
7340612
1690731
10250992
9362492
201799898
15300519
16916484
48843
1529078120
1496117725
21397946
818340
3153842614
2926638773
156121420
2211250856
3250277022
14971572
2778787128
50462520
571684132
2887790891
14124670
3243568417
253878484
3308648367
14579887
77790247
204833926
3314013886
16470401
631946764
50452097
3237551870
1278607166
3235514779
13509412
20236147
540501356
424326452
823083
3004139693
9723932
505624877
161824930
346803113
27309389
20624709
15809515
3018875178
244816083
14667349
17491898
260708850
14455347
60957024
80523
1973559199
1877923255
2950696235
3129095903
382508590
123574110
76797329
3027248232
374652673
170394789
3143339017
544022915
68895211
8387592
19777508
3036880940
2451122220
152939236
3101868637
166095941
2414727672
3096703526
155973251
29397324
3067378970
18088152
3068522093
848901
297688215
2466511309
3052269472
399946233
521461104
69496707
559994453
2805711302
3015102738
18506923
1566874850
77908845
418379573
2984648933
2960825651
2899628997
17601184
2963417633
77814048
14548308
2853817133
314581828
2956792987
2900418460
2295006679
277801905
97312491
2904406702
2912395063
2887810253
18809935
103949787
9930562
34919908
2900645556
154837348
16150336
205465364
2875561761
2898770623
27580687
1472924402
1243561
14180607
1709564730
387829389
16692772
117973053
1480248361
26829176
629023391
1482361184
2242759170
5910102
122725821
37009605
2692832779
752569086
1437480308
190555289
15194242
2744300054
423101990
245855374
2726151493
32974781
2718104766
18241813
290998742
14072398
94133565
1123073839
605824500
22652954
12556352
30964133
848590117
59584918
275793586
64766399
1506451490
68807504
2566337562
1967650062
41142169
23341466
5660512
2544679040
14620987
2167335475
868514252
202230875
2370850998
110159113
2196464198
2539873242
14893929
16265657
40832277
543690714
2410987172
15731671
1423307450
1284720552
2244927241
2211380496
531319136
10275242
631444440
15456487
109695257
40081178
16058280
858450180
2402378593
1694368478
1642570033
2183437566
1858124384
574455753
29532294
2297343162
2242986060
2375636281
783511
2365156711
30500021
27901363
1463310174
14509080
351644601
81897092
45208530
2326269559
2194743674
1062521
2310568520
344523089
73220348
785005
1473185965
2168647436
44921065
17173207
67380399
1949853745
31660842
190563332
2233329924
25938204
148508573
57275398
2247271422
16258182
1911296588
168626291
1591254643
18127634
14801936
361575367
13520532
63776933
1965660680
2162954131
20901174
20038437
1580504120
1121591
491561838
1407461
1022149196
145600904
620146384
21873474
624785846
20813935
1884847418
1911472567
316984464
19014013
38717711
1670627892
16256877
15593626
1485584377
5749002
17465603
43794817
288037927
1861379124
42323777
43686619
17636390
47338846
19892739
15270971
24549872
262770233
138966937
1703920147
249074269
546052421
1559997068
22440668
9463342
66243358
634084389
543100586
18688930
34426443
17291928
23236131
1612160732
619223145
10206972
14695816
1001101584
15955214
1601710782
1577336977
316539388
421187117
31262252
9593372
37599351
1116425516
1544239788
87403396
1284520538
14181144
474674505
1022247787
209527724
404526275
16185374
1286116932
34019494
16270580
63819362
37116828
58840915
390218199
146100528
3382
963481
397806165
21529461
939184525
1397449789
239581027
874205856
14123181
201382546
285126536
128673049
1433689400
140735113
109323518
16265107
4811951
340460183
14664973
34120843
41147019
168431033
848863974
377414520
1024240513
404005564
39734991
16492574
1353712543
217569966
60813875
11918372
77119027
393180020
14640141
103050738
1290942408
14225826
54637309
34729748
17469854
203558650
431758864
783092
18374969
1191990930
77496918
14181466
8731442
620467192
19587559
414592308
97312511
9362672
9135742
1057918760
1124634354
37155064
1120311776
14053355
119175138
9454232
28637777
1039534866
15737639
15775923
1082024618
633385022
365687795
6462982
328585964
1083425642
244173178
8068042
898423544
288160755
299472964
349293895
17218626
27707859
1048931156
5954192
19479109
17481745
7891992
86916487
18031910
5483422
1004544295
7266142
14166962
232603412
35741626
171955271
936564992
11633492
15459375
618816930
314612349
15481606
759580711
455907175
12781762
797495264
13740932
34605446
129674898
231155463
872415500
2947971
8783232
334297082
950510749
943338464
6292792
96179624
172655919
306166206
15538383
602205292
167339643
904717501
27466319
404055889
191108835
330157584
136301916
82388707
806385181
35352573
15005347
885328472
82952699
802567002
97962715
263156119
9769712
811829
25715570
14336585
814501417
7136992
634493922
15567130
219242136
593359147
51678226
74274192
7992282
439087040
7739632
15352541
774074707
81057426
21079931
19840235
91812883
821552
465131958
584917301
23863969
9767702
18417897
15809143
14192558
19085281
341172987
634426373
475697998
594042533
15252137
121590542
278104776
15441893
495732319
332597646
38695774
173762012
14952658
330899833
718883
567172199
299008972
327963187
50864004
219620716
595202604
19212550
618006292
30294155
9407242
228375868
193030139
14433569
459075145
134898339
127927897
258148425
173669648
16822958
31137589
29961971
22237472
32190128
180970454
163096815
61073118
497355051
532973
144594465
365735972
170591510
11099982
89435860
389853030
17713721
20720688
464163488
554961878
380912763
15026270
428579973
444952415
241631367
540591662
14617994
411811122
411817137
526782736
24237860
6691002
533930163
286384512
16567807
528436924
19682566
813402
412686769
35794497
229608654
518133658
222225906
506021465
468938883
62553762
74862728
16466323
259704449
14761877
495219578
58592928
3413691
14602130
134884787
276726132
18361042
82681434
14639127
8673932
786491
18690276
51405956
471616461
82351237
475533933
282670028
338798549
360210211
461683620
18846250
227372686
1413771
464051759
29081644
180938171
408912987
70898184
405241130
443985039
436886807
20598934
16664126
442210660
418160028
7206422
5742752
63871928
13486
1655321
309550823
398962821
83370820
353224506
131880443
248386908
20187037
393568250
6440912
368927061
267699189
16814103
86681344
58569413
335628542
411358729
408166916
134144946
410578275
323865776
388057771
29135599
393909142
876081
223633364
240306053
46115674
212599910
35483324
135106048
18268293
14325738
341979831
276328726
273328149
308583119
42432542
18858078
151272958
381763654
20144439
74783841
109650665
183810381
256908884
369189872
375903609
36843988
373798422
313139213
116069697
10109712
23166140
366835736
358583405
136659507
9965842
23630318
48803
16271608
103330497
67425709
14494383
18616148
19893048
283195222
97624469
361073879
352973996
34923649
216473445
241498104
42912913
302077471
262187346
333003997
57428609
200678180
42903432
42021737
337356826
109750036
18266811
194898404
14417040
39469196
26030236
126630057
21526748
288149575
16864336
33262401
325686439
206358757
70735999
149139591
12972722
17239125
16614645
329673471
331117659
288684562
321586195
111362459
8406952
28839008
313467295
83811550
140941051
325318042
89181635
91871371
266110585
15596402
299952246
271836799
29717021
287409342
316872565
16149906
114758167
263565855
11069462
302431232
138394190
49403457
81180767
14270329
5719682
28218520
16886718
6338492
264305608
309674336
152042171
183757093
163852570
164366124
305230257
24623447
18633059
302743206
303944229
36741192
106713613
303265932
16144702
18308817
300280231
35000351
15802344
2630841
193053567
278410320
64614569
22940719
89173131
34559463
267169659
3817941
18082219
171226143
43111060
14821718
66960209
90681321
222036749
281910877
1254381
17485959
35685390
187422797
270476998
277503670
14131520
248961684
39025353
13497782
70320067
11414482
73842250
7206802
8531352
106794066
82814581
191727870
8980232
16813249
14765553
253944858
17492041
41445632
236357058
15068650
266698120
46112954
16878780
15903692
89250664
191203835
212203440
9218342
257029897
45556777
261147795
260892189
17827661
74865632
202117042
129863081
14739250
229493236
251456991
250869910
23909794
15376576
120655604
247515869
19772974
246259637
18169286
223209173
14686988
78083564
204182403
71760549
14646505
18979056
16185413
14529167
6904482
20476532
16382667
38196979
203006867
231692822
232689254
229350824
80287555
69560502
14103106
206755786
96609954
20678505
19589105
213270616
1383431
17199238
16550166
2769321
192567559
80772893
12342812
15446648
28440335
23977676
14054922
26458967
209421115
138068931
207424971
197383540
4611121
199509543
184716619
144813436
29844194
20831032
14864310
46486551
1598921
15944583
195682199
14385533
19998363
49465463
12691112
62823708
617063
14706299
66700710
20058421
22227677
17186836
69530194
14421746
130820256
127782922
80740892
98721552
166667340
70352051
705153
1252901
8592732
2276111
14265652
7479852
48797172
15809724
14107651
104805570
1979591
97691779
24942645
7668792
7116952
170587283
2491191
122085552
163532772
54348072
135432729
71025426
6004762
123542286
126673991
149650200
20585553
145657476
15024042
17681013
20129803
50438579
7535062
631333
80881027
23204397
14802907
143891220
18484992
57753613
44860934
18019481
49420481
50753911
100445804
27064840
16590830
120815447
130222399
16374808
116911116
14585205
125869768
84271737
8642392
99566126
101849475
40720843
45659449
40261660
19198693
17093617
30844509
19091929
6778272
79701852
14120402
26509103
14050728
101158358
16375901
95643691
74521316
7572212
97913281
7960882
18577567
82581260
16584299
19250367
85428097
82993082
83822287
83938725
81610928
12353772
13970952
19070155
16781740
14022282
64172365
6587342
22945474
12031122
73107009
7923642
25843123
15795820
41087504
18762307
28855774
19918017
25140707
57134727
55959417
54919748
55868718
29442219
12048772
14083683
41486415
4057811
14878479
13283942
28322690
749583
37235300
22572015
45421895
44923162
29355598
8850022
10184292
873411
6140222
35844418
26652282
33436711
779627
6049312
36288506
22545571
14245742
21936691
14459956
15662351
28713505
17746686
17750791
7051032
8692942
22487024
14081078
10073632
22444948
25384448
7583802
23554268
5838092
22631938
16213093
13647382
752133
15104415
11975102
12449
7861842
16095572
6971032
11981802
18801815
17763613
15439395
3565601
18137304
12913282
18060808
13229892
14523801
15768605
9780772
8519482
6998432
16951636
1694961
663603
14734687
14826621
16227324
10670062
15220153
703793
8535972
898691
14065864
6647632
15779577
2916871
