123119847
286980362
1874856188
3317745581
61258824
119570660
152126866
908171158880747520
1619193661
226387687
50389432
76280265
1128373142404194304
1134041973168443393
274712546
1626047250
891568016835706880
382373984
2212530467
15055888
718077216123396096
14113076
74455457
302986126
2765710751
52558761
1202968799521193985
276563985
1181555162747412489
97484033
151190106
1139355975520018432
1067724462164971520
958450231309455360
506006684
321047987
223014713
1213610782794997761
272627196
1172169036593078273
1213823046760333313
39380589
164814741
1212482631335477248
782746812327268352
36220015
2439015110
1199704819650437123
994578623150649344
142125610
323360805
89258666
2398401368
1081710074169565184
22537062
1012507239549165568
4331286209
1081259127312130049
11919222
855061671433383936
195516089
953247699888898049
22156274
73160379
4558313115
856486620668866561
967899412289740801
953718702456918016
88699372
1175889803528810496
1681986325
43379739
118201798
17235447
539656352
2856932848
109974533
256216164
3433698192
169411292
283200815
340341126
31232693
494133637
17625258
1163437284185772032
719288111998574593
4443404553
252968123
819927704850038785
1159360128640016385
104527468
1317309962
138161380
835897757143556096
522440267
14246967
48699061
14681894
1136678794478202880
292712806
19054043
169389350
1935488797
57351555
91942071
250155697
15369970
930351559
715754134633373699
150066674
141034149
2740433990
1111497913635692544
47104452
494581546
5936422
559226871
4731101842
4077761722
118790297
19607259
861949948757200896
1119051547609059329
430869087
93913440
1499416622
1003132329643204609
2600302686
2473674733
145911796
79334482
34569889
921108458287583233
1087770642164969472
291298208
71836284
818519785688465408
14536367
988505066792538113
238178024
930495753772036096
198207201
2499980150
369563562
52189990
1055274030947753984
294675739
402321578
143152977
255284357
883216370
721916342828343297
93447300
772508186129502208
1079593417682898944
117508013
85018112
141112734
2413663892
2522411819
141868952
719920150972100608
1059936763504967682
1088404044316585985
54093435
483215089
291493001
70480069
1013079829355393026
68752261
571997855
1866330366
15378754
1075727836554674176
582888253
101897322
933276169666990081
637382420
1034194780505497600
3454225875
19360470
37863530
1144851830
984486888294658049
1071487369076006913
342879842
303859671
40923285
732220141094735872
793799749145100288
35392624
1061483212592082944
277502403
941026436776906753
259895755
55628124
719355950927372288
994523411828396042
729135901230702592
64600533
988516945430433792
4351902075
1055850554071703553
827557198091976704
25712590
2376364041
866689717592567808
140836570
1933797956
1037772453257326592
317158411
41013283
11403542
162096055
196274455
1037368011143999490
854423653093650433
996840260683423744
116999646
48288849
758444138769551361
44625917
889574105221144576
92261175
3227761834
15392993
6964542
203567426
38044427
958761642917007360
701545801902903296
369038524
622435791
247613525
181721671
839605850922680320
480016239
789590828184285184
921212219353976833
143578329
29460483
985599617814450176
4697450581
381825461
1437228217
919668635299401728
982392467239645185
2384048892
781950929180426240
3133792446
816339448568741889
1669180694
11833712
13929512
2811748854
1581205188
721516141
16747776
874209163
55547770
248456494
714607834667872257
2610676790
2608586862
217885674
75550300
113976963
564806735
854454295890186240
2399100775
4708934547
305177666
12757302
2448545674
3392306146
20218398
1296413341
4886315267
70723875
2877376931
2160967057
277583350
324931668
364459214
138324985
331090954
289140713
312694085
9590962
1474464848
2168496968
191177839
104322064
1137664938
971884756815278080
1890827274
914923662742102017
967279431843643393
969045925288128512
17850785
936613753289879552
954010100133482496
63885739
18197477
174049509
104865143
395325968
199804354
4421307735
156493032
406640217
348475056
23539354
874060581841629184
18509815
134142819
172054397
4843862657
1031078112
2157729691
211892343
14864087
2475515973
72874356
312734857
130169306
56601879
461604289
324380832
514856212
8516062
2176870878
129921160
192551928
1147073311
945686766199156736
981676364
894742115262976001
1223558910
128666974
2841236267
398742438
16336039
132354054
69659744
196730793
2882724215
482320590
165184441
80870076
736337512248029184
766755610624942080
823707565091618816
19161448
809566404
578300964
172053204
392533597
927527971799359488
925891265425788928
36964025
838365160947519488
176649998
2557857501
1613365488
97094760
184808034
2238333516
3416359102
21225138
918218228488339461
513846803
4196005276
7568412
1963375507
5471602
582356206
301136196
1510487312
913828884629647361
246052443
814169243730280448
913034554297917441
325100970
252676902
2318541910
296368872
372813888
19582653
146484750
56215714
92333693
4839178116
753707273566978054
14651725
907206376291696645
14860076
57363265
476037237
1037525592
148507300
113660988
3999302675
708428235940470785
138798695
901658004285739008
882667874241871874
708103879
894661080185798656
2282125657
704398509118599168
855860783863001090
172830467
845746116511633409
297156798
892399573930573824
892295259073335296
875043350008782854
1202671862
806968755855224832
784107854152212481
744037269732999168
2542270986
45444668
324217903
2283463274
4601582897
4273813048
1171972454
389562551
66226341
93021730
35626392
847219955485593601
71332570
825219447828910080
53295995
58906811
65638731
15997828
719419296
250233269
1139615713
429932922
851650406094655488
871748203070316544
147702670
15269781
1656545124
144293872
561675544
275607924
41434838
829954804906676225
17399417
182001641
43434003
27080189
860987370644029440
769346878236418048
1281481658
99443737
1339789880
853781007190851585
851811311528718337
35654756
1439091906
740783142341115904
151661476
836250993587326976
844884503264931840
2895000291
1397285527
825074170191032320
68833161
823057
531162864
4914414342
575621412
264802537
140109927
29307928
135955404
1548
68878535
178095362
202008367
21549021
196980286
240307539
804461591957741568
165913533
261588034
830061451578634243
834424188991586304
832914527574429696
269339382
910584546
3229830076
829085683864236032
188484972
35842994
815709842757353472
2825483244
3220582067
700220456
83378112
2999566983
6998002
768507305952509952
819262898589618179
711794834026209280
791370379587686401
1406773280
814223534595698688
799720822680285184
2188863372
154020257
743712222396841985
29420610
3239634309
108347927
373458112
587754383
225103396
2441093262
1378479067
66026773
735623748
796788399646576641
119386763
4205993237
2922351263
1483905013
106809151
4787085622
2863398825
54855457
9557662
14134599
17600277
4795265374
222244502
1325741857
46869914
850387796
289409157
765213340851249153
1379469558
277814940
6011062
144125644
219942796
586930621
777846493311037440
782181735907733505
195100950
74866607
1284890858
780275301880246272
594706879
3301353689
1620680448
2264061799
17127346
725889825941819392
703166227363995648
741197408252637184
245074572
382961967
33116258
772780988233580544
3485317453
794644184
1728687174
167497378
66951315
750852719020220416
436610824
770916575981350913
7910872
14299624
45529639
203007837
248788589
241558567
13933372
57253261
1262501018
264476667
18772401
12576462
744906552071561216
116701683
532483969
108076038
2181401546
21558596
2360693046
520023039
16919350
58943166
175929919
158049357
43765728
65669076
142134426
37283473
81494562
150120676
1952485933
4353332495
742479215199715328
756359476790394880
3151818201
1694661403
40371784
118417882
117534367
14021232
267988806
3343087815
2857363763
104253734
39366100
140702203
46968095
17634200
17093031
9551792
835734906
713633618476797952
745771404461760512
3033959488
222262662
29227503
620393340
41522301
9045022
724965235904372736
3042542153
2581885362
3062898090
173530459
4784317774
156073838
739908644884484096
739422839598501890
1337181582
738077911337603073
62092714
81625928
28420909
731179485089943552
181652206
3438770014
4213737154
84074313
108012472
1245008065
364511203
1603907809
71329477
714874767904530432
715138810942717952
195956504
720958037058592768
2536827889
307650809
724086893026140160
723556353084669952
1710357908
293600088
2303164818
715956302032277505
221614119
138213968
452361502
1141810806
4182823907
20892375
45647671
246535772
2397506197
2578852658
82364810
4901992523
21956411
216953458
45152402
53597492
613162055
2679149100
7897962
748018813
3091998982
14058041
1522488638
3303376845
4290694161
105889762
252661857
8847282
4362546202
4457351788
3098120831
4396949129
4469853013
321087703
49658852
249420353
1413563167
59579159
184290712
610323
3026471236
4282894578
278048466
182244323
19286574
271222563
4105269106
19156739
1249186855
1935614784
451448044
3354674242
2760112610
25966424
3844816942
806043
3809861475
43255451
287816744
2902731929
3489666017
328686317
119610210
2737573033
3084901799
3145357428
3447411322
54576066
92558081
25896539
2623943831
182983482
3412096859
258735990
71369528
292318707
3433198841
219061420
727154954
1040631492
127411303
2492676698
3421994813
510012263
23539437
3406668263
2247210840
164980525
80185886
309830860
246833148
167785706
33460865
87266511
396733564
1377295220
3371104163
317353794
59112742
499185715
309393088
10657062
14700121
187323735
250614356
768506088
122798155
3343058235
41912743
14520505
271753917
3325663659
2198264076
611845399
18887637
723394244
566872242
14850959
865565994
12706022
541173525
3290773103
15261050
62905286
3194732575
3170262737
2515729038
8630002
3239033523
3232416916
78513065
3174714568
98533366
3167395660
3154388387
3145922001
3037060863
3136187414
3127151608
1687315100
43939151
54296117
14066830
408790087
3019133932
2996145813
2849223351
2999597596
123653483
170371048
276364643
2731648903
20072307
28004240
54368344
1308456894
191322083
135022439
2996818065
2520104634
2978577394
404442530
1129478036
2949042711
305057130
316101229
2921964970
76682359
2908083473
2887734933
395772136
2919040464
139751915
2902476519
2710333849
2896434135
51102272
77486213
2873092989
2883476134
12926822
80531841
16665813
2318700838
539716687
272276748
258562435
55397737
27845298
2874921164
22014225
7292672
11455892
201567312
54913
1960487023
137973725
93929597
104788670
300760578
101117271
522277375
381760670
2787399167
8849962
2826943928
446468669
52739234
2802248516
59180990
1003062884
2691291031
69285106
12725692
2736501218
89953005
374334748
1961256132
249353797
2478806167
976895610
1218753409
25554345
1257471288
1219167187
125773891
2469934278
381174451
139967252
1936691288
357004467
74816148
74155291
289086177
1149365359
400178198
142949261
16422908
404427402
34650247
565978024
2526766213
101533225
215387699
77592030
32075605
54643387
2496192290
161339970
365208117
271562958
2536288325
176902896
137838660
2239755078
2462157601
1335870978
1395451746
2493212303
1234767985
2391346988
834424009
88264190
87920683
188596043
102185545
165925232
9546132
2400055094
2184767486
53837782
353272533
1252918400
101965364
302510445
28505336
18136256
2369693702
330558259
2329591376
8560212
48014813
310234660
274087824
169982269
2233773227
255838233
997940280
46431698
49413866
261945986
93544451
177446891
15314520
106682853
58333341
53560219
758144576
1392117810
2199609737
225889930
893974080
73675958
190898528
1138648416
128983252
114729381
2194678501
1864894141
2227595766
46575047
135263919
8330222
284664640
212453787
48253393
548885605
134296976
20915074
16492660
34965351
65410998
133498036
631252642
1449750048
110870881
178333611
185428828
1924760526
14178113
1048455756
569276264
140217612
113489050
1227881971
1666983972
883444772
13608722
1878155688
61944535
332033316
480049567
190921032
144857453
27265631
117296989
941697913
1850166223
1537494776
37265813
47651582
134778201
37994926
617670624
339363632
1563241760
3251581
1694220853
212120916
346186579
139953123
1413549432
1662452185
1661249358
23881396
107113682
167258056
383044810
188495416
16035483
1447522062
1572121542
1549590500
1586246366
62661337
92056708
70147617
734865048
9147112
841832654
29381843
497511506
20514640
141455591
33472982
307183564
711429691
1396354321
1483758774
137761246
123951353
14432773
16264296
330554445
583418465
117864389
15838190
14078749
14576538
1150004413
749908548
1441671440
1202128813
294088744
1425846066
19283007
163092568
729002862
11622592
219564604
52524609
132166839
338255079
1372227793
149957433
1340746345
1330040826
1327092974
340281016
379574156
229083273
51291438
134667959
141281583
162279719
242080565
40008277
1093647073
546192771
274589253
20304872
151961352
88692150
18064963
1222274089
11543542
150373971
216381800
1134935798
1188466130
341910291
5453342
55757727
295445194
329618800
1125974660
1071851
41386190
188809568
59582409
40266370
20987715
46323230
33551479
45907006
263787206
173660365
63046328
281065936
993382862
469691036
9190572
50117426
14157408
18567245
23036557
55982333
14903929
972209336
68177213
153578044
570304295
65644995
594185276
12693832
82433502
934643316
407088755
161006336
214971869
56427800
15690231
352032389
154246333
320890086
162241894
21926369
16656064
442120578
376868912
69731251
62925847
357629650
73276103
109080304
32694101
162616930
15372681
143450958
198633600
22701266
86828323
282876064
714987110
61224244
220028389
6119422
214178910
21095074
64734835
702385790
60920966
153285944
378000978
46891045
132355909
17167788
79311481
180489593
17852940
110899817
11662882
59155007
124300832
331062631
23435745
77625278
95446652
321170511
9056172
16121132
512734189
229680266
181013844
94102228
18458454
281729612
592362335
73783957
300687730
61089768
19000648
138140942
472708804
201859259
161200970
17341514
58025273
14928370
14737385
161598624
17501654
571821906
20891029
9590672
16263960
16511419
7715032
164888221
341709783
135007819
349155883
558873576
58325323
85526751
166176634
14952406
104842461
23469807
19215638
70710592
15685589
521599963
388069951
93056348
76118779
12347562
527883616
519586109
90879684
148056475
18013160
302736599
36252352
500473674
91601683
77303898
486224983
491065226
163580274
129224151
18118599
17470295
65556624
40137644
221087496
252812229
259126602
22388385
130576218
459596182
15311907
172590711
40643519
65090367
277297465
108418798
86848918
260757234
44443848
19537216
418553495
17508247
122377704
57937416
91724543
48936901
14852723
94119810
18988404
54731224
12549842
237898089
382169091
39462470
356228626
258150061
271843544
219547035
129032411
161011281
327360918
80597919
363995852
126632402
52820430
362928813
14280816
31231827
181386334
10253742
14110253
22179056
15245032
205369420
57743423
104657282
17210594
20953990
59830410
14573832
