1068968430
902000072631750657
33159859
1232094228588699655
1002277245522726912
2331747024
981602611
32947331
1437861858
2886975899
1946287333
777513830725390336
21594615
1073388199
60906132
16783214
1174926313234124801
1192930445354254336
1217134710524129280
905074839702167552
1700442746
4622629702
2364032347
2863652331
918545378491949056
268977739
75062236
1133708068657799168
500699511
4127633057
2373537409
1086913643147595776
381552918
76723819
940571280457326597
10287362
1118000859634438144
1116774489096953856
867312279355871234
49358588
802025095
840635809376145409
112406349
1012406670348247040
1176434369579364352
1019935101231206400
15414807
857892205268172800
931148818376265730
4727992288
1173172978735095808
846738062105366529
118747590
758952056224747520
743828779588534272
265029238
834011859418230784
1133741934852358145
52848259
836571141418467328
12480582
1178698290679951360
2726490164
106236526
1109563681656983552
3121835403
17818096
3405598630
4053992213
1050698127932571648
14432519
1541311
22567024
718442981003542534
233251684
2337217035
57459599
164700688
1921056745
1106033347153879041
1908563642
1954460803
267289626
1143465063581474816
105573685
567200458
2852139421
86513270
386701439
1099000195881275393
17989876
1109940137872510976
1605874532
3035362612
367885445
800038688180801536
2811452385
432520346
1088388550243086339
1132954384533524480
23623046
3147458090
791201715425017856
3088837744
3293793898
860034160366432256
1054732250917552135
3435564693
611765751
1010480267885268993
259826721
707835674150490113
8273852
382786618
961309400018440193
935097336220528642
2914605289
1252385028
3131659378
1105569721964023809
843217352065990657
1354448330
804247468745625604
707516130601074688
119375665
309810029
2805741664
3309228695
2803964631
866228933091627008
1459711238
124512591
345838923
522375425
832618647600246785
1549209552
2841271402
11015582
14905766
1598376564
2273095411
1091021697816375297
68851343
69885274
798258448915906560
3010737861
557723910
851719939564216320
351144411
17233
5377942
4189512027
16004228
29699004
2278961311
1079680908716900353
1024607006143983616
848950804518141952
1010955089018748928
1573786453
132712308
1059910309987696640
117346766
6987952
52679509
320217326
736113730191265792
794465981628293121
776579144062799872
549178736
319546011
2881710161
23457581
721726338424578052
1074388995633831941
154095684
4860492721
1068850525393903618
17490090
435770893
218830003
2153873249
707878128643874816
3883497597
288078578
214525266
55572474
875233780180582400
124855309
929746817541201921
856058012930330624
1036987672974315520
61548660
728061559
31730367
437454397
1002957395264499712
75041621
1711281463
14278162
16329057
135270566
2626615537
203825050
102659003
62614844
26467857
15880342
3347689192
198444783
839839438909890561
998138087661342720
2788582668
1034169984849727488
972621599223549953
994655995
14600138
8847692
145429044
6404952
744138866039328772
2471892335
2801571
18264020
957842651310518274
1004989524534091776
864107368203919361
767632775323213824
6038402
2956183796
29416217
1710973753
994923726155153408
45396158
435681893
1652884033
934173373386711043
357916553
351378983
4898244559
62055977
252011726
3762482423
448708743
799250488189485057
961902784957227008
710106109676281857
913331181646729216
91159914
14164711
846257395923931136
216130493
14233770
961318318253727744
910574203274973188
4360440253
757676828664422401
3153617398
19878092
13342392
725455076
1965099246
958271706531008512
716680449939087360
891672795167457280
2169130177
19502369
1453614614
1125735930
907831555955085313
117345550
756497632269336577
2199918469
124165079
3352959635
759132295290843136
16109690
912569022008496128
90649952
33555847
15417945
930794041754750978
2807875771
915491447239053312
22759212
802184455934906368
151818792
3091167697
5871232
342582067
1599089623
1859194130
926368503191531520
2974817823
2527502816
36630982
470225279
750640908329254912
2523165535
9190222
733536950963994624
224631899
13830732
695043
904941060505210880
897889083170672642
6686242
70573445
68312086
900443188611166208
2240590166
824047907108253696
2902069007
22437518
712724734211919873
373542836
830515535515418624
3395672289
756749587566759936
3311664027
51271746
863031
848658576394657792
1718497110
394137353
259716338
2801902244
62757409
302262491
3985725207
808674819151724544
105530526
144174793
15001592
545386924
705467790971551744
111420648
834948983885791232
1332287364
778545626464325632
302505171
825485085508005888
819928370481917956
1229757158
962931625
14055276
2805922348
1958390815
780644089066758144
18136606
120166541
786091940257402880
37776945
170665488
51138534
15181766
778591837154148353
776451378172616704
47900226
484895837
231374928
835494236
105815536
4228951294
751320618902102016
64839451
1095670098
77294800
607918288
23913983
1011157610
14389093
194256981
3303591629
752912333190692864
352332119
4180749677
16592723
14859791
2199230268
23599962
742363989670252545
1329988891
713424466479546369
2987442281
719822939852554240
728346873677885440
243404150
304317040
475950107
1917674971
3362355851
3317679270
130763650
1079198221
4783232834
1163273372
198186524
2297752013
4825329653
425251585
840731233
4842897833
316731443
702437911317364736
105405048
4915689010
2711729874
14304681
1968716382
278545065
217022213
843271712
292492558
80077104
4829487063
2994336675
293395401
309758160
16171013
3379723234
4053376048
4152183969
4133289784
3061656693
42386575
4113939865
4105050568
4103361911
3677193269
330242700
2182687242
7686492
2336945280
146795721
1962184891
403739066
3450152620
17315799
7409472
7362432
1700992040
1028216034
17485333
1347396176
3297560307
16448704
41600685
82355306
242126833
2258900449
2273150478
135210800
804198890
3227966728
1966944074
815135989
14099831
2414532403
3128829567
2406883285
501132767
269982582
83156671
3050311067
153158056
528764013
85119450
976063483
494228041
321992490
246860333
989009834
599562838
161688302
1137911114
3030226989
24156835
2985723909
47369265
245703091
2883111646
472841566
2491151424
66942912
2460952672
2321969412
25300546
2312674797
1464967884
80522740
487656961
180711631
538097725
11341982
2773101050
1098952454
823625732
2318577116
1203988381
875212296
2791578158
9066572
1565623927
700723363
1565403014
70340863
2547686708
239771598
840557450
182768031
416608920
1269163838
2282544230
2578087086
90597692
221510878
47303331
2367552985
2351869285
17038869
2508505369
87419607
5637422
126018468
103785817
39540243
127974893
42613430
1065404058
569381008
179890923
81429866
15175262
555754117
119876466
240722276
838286762
13091942
241732987
405518732
2304681961
117059617
65333172
1006473096
288369058
195457898
17960561
558488674
166971267
1721447174
74435134
2350163684
451393792
8167952
89894871
239093229
196707416
308954366
2297603204
139999000
304513719
80790466
2288595192
408032415
2231260064
314441858
1324964672
150993366
130530714
395953014
18939538
141120082
240029164
728820204
15159154
34570753
1312223208
77436748
308648580
2219566002
49319793
14315861
279223993
8099802
418153771
1366587955
15744896
369689042
91539596
481937787
40667683
1622690198
15233333
373797591
119048849
94848151
143559488
292553291
23921530
283476807
1870597128
69825489
68397531
26035463
14220219
112625544
432665924
139159700
475086460
119972092
90048502
37676258
306176941
85621237
232252864
32167214
839285030
1205380279
556678927
993641882
990562746
504394267
1001743758
443543241
1740241
125190426
96588303
74827982
38254620
19060702
17775715
16894591
495077420
17581976
37907539
99828508
572020117
384409374
560678334
8301552
385611128
186229901
17053971
18846912
16440882
355560941
210566467
16681265
317360287
274691918
142087845
195375727
15941673
174341079
14341711
219642081
101277964
58003527
19021096
21290877
76441551
60854398
10398022
85530560
26541144
18324416
28092871
