1242233061267341312
10871282
3277519554
2102031
1237031334217949185
302609456
1195387230606544897
1240554572063612933
1237767584960974851
252524585
1238969131283742727
1238812293045063680
185601384
1238429516915228674
271082336
1166824473011597318
1214613375520518151
1322362808
107766082
1235461153343582208
5812732
1058336511488352257
1233466644611026944
1234730709094457347
1233859154982375424
962573229763321856
1234397984546226182
1234350347558191105
2520861248
3730027888
964614463633707009
773621768036712448
1231856302017654784
1108668899732717569
962517114
1229909810927341568
1146212631063060481
1230552157167816704
1230250075575767040
151823931
3656036835
312673453
1228232085011218432
1227434163411787777
18636447
1222531297655963648
1224262746855944192
2331867139
1723263961
1573108141
1220681748335538179
449556662
1323921300
1223971965653913605
318088798
256900512
1222641804635447297
1073388199
1222946137818238978
1222065658533380096
1028191184
1222691738009075712
1222078141251846144
1222073362358374401
513644425
1221525747870916610
1204278064038977536
1221376346137427970
1220984676472492032
555026266
1220414702272110593
862946484
827661113156390912
1102665716321472512
1209800660297773062
1219731135749595136
1219382249507958790
14341495
136746119
1218197807875620864
302766658
217027257
1217432736811618305
1209329642731012096
305649942
1214850154756550656
1214562200125353984
2292526496
898144047390482432
1213510040943882240
1178596789953409025
1210942043335188480
1210378925681119232
2878452934
1203870528148144128
1208619983279984640
1198002192684322816
204080785
2417892564
1199608394539159552
245987090
1026849854
2458958276
1201625847595241473
742606658354970624
2166975643
1170522651581792256
908589155516477441
1151504891287760896
1152900021433450498
931207416716206080
1106441876851154946
1206468328929333248
1206369441967202309
1206130231242903552
1206324133304438784
1206110804275290112
903622894336528384
42017596
737510278963691522
1205402544643739648
286445412
750078931865182208
619058300
14072333
313075582
1202065701244153856
3440383275
1181872451527090178
1201409674446286848
15351245
1200383363258802176
270427931
631917278
4668836776
82662142
1097519805513506819
1197586237458198528
1198582226075734017
107888505
1197874696617955328
1197597324404547584
110041036
1161190879194951680
52252269
1195061980006100992
910933704054362112
1093521460969304065
603305844
31676814
1716063343
1181102156239265792
371551191
3114986421
1191057553993719809
9397392
1173756528777682947
1191610104388435974
878977549556215810
1152913348524220416
1169857238611066880
808486321
1213927398
1189858182765699072
1167417658410774529
483181549
1713537295
1188188455374856192
1174412813030150144
1137687072737759232
76719835
1104947679757561856
1188130167387906050
1083080858909708289
1187929350529781760
873956205089218560
307927812
16401904
85586260
56619104
549929016
113522520
61997596
946970465930825728
175949934
1185868079055679493
2616451450
69615427
1183733042696859648
1185311772082876416
1185304380544868352
1184925888032444416
1118775171513450496
1184562918567940098
1176023728012103681
1469451499
473242477
998907841518931968
199298537
1176307880133373952
17962889
862399525
2539186454
68926574
1181973674339028992
1223872520
7409602
419411764
2796513475
24200162
2941096601
1056284814674927622
1180603186547179520
72969319
2776575260
1178723581385232384
1180670862858555392
1132466537082818560
1092552113136259072
951218178
14817331
618889136
1168944617598988291
472776755
930806760272736256
145609779
2383734846
58459892
189214566
44538507
18168924
2833059528
1178981852859834369
1179917133091921921
145977923
1179662218692091904
1168452114735140865
954034410
14558350
1179110273082372096
1116684883148058626
1116200258273456128
1179564362455044098
610735329
45216044
755417982143201280
118704988
103619522
80253571
1178950848778514432
3435679312
991522470715736064
826173108
399192581
170875177
8655552
16509107
1171112415351558144
18552230
1160608087016796163
406609538
287304563
742323487675715584
2488220377
775390236096339968
27225312
430644703
69046550
18169174
261653149
1013880044991762434
1529673594
448900094
14673732
601799475
29209725
769100484607152129
942088223903440898
1068002978097856513
1177297868392214528
93047808
413328309
588087168
79402926
611515886
700364678
1892570695
1174724918677651461
2794432700
69890680
42594888
550058195
272196602
13015762
704882492281589762
2986241296
16739133
20742054
769950379844960256
54665279
2741811760
83211834
23923724
524322199
822448179077517315
1672944528
1175155629305950208
559955222
766977217049993216
99371785
348717012
14788200
77635899
104153886
68721578
4235086276
244645582
279553051
48124894
935323687
9301222
111706327
784390465562947584
1242850645
9617032
2229295439
300879095
14114104
1645366734
222486035
19491279
735888974665879552
36256722
45323449
38433257
554411342
620529570
46904250
125153806
67680366
142694103
23388226
1411171
2748644848
38925672
3367771
7275362
22800221
37839262
826131072245231620
17930897
433116137
16263710
1004403205051215872
100574817
801809576
376833104
2422831693
23883447
843352079397781506
959508132618743808
1939750939
6519492
11816022
1008908993782341632
42471845
229680266
217100497
117495828
271651008
3722513474
22492607
842496006
18449435
58262313
95669941
6902372
451277971
323026103
479071285
209250907
484379371
755603
52859706
54765291
66306882
3502076422
1174193611715600384
470193648
2250640468
884934476
461222812
24540558
152065643
260907949
1034408941642543105
636944846
1064211498065633281
8043722
143603806
42376508
906601541590814722
258530268
253472330
291568391
194545821
32343853
1163115911882125312
2932141270
15432521
13989492
14198592
333130550
781245875884429312
500175852
141105423
701271580509396993
867668542287642624
153975469
1076727106485153792
15755366
703148577753681920
2888811028
14527804
2558895397
797998147234476032
115109422
72588758
42886417
4238868977
60328468
325695408
755874
15005523
179070921
122967815
18920384
2539076280
843473223048200193
41316149
573929399
12602892
1160721194
14896616
20900457
4879324121
449886580
224495725
2995668950
980750935
3302791707
312932654
706421894501629952
11844
334353775
19420634
3387071
383835336
418798874
56596984
588174956
204531932
478573940
7922752
279028976
634384324
374690055
3318518312
732428383
5278491
34854416
376226414
1958800567
1085187508462407680
101442898
14134599
36922606
773919358125039616
390737062
15042565
63999440
2942617451
58147233
1962132122
15647680
957331841555382272
988508985681743874
253269022
2401378934
738740770350436352
240469237
58857189
17484019
627103
169378982
1046113778486706177
463251989
236896242
3013287435
1919080465
27165219
479894950
870401905591291904
131205110
1177664763905613824
48946567
15195072
21863213
1417661000
52477316
1394363983
10316212
297967500
593922066
3580286237
607246840
133852831
168880754
36905338
300228766
108108392
18123965
72838895
1132297546989281280
346712890
862831980177575936
2214554604
55201265
2876345515
105756609
261270761
536965025
23816917
22332147
925075709504249856
8845232
142731803
18769184
3748511176
1177419548166774785
1124325624267640833
1127209968195768320
1176722623738392576
1173518349642412033
1168776048735064064
50599894
995135618416967680
996302783103062017
4093803741
1170766921161236480
1146471312921104387
956392051674894336
1173631112528220160
1155556872293928967
1108516736339451904
1167691890940096513
1162730892160315392
747307818
1172525638936223746
1172477112445521925
135767607
901375758563659777
14329132
1171833290749349890
9463342
1170641399294955521
1170555566604918784
1165435062713634816
3952123887
1169764359012270082
2843195441
1070009831673737216
782879494231232513
1235931
1017414755986706435
20900329
10737182
1160965561637068801
288403392
40465511
59426465
1168842554042773504
1168701500987772928
1168148014873137152
438458915
953443621
1167341923876724736
1110102608193163264
4289247312
1086590312615677953
1166160612059176960
1087982619030155265
711238456253485058
1165313238013218816
1162309573929123840
164404963
1930294830
1159062527965356032
17057728
284192166
889269338410295296
1155812235874197505
1146829907604987904
1102979288725405696
1160636022138515457
1055397765155565568
1160879859645763585
146287709
752988234783789056
1012274243797733376
1160932934477668353
1030111511900053505
1645677168
1160727706922835968
1160476882145595392
917246649369452544
1159999482718633984
1153630414470352898
1159094966125236224
1134409682821554176
1153969103591411712
1158849620652560386
1158624977605804032
1135412644133953536
87914521
1065073781633359872
1150410556375015424
1155883627567362048
1155822071537995778
1083830443294818304
1125127047876153344
2858202879
3387218764
1154777238237253632
816273981036756993
1155379232249397254
2740740119
1155005579305345024
1155091548335423488
1155038750570889222
1152525711695106049
1154363568592183296
1138359787639451648
1154529442091470848
1151222921790144512
1600675922
1150432662458372097
1148257104748134405
1150020732589608960
388362342
98325240
1149339305824989185
1148599241172049927
733208124635684864
40444023
1147944111992795136
2848799595
1121705314473082880
769591718492639232
1146713722682953729
1103259302062669829
1146046829961850880
1134860971456049153
907439099539226624
1129297793003216896
1145657734928510977
1156808526
1137215928482091009
1143861520859836416
1144763733102776324
158872530
1105661513996648449
958841792937578502
1378672238
1138718535843291136
1097583951948976140
1133815635316576256
109950108
226109525
527633518
166533671
235346355
1139819230591950849
822322044108836864
1140228230366027777
1127271998210621440
1139772165849587713
950443418
783165019
12865192
1496609336
984080164714926080
1136620054743830528
836495360415629313
1622701
14155372
1113435694448431105
3987937281
1135256614729080833
3388665549
1135145689825075206
1123385465992830977
19098153
78297904
10300442
3256215039
252000727
44964817
453860214
191899671
784287272808034304
62103665
240589428
1069403098563645440
1133030546047741957
734158943107174400
1132598373016641536
2334331598
15336442
329296001
219802752
76158888
336204190
292140816
8946242
296086972
1316370259
1095617980891836416
1118440542692683776
187977156
1083084588
15830066
230732974
14508371
307690667
17121632
1055158378857549824
20141257
22758709
25146103
719770225
1104814532491444227
476713172
301486837
1072103851875016706
17595642
3118372523
3740766795
2694452875
395203909
214313866
1107728207338307584
62703
15875930
50915839
369672733
258072088
263084904
2497029590
847417159814754305
394592011
303476998
37395368
882982014927941632
538412503
1106141693638782977
89653020
2491807778
34620550
33173981
251814073
2793638251
53778064
805981402143465473
877616433609318400
1099963638041976832
418588499
3335731978
4656277641
1095598611767926784
745582409257713665
151284278
107697697
2728579706
12550872
17786266
1045819631859118080
113319502
953675558826708993
1009041888031268865
161057733
301062840
519462929
109699402
44058892
1072501233968123910
1085391621057855494
1618994467
1066790545119502337
60475482
138094971
52302477
6068182
715539097654280193
119819705
1080440554650042370
701267041265778688
377851905
20740019
1077623138127474689
318029603
258697328
277948246
1004599689885319169
2246308860
307397715
10720602
192098815
1067691057863958529
14352807
133729814
932898811625836545
2355665275
2810147705
743292799286534144
1059036346264813569
242868262
27112513
49408891
1049532061
583740675
64668800
1056003633563619330
62470959
137885308
424099728
235712360
2707431362
1438814024
1056319526
1365482233
2302878367
474149789
1854306732
4203314843
245191224
256934747
892107690075443200
1045986072361136129
900725658409631745
106411489
2351572104
628717092
999853017926111232
899983925493280769
1044789780305899520
4111874585
733325221315416064
22808453
457799414
1928091878
1407360979
349082490
197509091
2490461
12706022
405049811
2597738365
3189001238
211775434
1209499525
259716070
28478094
556162290
15300519
2789291
22734427
851375599402729477
1053662022
269989805
1003616379264741376
253449166
2221693838
2821386995
56506824
833815529576083457
421769284
1002168714198966275
274890874
374764289
148230273
1453436323
870134136
243609420
478927736
781513024746221568
201205152
93663418
95177547
282621799
241818213
4481580021
857810257
800884152119787520
134447383
455188883
182618465
901773635962195968
256058386
137477017
3619611978
3055688693
103140974
354905980
189542642
3130742141
11111732
2999960406
406747469
315953117
196581588
335867699
396756265
251306455
4764139359
441637741
539879851
4076168722
105872549
153900004
18980755
71088492
92261547
1101694530
2674921
184516427
134177313
98717488
43900459
902972375465066496
4572975616
15782703
845961964249649154
2595744403
2756479056
3804659063
69819418
20688355
100305873
3147630821
106997697
15475461
983039046820573185
637071305
520599240
3028180542
18345161
102626378
972395886377660417
3089375553
1922962333
249086336
359934608
130508197
2836738801
303469041
29785823
1219800504
2694190178
1029222468
585629969
840612089626468353
326046761
495859438
377238242
7056162
330572456
532517100
239579651
372411705
301517357
32513171
949949155496968193
89907482
3296854501
2343436488
390265076
2896293659
232975314
1168518632
2876183963
374609100
198800990
11208452
2357032105
16088415
716223158320308225
23149163
138966937
872449766931800064
735458611338567681
23061561
730692462382055424
3198478486
396817778
917644224140578816
2563274397
82172798
881839630336884737
935828191347867648
965328174728048640
202811224
119529050
218754193
14452322
952180099947945984
49977858
955932082747867136
398059631
760751633051549701
763959067
246781882
2527868502
15748927
38912098
984795067
823848359127642112
27842884
312571490
431800410
960846169088851968
14262678
1339266476
22651735
2835936441
4295115447
957183726492028928
830567844597346304
949713478725570560
988465844
302486949
21882051
16003922
28321091
3167301
16130949
2910652490
959127998409699328
602883407
955399354189139968
18395818
443221613
204236675
216072449
52722878
2267192342
776358986643869698
942693743710392320
746201366159228928
4527152596
3415311
1853754403
843902677
304262217
57338936
572804655
2884822265
2841044344
388708162
2152784160
857919806070284288
176852079
109729548
934358642245152768
942544632898080768
327664137
116431462
306366600
540757324
533301339
909535311134384128
2499235068
923105089971281920
2784123889
18726488
866527082
278959636
1522666332
3369160103
227184139
271887936
914852697710497792
837264773972545536
423295003
209640538
912788064082255873
591029527
20797734
55520030
788294431317364736
110244676
157702526
241612740
767554442648363008
875349400930983937
21426120
12193532
838846318084780035
3373812033
797473573682155520
8159372
394966960
885337954717249536
294566196
1904755878
235229693
881086530995056642
4275335782
2413587966
243331145
273328149
3141643179
3959104678
398660364
139675913
14377082
881785560280559616
311642543
78128418
93648935
262543401
22753503
252907811
284279425
2835280714
852657144138784769
17085813
2867842059
352439277
248274859
29290365
177788470
120282935
770342177486536704
7861842
16876237
132512187
1358397451
17777882
4867168439
38458894
4910745194
113907530
2623269305
116851655
801743
351423157
2324956603
87799822
864671632207609860
1974233137
3302213164
148540304
82363
859110129031159808
21888259
1683356204
37636497
843926845057769473
2437541312
851805230450839553
524443855
9723932
1481010043
803273865313062912
40829038
70755514
49024564
6977702
839118773063991297
144106781
32347444
2398434078
15299086
18631179
18305305
271063285
340824070
16947186
393297795
2605962781
622718983
71762380
14707949
14739250
14306330
16385118
15373404
835455408
828688517962276864
829896551099031553
7340612
216735143
64244883
1174981698
1401507799
63688852
828361853021646849
19264632
785548547362004994
325686439
827540844190244864
14927822
372855203
769004223564361729
59819783
720370182095437824
729253244
822444234091483142
567577341
195287425
461528435
118496015
811319671697928192
766264133889187840
243227030
460317459
540229847
413265700
2987122085
785518320334299140
950510749
20504878
798921171521576960
171033390
97188033
795941001131163649
2948479996
4756744061
108111812
187051342
3222410820
7636002
773422958979219456
6414102
2889353031
785749739622899712
737105405906542592
17698732
780098197196800005
4028220194
69827405
180724509
4697640096
446422235
99067618
87361720
734420679437778944
119094084
392358677
303303648
1192961216
66382080
260405644
34933917
1546261020
278689038
113587196
44737584
2807841
479454024
52130716
95953649
39789321
14278166
47931955
191435762
511925335
236577675
269748593
305569323
252500135
145593471
239708660
139574052
71275064
301470126
498782743
2857471486
751370899
2926828588
38484618
467537917
2834371301
373246814
786041
300980950
367089244
705694059692736512
960670556
161428879
720024242474127360
739119752925319168
731807094152802304
2871046097
119641678
2591941392
2200114051
3141057127
123470488
117989422
462963458
731852018512461826
597572114
81552743
60437684
103257336
494839482
280477264
712396519538823168
702231457553584130
223837188
578206288
425692636
373448503
2785484123
718910384158208000
441877427
3901673715
29135599
13216972
3595439354
21942747
713208760102100992
710108049613135872
2875149780
696400514045583360
4923962308
701805597465964544
1932119924
146059483
428272316
372325073
4631695707
2604213782
4893301211
932515092
216431305
589077989
3497342836
12486322
173620082
4219909204
14080003
6147682
16821279
3841172777
96606459
2609024774
372806711
3586160236
102886331
156275546
4494533189
166660272
99754410
3404825115
360935984
3024946960
85129926
478624170
40208461
168502031
19543146
59925390
25435149
8314612
19194899
15751375
1107145500
261665936
231734854
3222494029
3150785030
2806482400
157586439
1877714197
18983767
4361460321
4360657757
3761611220
4277927729
15206048
3294608632
2455382135
3198302627
14413201
993824892
9851262
4059767356
3434541
54835129
3694070123
553518666
192551928
793351
203632747
19587559
756289
109813372
14421746
78892239
505624877
138497820
112466121
1074912314
167834656
15200482
265267972
3906786736
878023915
637082826
3833774183
2936083261
29452869
247038410
309309468
2590383199
43101690
20572139
2385038708
358364730
705266455
3544379181
3638154315
3048142305
14157964
3333334342
52104057
1519301756
16611706
2331067632
1868616372
259704449
2615043188
553635572
3493214423
3331388607
3394906573
1920498750
1595627288
3438752914
1247506513
15821028
2772535059
2826062016
3051116948
521536571
3409173261
3365618279
3306962820
67022905
805165166
260340385
438443721
2291131110
823083
15662351
109542883
14656222
37109824
18050416
15318832
26510538
14610444
893809826
12691112
3365464481
338259207
2609981514
1552901424
196492131
6623972
16383942
44992826
189270549
393959280
601848129
3334939605
2426665987
616827840
1158152426
14302602
905975738
367447300
300168723
507825665
224722135
266794342
192301091
8245202
345655327
14258454
143137444
19743274
17046868
2903976120
40887122
3291001769
1940267623
270900358
50504510
74521316
3234465447
253587073
13027382
300424022
209075024
546008424
185959892
24253645
3131149702
277095404
2925873089
215803994
135810722
205460960
2999436887
3151856883
385313576
284984553
2257886941
14495034
3138046308
127518057
2561582418
1628848939
129919072
353658971
13216712
373001868
3010378855
2208778194
50671792
307493070
47158160
15144620
784823
213248607
296925644
102967542
58425835
372742337
61864003
532586273
76460991
124170715
104427626
1974863641
4339141
10191332
157903495
2331600858
3038900651
2199842281
426267558
3033290674
69496707
147934889
2965893784
192409488
1208675047
1898305189
375644711
36919698
781280
813968910
297435606
2956473809
34515613
418259768
56352296
222743225
2544396211
1569748172
337066170
1389972882
96075778
487357501
41445632
2966275858
91784259
2810911141
395397768
2806208702
247774975
125418319
260672276
2841111
2857561919
415836270
176141071
1575748231
2209441938
2899549360
42203928
802163420
135258348
85581894
134889077
1603546050
86967199
436156090
583956371
1225775714
51459990
190681215
414161930
484264717
1102079036
2885457981
300972305
1638958946
154837348
2801587172
44900235
2846455025
51164584
14468365
1500811394
577413594
1873411178
186790931
813672
250535644
2889747026
117058330
15482338
2566421
2816598787
846342602
14627431
2848123005
58291812
2844667567
2875104685
54018936
101280438
219362586
705221179
1693776260
494837228
1879321580
2396255567
3076721
471641667
2789756873
55504566
49921739
60653915
2782765875
368847580
41491022
904044620
2783037042
107471115
752569086
1437480308
608232455
262713186
942350119
48719921
15808577
2955131
195047612
14756082
882660512
59160271
95082328
200278362
41486415
138028585
2429386357
14372621
18504191
2575485504
15287607
12776922
281616765
428058083
14602130
11439542
1497563707
14295922
752133
199298441
499175832
302561311
1558848120
325967519
462798236
194324277
341754510
2596372682
2462165542
250361993
2596205203
2653056849
291743401
464614440
54361636
21926182
553676315
105884106
97482220
111527325
702221466
4411041
2582093204
92120874
16058280
188329093
14500733
351518062
18797311
56919266
1394934398
1361605428
199596117
2439433039
1106386039
8180052
843508981
396781216
118031998
914842765
140517747
29426003
242714433
2414913871
385900315
838067635
2494015921
15040566
334955469
18902263
14917418
33673
271318549
8850022
1057665338
328739696
25493924
2180029542
54927366
1849341866
2365274938
2209945405
158340185
593066146
2485336275
14509080
458273748
15079464
16337124
20380132
2467930643
26288129
1617272850
2423532368
318320659
55584665
14100029
368277139
2424534413
17940017
133384903
36324059
43510770
1965370603
66327245
6230612
257083047
789362012
818181169
2326749248
2282633564
2361141498
16902468
2271060972
302661166
17441302
49413866
199247631
1359064800
1644658242
937631534
22129491
67873788
268315853
211949942
280130288
1514539508
1899557148
112553034
10048652
40353857
48633201
414375259
18593441
46417934
437707118
87717624
356435870
203695989
52210899
367935950
2294248922
16126010
1326975684
577055353
1690197438
147931815
447157676
147932280
66198980
231129831
239946326
1244410608
958041576
19947842
39465780
925757330
464017872
236050524
16255019
310776085
148337295
831048998
139742086
365153575
288795223
2217387641
2175689126
2255241078
174868293
86961508
595353431
500956058
137823996
14345164
2584011
563363416
82952699
104295536
902617508
2208209468
562980429
81633206
15297381
172825698
191472712
589199213
115375962
405482269
273684909
76013499
2169134766
99078866
340474672
29953547
2147567872
2175994536
15579477
15376576
1600646870
719774079
139702054
1954525111
237835096
298988021
14837925
542030132
1628431376
1931109078
1905000438
1923710378
15643888
1077793441
472994629
245706307
1878826886
198888411
262781315
1874658180
1871679078
1561353828
312202792
486448231
598604934
360518298
831032556
16361971
191072858
147935622
1567498476
117808459
2113351
138340344
1676341795
886328054
542477003
928030034
1722490308
1722074604
137093893
373000071
199446444
117571978
28667962
11234042
629521707
2898111
201830695
11914842
1712959976
248836595
14981777
17494391
6440602
37156501
408424191
547207522
16729338
177817784
450842550
487623589
14433588
1626947185
298653575
1525249711
133293322
589384842
1586255240
330354819
369023939
616583390
1409190350
108538079
1488479460
1324265612
1484816864
133237327
1526262235
1251416047
956021904
1434433562
394912313
1006919953
299893696
1373089670
386069426
967120428
417435692
17833535
25253403
111611242
47616071
1283700433
1359886746
332146131
37587198
212825176
986601
132633030
73848782
1098110798
134706910
78363490
108127629
1410873541
94315597
382170781
53953493
1383944168
504752575
41623638
1197792721
78659477
260356521
479666618
773576383
1338869360
950001690
17247842
88630666
7224572
189181665
1323576648
34698700
467414999
1313333725
14372823
14408286
6991412
14480383
15944524
7822002
14849593
240443840
277162882
6484062
1514211
223428534
9652982
190024100
224618177
257660069
304073347
400217492
177191711
484080680
111619857
19058557
21319138
15190057
14433552
1131175933
829625700
147933187
115759570
224375032
306375773
989510983
89695199
488894635
93950513
433376042
226527346
583814681
628746897
1192097443
56095820
233213210
434043368
799936670
150972036
382128676
1171236109
1169966971
51164205
370734589
1153845576
191537244
103549232
28067879
47735734
90125298
242256900
63492498
295712391
1125548437
416909756
862729148
282186807
1129140685
1136507082
762552720
336578195
147207931
307785737
381836804
15704940
40655158
85542586
301102069
17623366
390070248
148419662
228405884
914826391
1003713625
66001575
225548131
193553265
212669117
107694552
595384734
18847339
299952246
1001501100
9429482
219225755
18513495
410970457
208223694
465948654
731573
14978408
127474427
142548107
15581204
14706299
281676389
891332370
303641099
379847541
14146149
38392755
15242449
19283007
411482185
980534358
285001923
300780036
40715761
219005680
963068282
559486029
59497345
731501923
556678543
870541
414830829
369123595
330875015
14911927
192149522
248151279
603849898
67419642
901818732
921482892
13348402
162581017
267052626
72568349
109224010
116682842
28064947
119666649
921979664
806954299
553557115
324822417
302512200
320667815
187986216
247777343
843261476
87906268
561452036
349187862
38619115
169913502
200513525
88108732
24505737
55039148
118480977
27877257
301565543
16237259
624463684
248644383
312316760
240313645
27108482
19868452
370193673
322776248
294787734
164312572
279122960
295883518
174243284
19876314
106385010
833983026
22672405
130580661
17911245
194125300
24598682
250620596
752412019
17050080
839144408
101881087
407252201
6896772
105820303
542413655
93235699
17988653
42229232
458374839
6176052
562231820
120549147
634555617
237630206
125276908
381980533
190008320
10887552
19583492
554011643
15824279
12040212
1773531
442210660
81382187
9123032
738371862
590851373
31465017
35950442
121804769
9383442
23430540
701334584
374550692
6855602
43189395
35230061
688563
374706058
27214680
66930135
7499932
81427998
23367154
260197630
16842651
394905137
90003482
154363472
58480583
612700857
8076502
148737979
233251904
61161340
205690553
40009995
17988749
205560908
16228181
9556982
189692512
496906165
157071141
13206522
14297266
108005731
587563890
7993732
2844701
474798297
604463998
364768554
17275384
385159465
90702460
83793339
138438431
14085869
299149410
251637701
1146701
58799366
252689496
285510712
84088687
455051628
11986612
46092200
14495996
85604250
592754944
556782513
561765310
156204739
588776532
589209762
15352541
124850509
485007811
569901283
26210897
14394279
10603192
132146028
293536188
572583742
268747091
234708616
61521621
89280349
144635452
66116319
120726522
578903154
567413325
551249052
21523455
574295276
576221949
525169625
471796451
83688249
575226727
195100950
574124625
228824732
572875657
18022802
570938804
256503284
147597900
388846562
529794367
10219602
568284944
562251194
303143942
568078806
564802170
15438934
66345916
224419547
548634963
303890032
302790019
365761759
132497377
14532334
14454351
561014834
560279982
304525684
39997583
203825050
87077371
306802570
558379564
11488672
389676760
557877006
121903463
14273540
89992632
538075430
280550864
172112845
195805702
46933876
113916034
533124118
114015989
552093180
548111244
17161645
267348952
551153057
374649353
20720688
550411445
209952352
315301014
243585004
95180694
392676355
7855032
15811974
534641646
546455883
546054901
118365649
123909753
3837721
16013135
300140718
155551180
100775436
13512962
396530768
537179125
104200308
229121562
14273014
267407906
330445152
236123479
275989471
5364392
63674300
307290582
169044691
40266370
182583572
193639761
15354379
532999313
533086416
13970952
422874297
6067212
496244904
326021870
14638297
5478962
317122029
518878474
155212247
519883662
517910457
315150555
48145544
252065937
254609285
33191038
362569891
137005494
18770094
188669876
439712297
7734362
482400082
358033412
300747377
46968754
300449961
243380895
358280685
169209802
58148168
16187138
17627159
501936274
500602575
499183843
51698738
97030663
447912234
392566641
240787906
14206243
228780924
30077945
136301248
11200752
469217845
176486127
17186836
724683
236914869
164496087
191040449
418984026
484777014
366766204
482344510
259223057
424884714
374061161
453092321
6521542
473207387
188082229
472598285
473353678
466596114
273421080
469708860
189522284
385475775
5691832
221905505
181230075
459346329
18393413
246229685
411067822
49471971
14964626
130756516
347944457
110111046
55498222
43145603
180532090
9600002
325451810
19401070
14665571
284149103
265891927
743513
216495225
83376902
378457469
369780498
6446432
8472632
278711258
455274367
17117015
43357303
13688712
421223508
44096188
48050980
91370166
450603645
179694639
8543352
452823718
361130234
297048373
131275535
14291056
451538372
15018583
40644698
14757178
68691039
42874218
199088732
28304456
87645691
154497953
33338722
83799669
10538322
407910077
75626655
14180784
8956122
70758849
2632531
15009523
183266782
450938667
17676279
414827527
122025571
15375279
6183312
259126602
63485371
306143884
189632944
49578916
50233125
3365101
35525895
139803642
16283820
288426731
68833161
69094894
15791278
303188015
315751246
233281305
187495266
270360314
281696201
356524215
235508503
138476446
150947743
13386272
275646140
97419333
16102751
171000280
320691765
128258726
183706311
7988912
436142174
417107159
175383911
16695645
47402166
421053948
25656873
426620409
81402064
9648722
421736126
237288477
145972573
426301167
245780965
7730092
63801144
66428054
412029031
416551726
156103950
234912767
418258847
11419202
169887721
11063152
169962449
422262049
57719614
74766127
171101988
412233537
347247764
412915052
284680961
377322205
410196320
297629304
165364668
13830802
198176586
189058008
104250408
260785284
21304217
239980768
17653466
15806338
106821715
203705792
398594222
11366122
26672104
163080649
130725642
6140222
57693050
284607238
188328880
2230201
394086917
71603042
44320986
366440748
299508187
60546258
203593854
17779376
113664506
270033473
368230942
387612077
335965862
9188432
160609112
383139689
14797767
361512538
246994968
69559777
15351129
20761767
16011611
335783328
374456506
261781812
131490005
14266802
221932418
205840191
364701530
5959632
11408192
7603802
8642192
35451458
46333764
191058283
271829557
9473582
200620576
823057
359811379
331561293
320330412
347370955
319117831
362606230
253302823
47359208
247152703
306837605
299605469
185434303
253569236
344913974
338255079
67862854
339619111
144775504
96977114
226091574
225458182
14001202
2176291
56637200
28335066
328428297
329037075
330858254
322405714
197503296
94054446
23051439
308587937
208794216
203666800
95900734
319546434
310849258
285229831
30480294
14186491
272292426
47927725
50798522
154636945
90349510
309282451
75008424
65340541
297605439
314471789
16816562
306094376
295551589
14337718
229139871
58693
14431068
302504018
13977352
309240576
96802237
32969445
76908741
308178863
59521290
35401737
258523530
306249211
189628977
301151102
283122417
211170850
207941939
17499206
48669213
14455307
14629247
18446431
232395526
14620824
302573205
18194260
20759539
302490801
302468413
243988355
302314949
270059237
301379496
17083328
47581293
23519689
34931580
192965014
103285818
1001771
169821486
22925784
278163149
253008053
241022911
78255624
5521342
222859434
265562143
301074340
57912382
184861158
222575552
34983676
17892734
266802098
71501126
296979175
6661672
14559475
300507584
300802072
11401372
153514520
47645011
64675422
214673497
294687765
44607461
133549201
37883400
297124726
213423192
204867697
187593476
183693397
25826270
39078157
1289501
35480805
193772656
292518772
260307785
145377528
212284912
130876069
14960548
171012178
2652331
95232591
96675449
3547111
6543162
78609496
5927152
41173494
1079071
144590244
8102842
18060813
11403102
21361741
89507719
277569123
93853284
260663763
276645283
261953166
78353612
9996762
274141940
9810192
20749408
8429042
269765959
62983
2652711
264818797
244990691
217598332
247441977
246170623
265518392
1479861
8079492
142593853
251555334
137324100
88979478
12512802
267327738
131182801
85904602
265912951
18027432
74982230
264292814
116185079
263096676
242678628
52229571
22398002
262203496
6721022
231434706
259214961
214388525
258492720
259196695
236879807
17508247
9769712
252028817
255933629
89410654
189053060
1915541
14535965
7535062
2280391
254149815
57910490
196591205
229104969
123002473
108266386
101932094
5549942
32887685
99960208
243231471
179857086
16566390
231913034
13872802
29454614
237891373
219604646
130755158
161117576
204965517
176453335
103949787
21248423
213234241
122189487
78588029
12579252
14838537
19973515
84115753
15106711
15229536
8783992
35714369
163779300
190194769
168427198
236815789
15078116
91106214
160302915
15162997
235518525
1550531
196257327
14261556
5403232
123507513
89156916
81073719
8326652
5751222
23330435
113105397
180897132
230254575
219225854
6948072
221855673
16947387
14882732
72223334
780336
76424404
116381940
14542419
19105768
106770944
3352981
222626964
3017961
56724478
37665843
29625754
11483312
166964036
14884019
53873400
161383591
9312802
106682853
8692942
168442101
108047519
180294329
91342034
12342812
3888061
193269778
164602009
217386990
54838599
199271509
62625508
192589273
194157901
216292564
201670103
16563584
214016168
6485142
174267583
188300159
90909480
212584032
192542785
207636233
7346652
779977
23627590
80272953
67039063
115516167
209059098
18504128
6623182
96728062
24736210
15838120
204136396
93207979
16998308
26915611
84587973
3408521
124735800
193348877
113596723
13173592
11268142
135094026
18941339
180394925
41999137
24384795
14268382
14197530
10162502
14323912
60839007
90259248
114393647
106377667
191872397
179538855
15029176
112217217
17789059
42851073
1474021
25047461
30030540
21385774
101528978
89404966
14433595
17735070
18131600
19014676
22417130
1091241
7162442
64829272
127782922
9091262
9381862
62963
104618592
20638656
164628863
90736168
55271283
140776795
10079532
139282584
30679931
18869136
11305842
156705052
617383
112391988
16633290
151016927
148906357
26761352
784165
10368692
15799374
146933248
10656282
14957582
114397615
138773953
11563082
14397595
736563
138795391
138813017
138795548
138774907
138774174
138774205
18045610
137064045
14597359
15414339
16558988
12679112
15168355
92067884
14079548
9385792
129421450
4628161
6055022
54534102
88537288
41877834
17068654
103879980
119846815
16032506
12350882
19525954
2423291
14815775
18798993
6417242
33471542
14715752
15308334
29497240
14000392
20973716
64762538
14821718
16476943
