1239256691063115776
1025386845952192512
24678529
1223568834
1206641395496300544
256900512
110198955
596665346
17309461
1197478888777101312
133451038
497207490
1188922915544358914
865461828
86916604
1155125592666378243
842319749497393152
226947323
961199199168729088
307828854
1039772071151259648
2296150861
377324916
175388536
65269907
2687418098
709838144737288193
2545945409
1169848770
1157322235
32125485
2712819092
62791065
163736365
61881765
869928364743827456
24856352
913730453131153410
354220709
912313937756065792
3680118432
867785606717460480
869506602117865474
346512513
4775963565
34262341
853262537114234880
854383796
798851878758936576
81649595
836175171329404928
741725680023506944
825006157555179522
824337166318891009
819911161973981184
768537800450854912
1481883012
817769521113088001
93620275
806887540213039107
299306545
53479654
1508524327
3291283608
1229333545
707197034353332224
784056755349258240
1365500844
777818802943918080
751765653900685312
64957907
30702783
592988806
775388341084758016
4775007869
143861262
768610077045428224
16926770
284086114
87403396
755305665661394944
1048463504
116846543
28537513
48285147
543660547
740461731546333184
4250451274
1472999618
140070459
19364242
2532706674
3304847073
841763599
1329369750
731596811044048901
4133426687
74433562
3135874748
570774089
140869994
459259726
4834170580
3281583292
720217322
27420687
95444678
1629323412
21360280
4989651
4733512679
4204473928
19078952
4554734317
3121569094
20224563
2892358760
2436064230
20427673
297594936
4228845323
4189082319
448482722
4137308609
172264312
4081944196
15649735
3971535916
3884643073
3653691922
24509722
3193001701
896759827
91089157
3119076662
155633476
3758552355
391975785
3732194842
48516997
539903754
3429933754
2932081626
1942764134
3417010900
27093960
2414698088
128581034
17762457
396782409
1111687412
3320929018
2927711544
57873751
2865407992
86683266
281399939
61700430
37513493
2470832275
2601408504
3086859399
516417873
179625647
18722691
432912137
1583273208
116712583
2990020486
2980903750
2976833191
256186398
1638564996
2935457403
143953099
322246526
2894653926
2903071910
2876345507
1471447807
2839870209
2243714815
59814418
484214624
2831296311
2829557212
5442392
2783179425
2823080484
2422206386
8414772
2760947865
1448275111
932692861
1525453159
927411726
2733419562
2730647307
236333547
2479540314
111906045
424533908
2576291946
47278394
135971727
467377796
77460077
412162711
581700607
138124214
2525097211
253514218
55516821
291953850
342662293
13047322
394229601
620891394
52517600
138322296
1978293096
633448100
17402390
194519819
2502671590
460989507
543673560
2425567584
382623011
8485072
2364349130
2360741694
428929268
58838369
323371032
2301890132
106576643
134351581
75345828
499886354
311573623
222095731
797840
259307688
192122793
194102524
2176034312
33626659
1024516226
97487983
84273114
1883924658
485594859
549055897
1657016202
733475328
16401322
555888108
16141969
294016000
217098144
1013315827
42003225
564629340
707294118
54173552
19225984
333427750
631003189
27895777
1318756519
1334387436
1025308039
262138600
6068172
167331686
73160720
239917977
148030962
348048442
255665426
369137809
318669307
754832928
93140318
53046597
551711040
413875129
63802226
99904779
1006702502
408392652
485380204
39734991
16353158
156573146
347982162
297381122
398590984
87402769
732405660
568420050
342572751
3332271
14837300
237819619
931543526
47891027
16200834
937653115
556886414
140189793
815603124
54564996
193027242
59718113
432382117
700129740
636543141
355493448
163232628
626481014
625971076
618116700
260825765
187996604
574581881
126643248
16527332
257855002
585042784
574849203
40966959
90131633
36627548
499749605
229822193
115168965
153388091
154262713
17258122
93036173
369376469
515655797
294515090
325836225
179966461
155260668
197399777
103815055
38894115
483043065
9676412
46357199
24256941
126603069
394205117
14477725
329825554
223176596
11428392
100051425
457294797
305872183
464541727
466706863
135973055
306027831
244258183
323070185
90587587
446875144
246418144
373913599
104783858
113277804
101461303
22389670
90836268
41636599
13445742
15822191
435072228
268847164
16864488
423663164
296242671
395831844
246609953
76158324
20902046
72102866
23800814
118194008
213888126
23496549
381482050
356631528
102053249
294082182
288829570
326853792
7612022
14845363
187985749
14125499
3366641
151032853
151221942
51861460
188687691
708533
80943908
198602188
15006897
232950248
226517583
180853131
131917943
29700536
25051377
17093617
14218239
192822129
187844935
15468594
14617335
187897987
160130280
68968570
82708793
153157700
104464556
85321557
83792683
81506013
82731001
81503403
80008051
20641633
71085781
74415963
71253701
52487771
67022988
64671715
39022479
41151280
12986412
5524062
38286447
793772
39721370
39705530
14230524
37681350
35810826
37910939
30181017
24555185
29196303
14074741
28523250
15243880
