110244676
1239266125105500161
923506816948015105
4140058581
29584571
177135713
27794232
959127998409699328
1229879368018690049
987539148
603230984
831754848
968472942031134720
19161448
1133337944012599296
5574792
2580846073
1131195510
1171790856853962754
96830052
413898659
7516232
17628591
18326200
110198955
256900512
23081953
1142047961779724288
2856932848
872449766931800064
34698700
942544632898080768
1157972928354488320
1073388199
274632397
631138626
359188534
10340432
314721769
18877255
897893527182467072
9147682
14387478
376640677
705330458842701824
1339481418
3937914677
10191332
29959495
1190995772852068355
1187113216800952323
303366979
60760075
61385490
732227203929374720
212475110
2504510244
3503323095
1209406800
182744327
1012308064136024064
59790791
7037732
15656207
1156835698101628929
2608061
195975930
543889573
1371921
1392959546
42232950
9463342
983917611149938688
38151278
358130134
55957641
955397748580372480
1157806436216389633
1050218648290365441
3458424449
125942506
1141410876089499649
202087082
920536633119670273
45492252
25102798
2906219071
113034556
3312525908
739807056765411328
2356418540
484889234
327408161
113587789
3181879279
2263899199
1099006479334424576
717324203137961984
1034101387943137281
1078395334336774145
142566574
17735070
992609726042173440
1150803409773182977
168703570
1108547215897886720
1121854799144738816
54514761
3257078984
1140688981920800768
14065217
1138912587339444231
20090653
581845586
1141283357868867586
1055614100
95543460
3193756429
1140751135990538240
1020091313394503687
2791642756
35559392
1129020734033059841
1130491406500421636
2806000111
2789208758
1138092945654128640
1017472666519965696
2877155838
1389142340
1096820163553447937
1135180545489588227
54295782
956516061238714368
1132948623573028864
872535841641345025
27875662
241303889
8925602
10287682
209633754
4300291157
1127272247322869760
125356138
71762380
180012200
4850302216
1494301807
374540142
744058544455057408
901773635962195968
1107409176169336832
1107728207338307584
1107394435397156865
913494466568359937
195062040
3315324666
751415508709175296
82363
15926485
526485204
3900665423
2175647936
974069125499600896
828964462531051520
1090882668303126529
2173741783
50112336
946112067035070464
215818100
94574135
14570063
41597915
2732754859
428058083
821309471557296128
199013671
2192450400
253449166
20328380
10636032
177788470
216735143
85367596
27093292
22080672
303405041
4166801445
855552702822133761
711928803224920064
10313032
456992870
2971585923
14198865
733935323084955649
787841943128637440
199664730
887456948110708736
1624141777
289257757
1209499525
124595912
781186153231880192
139544417
7766532
17486808
14923009
774575
1459396506
10909432
623734661
1061967696764551170
954378346644701184
332681505
893318809074794497
1072419565890650113
1060211486147014656
139427192
856700914589028352
20675681
214887244
603802965
429874674
176874643
2886361155
15049696
128166292
4763701
64306899
16065205
43264869
5812732
4881887073
3422140049
1052638671168569344
716493889
24916485
83874211
77908845
818285013359702017
1041847278246477824
1044789780305899520
9233842
1037514022403358721
1041171061532835840
3115454990
877273271183585280
1022546001117237249
1038034014987272192
1038416926270255104
968820261557559297
14446089
1029515381738745856
112510597
700011451142934528
409446263
1026068611813789697
222779811
52689509
1018217430924001281
39360790
1390480182
1018212723472072704
2831699765
892149080
12834372
2789291
19750672
623554062
804379542
5954192
864369849467715584
246260158
150742574
151161511
1001600230993772544
1670684941
314063188
11385712
55324161
13805382
2236823090
4030760653
214435804
28514988
993515183627751425
3300497135
963361056805588993
362380525
228119630
859075032982712321
853008431443316736
5473922
861635704467722241
3013478586
14165324
867925695607046144
51987505
15723022
125070713
745367424606756866
18582473
588572744
963074188146806785
1376357875
600297900
51529520
3162073465
2795187999
722518914228334593
147948244
840483941870104576
2776345339
1497079207
14695816
36954785
853504435892346880
17850785
2888702530
971088259509112835
1489107972
18140672
965944542741614593
70814014
315691472
137885308
2955262611
3167301
3761611220
958828283126104064
3198451018
27975465
860851604731424768
159077651
328428297
2939090949
381407180
62123234
913724698810306560
9723932
5737
2184657231
321233590
949993528968601600
267227104
2909382763
1034747341
160071790
24836750
8870242
278884622
735461490258522112
15694469
38291612
210751313
33448738
258210087
726936681543147520
7978932
919920607675871233
927533015869276163
1662772560
924117414844833793
201262607
913420794197397504
917232616167956480
10206972
920006079320412160
864139574800523265
4919972024
907165173860978689
788198126758666240
48843
910837934013771776
905180649824280576
715639899324608517
3351479188
209964436
908756763389947904
1477019234
2571138750
34019494
827174531445960704
69101788
8660312
812518458239893504
753777289431625728
4136815513
2865973644
3282885931
1115374579
21211921
13459532
21936691
101413864
340971729
796548803075575808
11101332
20437080
163088906
887355210670026752
587094431
61146940
2330138030
14341451
2196367364
3236799348
797868
1175119248
21334878
3355760473
867456511202787328
854589546721406976
867663780834033664
15954329
850864540250251264
3121925125
14128892
283335371
15948159
296854671
14240511
819356413608591360
14687806
859872127041896450
248968337
84364568
22993074
836103090549903360
17568815
26548315
988157604
852952264855633921
762144638
748644974460166144
1469756082
847996661737697281
930087500
18239140
3044943586
844362011534225408
846214291011219457
802463811387015169
808381820882534400
843865109734854656
17346645
75334042
835558882256760834
3300668863
47852392
752580889419345920
448917089
830546005418504193
2817584852
16058280
14816103
184695403
2058431
776675496784334848
16329099
767554442648363008
831591431206739968
1854871790
2325439212
21621749
783689507128303616
39755431
3239085384
14111858
828361853021646849
17441302
16821279
3281328975
809113460722241538
10348312
43517007
3022825152
823081500317011968
822444234091483142
2545076269
821606341395484672
19350123
819930489020682240
717349478164992000
814697701526867968
818534489920073728
793960359019180032
325737446
811239826242621440
4727770012
744906552071561216
806347558641541120
775704086159233024
37598405
14494383
802473779918241792
3017772490
797817863889453056
3557691135
835579027
3841172777
741259149757976578
1549039704
14306330
1264326408
4152669974
178088717
3167798097
3296136369
18741491
798843337
222332770
785014382900031492
1093258591
62007907
236898750
2827672521
47350883
719929905077710849
19212550
325403489
592893583
3024432505
895545996
901818732
2958867535
340259012
60628030
1389739826
78725458
14246556
2229573512
17966777
1529102486
768493948264325121
246358342
730322341230575616
16570399
218748879
2577403879
1546261020
15373404
766547275187224576
186547854
28231872
1157552360
763267316775870464
19922073
761147566239182850
2305710668
747519480784388096
239853010
236805741
377575427
747671586271014913
261665936
138586309
15752488
54008603
755399751923863556
3265503763
982432027
3283271654
4746285986
15138918
2766428136
179879545
392762750
3017770203
14945367
4854721565
3636525926
726448170293727232
750306632647577600
14244850
2327560616
429873032
492971212
14639334
3035240599
366228105
14055926
408768281
252204624
2352047936
718462515210952704
25489798
300980950
23713770
28301528
3242776070
12084222
715447519749259265
17342656
20567028
730263674993188866
732001741865127937
4446431476
125312020
43093038
1470093109
1026637946
729344794384732160
704650243363770368
17635117
4795218481
702741704420425728
17789291
352871356
710107488906035202
721940777279057920
704348624843485184
4928022429
722683632549261313
73934235
4753375514
2376612988
6205152
717528212289363968
2413063953
380219542
715941447330037760
21872578
36721380
715484968554598400
204057155
289908312
105462889
123170192
3343834462
16193671
91331015
32882761
4925584767
1323653744
4901650845
618405292
72446237
98745280
647713
4874289952
4855385685
48871626
538349616
2278670270
4844896272
304644240
48785299
16130949
14178543
285370024
8026012
129725179
133418443
4239443608
23363502
6777262
784165
714775800
329567714
2287557049
3254401207
335799467
16313834
2606445823
3368250893
14804841
4735671171
526049413
2364473964
90941169
14121084
251225063
4320651322
4597111393
20410251
15855836
2306144616
4514037562
3218598249
4455481185
88554449
42319229
7621202
4442332262
3023003969
231734854
6154222
74690084
322823905
321342945
17200645
427722908
843553422
489915429
16193
11547582
44377396
3342796360
14778397
3131434251
4271398033
3291641009
4043087249
4064548468
2453076788
291280506
3534497472
489097947
4137194232
3301848316
4048539493
52089566
256894890
3831845416
10694102
2561820560
229139871
3589031475
44104818
139959137
3999966739
1614490248
1966885842
3595439354
171844064
10325302
3959153713
13223982
2456683489
3920629462
14630982
1383494720
3791910498
2615986692
2182091587
242859888
558987463
281435411
96780938
40437774
14627400
242760530
2615447014
30165588
3619045515
3312018282
45054655
14684861
475239543
3307022936
2887997012
14617994
16611706
621024476
972481064
2369922882
565230993
605324590
176467236
61471766
3436774399
19385504
3226347819
7353782
16120736
50189269
19002156
3313727161
21080287
2301963115
23469332
3168086646
3413066380
11388432
432483278
15589016
69048259
354006536
1857196568
2574377202
14998783
1698493278
289924733
1690731
3020678764
21780944
18249542
3363845194
1568121902
10250992
3289137944
2446931507
178286120
37109824
15463097
132963417
3380973898
192301091
11223872
168429466
189544626
3269406038
2375234785
21219917
6162
3253786217
802354
97516929
18260838
3344862429
32136387
3224478028
1471492482
1285812348
1155164058
3331840029
113273589
6440602
3111708978
303545389
326469182
14759503
770538727
3066992152
2730552126
507825665
49420481
763063272
736258568
12526472
487623589
3308475777
3196310376
306263607
32950163
135214661
2596181209
20468802
2919986154
3222772513
2507173168
1369230080
94133565
311899396
15243874
116798501
15278439
6410292
5973972
561303895
3180917931
565017115
275495796
14212554
1973559199
200725033
2945123707
58928204
23780600
15122137
3028917280
3145315172
594997226
6271152
2474293544
42709854
12949302
38413789
3017838166
14052200
16331539
3023978825
14324887
2988715554
2189834263
1058577499
383378863
2600055487
250838635
1972149666
288533666
2998979091
65845361
335523
3091141774
2955981
1514278362
69496707
3064327419
291911217
296526336
124486393
188949744
310259044
14452322
26486972
2867502310
3064660355
2319202483
301030040
24553362
20489651
168756443
980647831
133194173
14765553
2978487613
303647876
11736872
117585607
56823695
7795092
2891423524
17144130
17481745
337598933
1380198374
275823471
518540124
17652043
55395963
3008151864
2936438317
6549412
822503600
10368692
271420123
157702526
1467631058
2900083900
18246809
17223469
522226272
219172075
185125267
1371448266
2321530808
21361619
2944068880
22972829
729639001
2966227487
14159253
24477419
112226987
203955732
277295468
334012894
166667340
2284374534
1348904936
2959519553
32780274
16298988
14079705
213786435
41485866
2873801453
95577002
569025327
55246812
20416095
633385022
2935151531
2896016919
309191815
2929351284
101638246
2804557312
2928706674
58216021
2925973386
408544309
2606371209
2858861392
212109448
705153
8492272
2908619662
52548148
14789047
14404678
2903839175
4890661
2728496521
14334721
604807820
1174202388
76456300
2704263392
2887370614
2792799227
2886827602
2885459681
185779473
2881776442
2161890523
2852363662
2878696138
2877650523
159252162
2898496969
2874073491
2897679332
20865431
9481472
2781514877
632699796
2848158763
2893408549
2864153746
64172365
52278020
209098776
2856499673
72789437
2402333400
20902054
2852709003
742699076
1859778475
43385282
2847939597
2771924252
2633654747
2845282390
163853677
711054061
1998691
18302437
40720843
1877714197
19587559
4922591
2515090176
9193692
2835518705
14281873
1026990656
2855382588
629023391
2853094422
2821003127
2819015320
17074067
2846549515
31678991
49024564
2793614997
2810001869
2841318349
25504287
105949998
213433431
202668482
2836960676
2796244564
2835935108
2793066035
2234937350
45578049
2791176861
2835457741
2834059628
286348285
2660626974
2449447567
2831305016
2829044395
2828590045
44900235
1375308626
17180046
2774202351
2429195024
2200277574
2813983195
2771714517
96808661
11439542
55601098
1025254219
2767464977
2798615594
14962080
2760296943
2787310380
2786396918
377206955
2778751398
2777367559
2476143343
2591434261
2707419252
66491636
2765300658
248772956
2484319712
2752836907
59085158
491717147
271050823
382853721
17655700
1134754830
704196260
40498542
59911425
823825
634824942
22496045
2179734534
1114984644
285073114
14140326
2588214769
624084721
301109748
3649181
2575485504
14702825
137435937
296995100
322847583
2657177436
18062676
140166426
47246150
967878247
1650365448
14887815
2396611194
98755306
528797152
1468406556
80703
2562296574
210926085
517181968
99094840
14592809
531046274
2356022262
47422399
9610222
2174552192
14423086
1953648950
487333709
2572455528
2389687309
2571277615
620388716
14502939
2308629144
594772255
2561481636
1389685352
2436102949
14694677
72899378
2490728558
2457073165
20038437
2542744891
982933129
156328893
237401623
2471267460
2564183945
56076325
2456303240
108597186
14362098
15689285
60212147
8098592
18226349
2509120140
2477843773
17258298
15953311
2464454322
28843775
32854193
274123503
15179215
543690714
2339938243
36679478
868667971
1123073839
2291024473
116164996
574826146
2472757266
21795603
2522379231
566398115
2422249626
4411041
744266275
221427169
14815775
2401881133
2448319770
1284720552
2398413343
2451699073
2451323305
14717585
124583004
96471296
29206226
14032222
2411842802
455153815
2293525700
604444685
2424835513
48400265
15676011
14027802
286610480
47201498
2402567994
11770722
14789709
14743266
540022094
14614130
464568100
892488050
95343115
2397240182
2395239782
266039285
2394212996
2394162109
604681712
1873297812
255792199
12633452
49570285
319190726
89472019
1883179406
144167910
813893238
1670589978
2381044616
1473788641
5770452
2392260387
2377380926
52850681
1329619934
36145726
2369941675
93812859
2308838910
218855798
16559469
2365009938
1133613306
712000194
2365156711
7712452
873052484
2359645518
2359091058
2272989019
66382868
946878901
11579272
2256310190
2300128680
2341715730
2345984131
2345738054
2344021813
1612739497
274662028
10279542
2335044657
14226206
2335563055
96179624
41375456
157768633
472973516
2330698489
202043059
133599939
22545571
10767702
61792530
14475559
14744668
26520972
2327496038
2326692570
40789176
1091741106
13051112
96238208
227492981
7381872
24784059
9181042
355529982
1657357626
2233329924
2176610448
744384780
2297113278
18088152
17180806
566223958
14509080
1299354834
225322393
2201793540
946826054
51102678
451145526
2214651079
1546426657
2285783467
19998542
6500852
15060940
628562704
43893554
14954908
14085849
1695224142
26307408
14239157
760001545
43123173
177735051
2211647322
138475538
618307116
19542244
103799202
43169843
16593930
95486323
366811688
15585942
1858687284
2242368890
15002063
38954913
14112712
13107982
5660752
1969195280
356016754
1480809193
260320812
14904260
202833024
16162109
1288701931
1019381
223917312
1933518942
17836116
578682596
2189900778
318097948
15518802
82535715
2203829550
36822073
16636494
19079941
143476317
164450604
1102057070
1511994504
91407216
1962611539
14518588
1055967414
19349616
2648921
14627431
403166906
409171977
497446101
1284010104
581385395
301582997
511105298
145873248
22016684
154598796
74998774
70657739
14653514
2174305422
15767337
208986110
102294053
347677153
30334706
364420267
1852004408
1436972563
1496141870
35485881
526038230
520673109
21428496
96357008
2154367142
25835149
1689081
14983390
581069152
4298461
65656222
14587862
25915690
16858639
378510358
34671139
26233199
1948188451
3364581
18223890
882407474
14358221
13796932
1623832178
1631183808
456456772
204941793
102573930
11260322
14238690
30227740
35468302
1596669649
387789918
95932148
806910691
1670866807
47927702
121175625
580573165
13398402
14090418
13833972
1943760956
15210530
19118532
571388248
180933124
130913964
28681356
59399167
304095936
163015449
14264091
1308445172
267908574
1726786525
18056058
1281889920
135082365
235117521
25220659
1598469950
1018207584
4901851
1078371488
326184086
126682925
223367537
239263315
1912509522
818546712
16633089
132872083
16257396
14413527
359288741
78759003
15853225
574938741
516682414
98601760
1912261201
1276725662
416103634
1646150826
23991451
203600773
92107943
231597880
430911362
1191013034
18710976
46377455
1898237096
550447281
38690601
14616081
14862767
1668481039
56826262
6108612
1875579187
49767390
582761038
89242427
93427601
17019160
344214469
580571677
280757554
29461754
1775820782
370868965
1058095598
83594309
16904101
29414761
100539073
334308385
10650562
14975873
44072291
75987672
1648930506
20700252
41641727
1357859010
300537205
38178075
1725549158
490497622
21402961
20742053
1172000035
309182117
138966937
15474363
27492176
15686959
1596335612
348434782
44333
516553709
15749794
16174596
37766845
1690979172
26428322
21693432
65265593
1643624899
1159532280
798961915
8731442
408039040
19259449
981663991
20997815
943882626
317292258
14193717
15775923
57299995
17856612
431758864
1446119077
1655869386
577100402
19028768
1554214939
622840155
717763062
41620892
21138386
233341278
16615576
120124657
1637377632
8037712
1646818284
42336895
23667159
1630641643
1105860673
10247892
1474299426
1635853566
1125160530
1565980430
14955973
14412383
87361773
329620275
28622912
47615177
171188094
606145435
166654117
1569718849
103949787
1423182577
14293875
6616262
43889709
288153999
3741671
25884697
1543308168
1601871350
232367256
389152853
1510119140
14687741
139056996
373096351
15798100
1597325072
104518642
14610560
487010011
1135951735
1486994450
449498639
91731256
1286116932
1465908697
316539388
1424471
17875855
1569207236
14181144
1566520158
246716527
14210121
14239092
253615034
1433998693
204778964
384627822
1347538567
236603237
15024468
238224059
5404442
11277042
299152654
253906929
18374969
273912459
53347647
1338857438
186309091
18278364
575946598
176966164
1056919981
19442183
18005271
927464851
1001190044
450615639
1514921660
193369962
1229627659
306530592
16788426
342565976
294434697
13700
317727838
158273
550102003
479509295
6283042
974393028
1392969103
1383202861
20624537
1077929810
296378098
17773554
575860780
21916376
90992943
931283036
1310036233
86356959
191147940
1491156312
143979672
432620854
385315086
30959303
851318150
24945062
47804010
96456152
14222359
15737548
108678946
1411966556
375549895
406014458
7589582
1354644758
1461993499
360189173
1182830347
155976504
18086814
460142231
86351835
117858039
770610643
114613814
1339794355
1475362244
1451986243
172495933
776608404
1430126299
913202101
258835313
67571894
366311745
1301707380
620703556
1301143969
466044098
15244336
29513617
23329792
1451717784
19137756
42801849
23384929
41605985
9449422
194798845
14336585
1437430730
18285000
41688794
930285176
621713
958744460
152128063
774427417
1428401
1278478628
20812756
27259692
43730427
14463791
40683665
14936142
39609074
1064000144
63170721
13473812
28408909
18197957
85323278
295517913
1326286788
32463727
90269967
15086327
188263798
347733512
16158740
14577062
26539215
13055302
1234723934
73433318
195517001
153825226
15814588
912826171
1205428411
311716408
19296394
14596096
61272632
25076305
412494391
34674864
28522966
21512528
39963122
828800076
829257396
23103568
1413794118
15558194
90498648
206415160
1325318809
1348075458
1305741091
41234498
1327394664
1198242758
21550638
16433699
581697137
1669681
103624068
17868886
133026039
14533365
1291848727
105232992
16433143
15327052
14973436
103258683
419945945
17275235
111534282
549906000
26569904
1392101178
111937593
552722622
1009136299
23006156
26342559
12909282
1279108712
21382098
1323780324
76434200
15134142
574017006
26032069
89387417
95677712
70324847
117459062
26091972
935854033
16657321
14167544
1195672830
1098107286
23375099
16579894
17596962
14929418
12881302
270573052
9053832
919757154
1084611438
7666572
1287690691
362221017
95433043
164911007
582017139
62567239
372107777
1006612002
869772222
913385569
190288883
1296784818
1340157698
421955781
129010515
45376095
1353712543
425908644
179454317
6721962
256602050
16243939
255236426
37092528
981278779
1341225890
63773079
26271823
1142725328
13743032
24549872
1147442852
2590
844481065
39305526
117407475
14832284
229495819
80597943
77119027
19609180
1286740387
1067251232
1024240513
1318409220
16920226
1033991192
1314917648
298149572
21771128
58021873
16118633
18716131
142056612
948426510
1293963757
1268188724
789043045
28112780
109934639
44238860
21811803
177571982
15127086
1284258824
349730200
767101
1284654510
1126366381
25157251
50446949
588731358
945920648
595699128
1271016192
308552199
754854277
250089461
49244697
1222776894
53298227
3034251
1273783879
18640769
46539660
332641062
70445469
14925848
621350791
267880574
33626191
1221778686
56307116
136202581
872581980
23844606
50535713
201763403
783092
18771992
68552874
612465190
14225826
140459109
15440046
1062870889
386809385
34587435
1048595005
1238627227
22023264
15839933
24116824
387392088
1223505630
16533616
17633662
97307083
1101770593
1225714694
61014261
71309504
353212039
570397636
1095801282
1205404836
684793
296803870
281894133
192651771
1193622114
449887373
290001796
2499061
581088316
1202375658
355026483
393630262
862005134
1191990930
928096532
1173682644
439507215
14983039
15749522
23826088
8131402
425529295
229536251
27622877
41728236
1057609746
11120802
112440961
224700178
46668984
23863969
7142912
1025174334
25334019
23628186
595090437
379010391
1014382369
19338443
17904464
100054113
24931712
10747572
369220039
271528626
1140164840
243721060
62513709
124657783
16522207
936564992
50362650
575028795
104616749
87967922
19566987
1038420690
14079683
74156984
64549933
22759781
46683121
417176478
304979036
726596240
70484867
328178413
15203849
65939109
1131927330
1011454038
353431937
756361370
523348030
772212590
835134608
78322039
943324874
1136756959
18946043
113698625
14742766
17051681
552603371
340324808
806323
33092175
14500974
89562136
46223617
86452222
796461
1119883435
12755152
14755229
605591168
57596203
1114084123
1057918760
15446838
114998978
191110839
1088159028
856142108
40804983
224912517
180812792
48722818
1096660543
614512525
22913299
1077652657
9941872
153504217
91065436
412783684
725850553
1062244057
244173178
829579070
23629696
393180020
110951518
372124204
310083417
1039534866
883460324
150173075
1048931156
773388164
1066339621
14513179
281203473
1041216812
17051356
1058998344
1058016000
23868117
1049344892
23971219
1039008613
455907175
46650005
1040487925
22012189
1024419596
766251158
1028812140
126025153
1027072082
21622390
14858113
4807561
322771773
857765562
19287555
380560467
214900933
14886596
952793318
38208052
15343761
176964580
45975262
39333674
15579656
1004497290
138068931
15516599
851881646
57885448
473853079
397402762
415138573
14462525
9442882
68442845
375010934
436934135
16040428
613505098
990765404
34687247
797835
493416434
40537685
937913048
124036182
21300678
10012612
17689371
356620024
258716135
22659410
850249692
16724007
15431744
225919981
119092066
751745306
14273369
1621271
846140616
24671955
832025520
14084820
378012777
569530999
26428040
7095342
15288283
22750056
386661419
15487662
317271928
32151389
18009450
183825703
16534697
409372793
904717501
35511507
928402476
420715533
548870626
481731989
15477427
2630841
28868556
14355036
16398366
523949753
472278808
83640091
49059745
380617006
170258795
480840265
92026573
149966980
12237802
200849532
450543497
159672492
861677726
932436326
14982620
932116645
4641021
3225511
461871684
43693750
9729592
12257802
54639257
48789524
94085717
16794609
18322014
7280632
369760556
118914271
420314503
837074360
365696488
23580897
41416752
12782962
46873680
599959166
15856164
32526390
15999249
36672294
8673932
17162567
364733726
718338176
866825610
310444301
25233228
894279102
511878839
35666949
84334769
30219994
16140155
282230498
278010445
462136907
353425901
26294465
194361897
134818798
896486534
29365224
80740892
292328615
14639127
192171500
38003146
271082086
193572599
22223512
497636567
13769962
15475561
843839736
858787952
14304930
119358137
26994422
601148833
280618931
246186329
494840185
802567002
24651560
538523921
28576923
16689471
534000685
272308878
29383331
15374537
66293247
19293520
461683620
44297088
38625344
14969365
200131685
15248550
93458003
14117880
19993505
56548641
859853996
15949253
23637302
27901363
15175548
321963690
14245850
408521846
14498437
7924892
27922285
135978367
846894067
408461490
17078702
579909544
80316836
265021802
55772206
214938099
83902116
717915632
50058990
43905991
741597666
838201158
326658079
69313138
314660335
837398989
34684077
191243532
65515473
23585684
734455950
42680910
818410796
822874603
810926340
571772690
10105352
276671182
19460076
797065004
11794162
21520838
512660318
32299882
252291589
778942897
24423894
17932624
5629292
16061930
210897292
234277386
48581442
15976693
107838271
763765993
299564509
180938171
160628251
787157755
782239189
380560752
15378724
68773156
425926062
90944121
797243000
17748854
534811264
3144021
14921500
33673127
95521726
94582375
594967281
778508052
314140038
21359460
24958509
25386700
564400806
564890939
276554668
596674951
90691525
57652640
318774310
25770354
567531940
106374231
437213
129751724
14556492
126331287
45911364
485422929
242611012
24126106
23816314
8845752
52725630
297920967
26737315
135186194
37858164
570112116
124255193
36270096
83638008
596056499
89739580
95918184
28052742
59224885
31352774
14863939
393784938
724189524
67090241
15630994
24459880
18381964
23629255
574298874
383203774
394111694
705174631
40354366
594910611
80204173
25130434
15973915
497964128
39978047
26775859
554974592
715525706
142343062
153605068
119105924
18846156
321285544
201477467
166517681
338255079
112450045
540570865
14497441
532419063
199243611
47666341
108274516
403052624
17106544
38377280
518872368
165503959
6344512
533042149
14228881
710705700
710023184
28648345
705637044
112153416
35542112
154496581
17704535
495732319
20720688
113737833
45496942
635495010
108471290
551063658
338154473
599869668
584047013
14952658
173762012
38737968
234072488
26956275
242821748
22966859
18103707
583012516
39600478
17087876
520200085
552022238
174728373
394766084
18771177
129432802
15706163
30009188
216082222
287745712
21750933
43278892
613972984
23923156
118853383
209286341
339430455
54635717
15598613
402140734
619256346
14065371
364447994
120231953
614645243
114845234
143498227
14076451
17520447
30033015
1110551
20641938
19366015
14118699
164032883
24229258
606602951
10649452
111456174
339561742
15845663
585389857
128348258
303082584
156113632
38623818
323874840
10720602
495154333
395234108
330899833
19016822
7320012
59834264
591386855
15923061
50787467
420571965
26778694
16557313
54641441
606990249
14386089
56826413
463970097
168535372
114758167
9797472
17028280
19790018
28635255
100293621
607886114
518960841
65174941
31409138
310165706
102328173
607451718
594972288
17031456
372967997
69804900
191953774
18219612
9444972
131106349
568571772
2934781
393198838
66438013
5458812
602841189
30814423
7271322
15638335
23623691
587540540
141403378
161698391
40378291
15425930
22874907
143765247
21408047
14568494
18088656
61406060
17602965
314505923
22220621
17870705
196489873
440941048
230928884
105843096
79629835
154929253
66385186
521711695
7767362
553591875
17793738
23481118
50803172
37799209
224917718
531737012
297580872
19287076
32878613
335618436
188630815
588776532
16907465
583258749
18281510
18191608
136732069
292526028
399568262
14096061
18561741
499666593
294120562
16173592
347396587
24719091
21526748
494045768
143474570
97333224
42504370
77449588
363924887
228061845
580130605
117093197
542662549
94309234
571445077
564464008
164085719
5742752
18728900
163096815
39767186
572485001
14074188
572249410
316450289
14758494
93905831
170591510
403873203
564607037
534448489
35128237
317952172
497355051
75351013
50771814
16380548
54523463
200265519
415762719
471834045
242006989
122085552
20638573
241033988
466509407
85902139
554399096
548342705
492388638
125137695
35025431
78930949
14306442
297237343
550953120
65101406
14122744
5908032
13994362
111186567
517136691
357289149
149102604
15376576
21003713
499268909
236973185
15925466
24741685
17867566
350498036
68668492
27278316
423537080
119175138
20417403
16001607
122013211
533930163
73333984
119987616
16070299
532768158
118122294
417346961
142770707
24908680
9409452
24522894
14457688
394100410
525912346
364494331
327874774
20884891
467275254
158622229
36802129
303412834
14923622
14313975
223609791
275297379
236594388
19744411
45949220
125007124
427089486
426196752
292232574
41804150
309557351
17529169
48733185
88311321
44860934
270593889
111184957
301397760
501842295
306777882
459499705
459505220
14475305
487552509
77014678
493225320
91510105
29419801
27888016
269836081
380448734
399750286
488742307
167420591
55236377
164256765
293223149
15074673
487673483
174185728
17843859
485911894
15000646
22508473
242654781
21058315
50626176
312545667
357889098
21914193
40708884
298836407
49804772
348717012
16868003
153154765
17455917
19037520
14876847
328490027
352783333
471616461
80913083
379558550
15719738
424035766
180676544
468884478
35783380
74181439
24341956
122177837
408146910
83664487
456091991
16371413
460070605
22509548
450824218
442836735
100322213
456153078
121151264
18066477
28225017
109073437
20714971
19914485
28306445
35610871
451643331
14427374
448900291
450203843
408064906
29616886
447213244
391549749
39734991
442210660
15374525
40134811
302879064
438376400
18094711
14365803
1655321
312208933
146565473
267060254
250016172
344540316
4777691
242809357
20246584
339017874
32935484
237735771
40064113
128951237
326164583
36918057
23220877
368239116
268009185
350549932
289640741
154978330
18953308
103306398
204365913
31024099
170324858
358817547
399172626
424698336
399292636
405082963
368927061
194971484
8226132
151094300
19013310
20752754
16248793
380846837
15505053
91687333
321421547
201681059
15104097
384278375
10907052
7480172
409884629
405942548
391087263
410578275
413122398
53619790
18527363
19517625
388057771
325032382
12692102
106246833
407773090
331579023
376215453
16614487
283100433
76059188
19466476
185208125
23262377
257086227
22437483
243789942
214324819
403285794
27689263
219521196
383512772
241677648
17905019
185638684
63738534
282736232
8411592
299801772
182322594
398595304
113328432
19554487
15853789
44081361
213015745
326784321
39344600
18089617
23498388
787237
23416093
273328149
385992248
15596402
30539044
352700519
390948791
324639641
26820009
300392581
15236287
191861255
14521757
335482307
15645662
65549741
20567782
377265710
7768822
15456578
361454475
38392755
14145912
14250770
240768319
810129
42919114
355005056
32260009
33538280
17775265
85538890
84789357
212830186
74680260
109650665
132822882
172115003
282411939
197595516
125162383
372136390
283362544
374078522
228610157
365733173
16934540
54961310
225416041
616443
28498685
252644547
292547176
371539355
32896192
330666200
245709673
15911207
17495649
285216495
42467646
369115201
325686439
224082418
106957561
61073118
217550095
17878976
13097242
340984436
109054913
77069108
130020582
26852193
32302778
25891540
315735248
116023288
362573918
218598942
361550384
25845086
351496162
16033994
229433152
183426866
237276177
113136842
327944906
20622308
14613924
73739461
16129030
38082511
18183967
16343339
292692646
326430601
43028698
329190608
22087977
272838597
353404697
55005152
111456662
6065942
19682566
151935217
351463173
43317369
113683943
22072329
223856004
14184594
159219465
114215585
49704078
19696529
343748802
18766698
336610322
6578432
16547194
16349681
36317164
791300
329032444
325794053
15982487
23554268
6140222
336793823
112459946
162905047
111096758
8939122
265840539
153641968
16871339
36741192
241631367
16149906
14123181
18616148
22252460
325318042
66350387
268240751
27376852
129717047
190794996
29717021
14691367
59402694
316872565
38562109
283892690
15572512
16251505
280206926
81180767
17161645
28218520
268443336
309366032
11091402
275420237
29265410
56807822
103547426
14939900
91512885
76894921
278490344
259081861
61015110
115909071
301268809
19192690
18245001
69617126
116042115
116039697
116037668
116036950
116036271
250257632
18744691
22227677
294980439
291735248
37118086
17927511
43876809
14201430
29892528
295794323
63926928
214456587
17231093
229175418
37022606
283009855
109914762
248518344
2832181
264904490
124410249
75445770
244462193
91469710
76351304
231476165
35000351
226982938
50660418
197599046
277359087
52255660
172138565
15012163
118581794
20221262
26497247
235277007
29135599
100953817
216701255
14579852
86507543
180062994
1979291
242922415
268381487
14103106
14739250
34131815
171452829
267201531
25103894
91105252
15626631
212652425
109734177
257029897
239682208
19197635
262411287
91333167
71139907
15662883
14110253
151681179
137377689
234355979
73741989
232749758
145252250
252973235
20053625
219591477
22245272
208141972
14296723
22398002
227275261
245768873
14861973
25667529
26458967
14940523
71105044
21640712
13057752
246854185
21674082
65267820
16831933
239854858
78897115
139279909
39406407
7535062
121915323
81352085
99641121
239583188
233466019
143758418
149080614
223911437
240303621
14868014
35050331
154584343
219930435
208335137
237500479
84589017
131478539
32872392
224476020
14654798
20823676
14277396
206709198
12691112
58238157
19539314
41929576
15797953
11895
216388749
22514175
14475368
15810888
19590257
160925376
7085822
199665359
14327076
19564779
752133
76947180
223633364
63809607
177506363
112511822
14811757
39494146
19503381
15344975
104115428
214253280
175446585
199890504
96609954
171418943
15760638
27877420
203080116
81790312
216041258
111614022
39079406
211552894
19277984
201773918
19589105
54727845
18371415
210316720
153476080
16719939
11658172
59047597
190038800
17965921
13949842
174999629
9018932
17713721
46486551
60114420
16315894
22018709
188973925
4574451
175355935
85568318
56884542
812441
17183984
19893048
20381854
15184929
91926955
134053062
19285670
31043016
175517565
10504532
128093202
14646505
17781689
9151782
15717973
6603512
1381891
130820256
123048049
96641291
156234083
26018264
73107009
44607461
184116103
80167604
2566421
157378690
24479913
6944372
8692942
16864336
168876471
21673554
18072291
23488784
96106353
45425234
105779924
84098761
166071293
14887946
18060808
4400681
19840445
14054922
177312880
15005347
48815236
176190872
64809057
161972879
6595682
162519653
16024410
165737711
7252982
7727422
117361753
156983890
174447383
18971863
152352998
111551994
16052382
71117300
88219371
16027672
170252682
7636652
160977302
813402
68777902
8043172
57243129
13970952
48887796
52424419
41486415
169015850
1979591
15257533
2491191
20387736
163438102
148432957
17544080
12797402
156587772
27062808
7340612
9866032
23204397
14920449
16213093
128930929
10791372
92623
60057818
34386969
132067663
93704332
27064840
52867017
668033
16824230
14802907
52459867
52708227
5037011
127933923
131107086
36661159
121149756
127782922
64764782
86272524
18936605
16255832
22109636
14751124
15704940
76480145
50707670
116755590
8850022
44138384
25186936
46137453
631333
1749311
14214653
16000054
112573024
10715322
15809724
43424758
83480684
109118698
39733515
62996819
9228902
101556715
16573630
15551017
72852304
48433914
18484992
14050728
31227642
15234979
12131392
17872180
17093617
93569989
19382769
86848333
58853774
44107355
100054030
38393158
80557842
82723502
61804044
96097731
95939092
94175949
19198693
35153427
11057632
14209628
23508260
1573011
5482272
17443770
42199232
14084292
86789035
12821042
17721542
73110483
72855087
84353123
84091540
39889124
10465782
19954468
17009514
66462937
15925960
16965633
9809322
19781777
15300519
10454472
19288656
30864653
15126048
67046026
26603208
64898735
33659111
23608586
62337414
19558658
25159094
17432448
18996456
62308876
10166202
17827661
749583
20330954
41652221
17134616
43316498
42946729
44908052
15769241
16265332
52284213
28816731
15133162
2674611
49798896
45859208
23671585
11385
34625950
39094594
26652282
30297978
17374507
2377931
14446991
33436711
38373657
23954017
779627
6049312
14071168
34784248
17448194
31513735
14359325
10230432
17639049
19198198
17226056
5562702
19112937
9720922
24377993
15754387
12486322
10195362
21210055
823621
11581462
20144439
21144147
15136979
19601117
15488482
5838092
13699852
17428888
14120402
16201514
1619841
18749095
17722542
18525497
757043
9696462
13479072
18461169
15866725
18137304
18002152
17932041
17855623
14386597
8070462
14421746
11068222
15850335
16793800
15666453
16297640
16298357
16727154
15483453
16297490
16297533
16388705
14053355
12271362
11243072
16228195
16144702
7861842
15809515
14090713
2276111
1694961
1252901
14164994
15078676
14118534
9407242
14706299
5874452
15175773
4571191
14897007
9316222
11099982
6424562
