15024407
1013810623426322432
2949490067
40720843
39393
1167188939133739008
1081701638698663937
220218633
12868312
168738308
1053019533231841280
632883407
971416299816607745
1232754194479796230
3063782135
2260927791
370622863
964816994750140416
3587404394
1370240701
1233551775887712261
977110200577642501
42189916
1164144377868050432
137811486
1227607344546226176
186030455
1062349254679769088
974721
19625601
10732752
14685751
2782441010
1169689264868585473
19053036
199205966
1193907941541367811
15854423
54870744
59923385
1024287106364059648
1217483034888458240
85556721
1142047961779724288
9587042
1062484787594698753
15649735
254723435
22404558
1125795648442441729
16449273
1454266386
14069393
379739061
992685489701425153
84615764
21415833
118674790
870808687
1073610110
10313032
4309311
43361150
15749045
1198238721327284229
1108497725312696320
564853921
463773057
1247538368
16490293
1016004575202086912
20369398
1185197496009666561
18150512
2518723292
1198705676631126017
1198919241212350464
51424636
341781521
19523855
989928805354606593
112575146
4083531
1211667544597118978
149241891
256900512
436459110
1030787163112321024
131833316
225938227
1134908562482892800
41885130
739396576179802112
1691778919
1204368270410649600
55640070
1148624248845545472
1203210645828702210
261459831
58017706
15119727
601294985
1195163061235179520
808254542190178304
1062132102278217728
119186125
26345790
158304790
4230083566
71341812
1070397498135625728
324784754
1037342777426825216
950631932458684416
1709797062
228901364
195459221
80159605
191122681
4763582189
28552516
3261176462
236305811
1111779141454454784
2831699765
1098285103
23081953
218969321
2810688646
36380741
61327321
1179848070739181576
842000937505968128
130849252
819927704850038785
641003
558119179
714367502
1269703585
2880482059
19541556
283200815
124468712
131325581
2835431208
814826774
1612233594
15688463
21594615
398013310
966223929261031424
542659519
1057995688229957632
8568792
1184461546493104130
84000178
708012107686670336
395367768
1148907923671699456
326034810
1180289413567397888
881288227
76810409
128119649
4850302216
7396842
31303673
798493552342925313
287282619
43113566
12938612
16601896
3696591735
116844763
45988084
14935823
1903788715
985648271476580352
91419013
2254315993
1877224434
850831441315364864
16663061
41077741
14733872
1108748767241621504
53890277
175857785
2694911393
1073388199
829369843
1128980021882904576
1086590312615677953
14577499
153338172
1901819173
300114013
176222496
831014172829839360
4894867797
380271413
1100668431060353024
30085913
240883644
9948802
93404893
12621392
187718034
901628253542129666
609725506
22390539
130779454
30411299
1162120805645295616
1902618620
15998707
2991792054
4184147592
18931278
14337341
1423065624
16048894
26086686
716448209808277505
2388748394
42425069
844592777438662656
1125050756032335872
747869668510146561
1136993722170773505
1153682333465268224
15216779
450985738
171653906
1131610242687676417
394472432
890093202090446849
2493793082
14428287
236498168
4243807276
981066751
477756212
492935860
27845698
3010807218
76000089
2153406957
332285811
1148354540623859712
177345400
3083612193
65326956
103369745
834931682864214017
2373889742
263008162
14475305
1077061470360285184
7854192
1143135481229656065
1142037965616680961
717229472919986176
602443051
2408321504
753564870
1138094571458564096
212632603
14470638
438537876
20065497
19777308
14459351
204041202
1118268713516408832
6692812
19208560
259307129
43089762
927671514
14095228
4828877771
24081585
938449188521758724
3344624523
1031313930734460928
181421156
936841
1732452332
1050372350351470594
27083252
1132462694664212482
919915731961237505
17605006
119024524
1074753938472210433
2240075375
1112727446346973184
632400406
1100383052960854018
166583984
1052472740341538816
17122257
1118033420
1122295454165864449
1541641
1016986247821234176
39054379
372731454
828202165
1082771333291814913
463799217
1625212159
10898712
4045510319
1111392419763900418
739439283606556672
994584560296964096
814488477018550272
826443119411466240
277127810
16096508
1012790257694064640
171313785
762977153143169025
773084745152491520
3581171
15381265
871236236
1102575066716536832
808051518242979841
3907896689
1088020586155180033
813381955001679872
140202624
424425645
1064487284668551168
1101560043156238338
386538440
1093388392362995712
1962573194
1047108264637452288
31105298
854358733027237889
122931424
72197932
2872293731
958345507964796928
897905945514315777
82632554
1738571
139544417
36995367
845352375216984064
1048779718143569922
927644009371193349
974691942469722112
373883201
32571336
295774828
711453394192437248
2310030037
1090483761354031105
554450309
385430146
500783394
49797110
2600455345
1071809816354525184
3294256128
5973972
1318890230
716013038936129541
17704908
738018499407273984
971340187291848705
510439248
781186153231880192
57771100
1664496876
8428682
170420785
25274060
272847090
827684724
44090792
34285732
851390485264519170
1083341445740855296
1629244514
63729822
816030903864557569
1081004172756090882
58560915
378333037
21758056
907433073213673472
759775859909681153
22479597
743835209204916224
2967184577
6830222
42469463
560302372
47106578
6078412
1061750025456369664
443450617
753545210890772482
826443403483344896
1960907780
136018236
964522020854796289
844181147672371200
21869925
218423826
770565248411635712
815344037033115648
892912461556453377
904016450574327808
1064599275676606465
1033004896386203648
23242773
946371004561010691
29915132
13558762
841566570
14130951
703006449769668609
3119200588
705422510343507969
4836529852
19682566
22788390
255656976
813381723685785602
843789242073595906
2791631689
981816422719340544
2983326473
1621503044
1048939129411702784
917368272550612992
15411837
3301902809
329179614
1041815010148634624
430053958
344177318
847526587847196672
1032902037162389505
846727576273891328
2411200016
947970482
15767097
15482308
343914216
734607508367626242
163823987
18087434
17932041
22514616
14222871
2885861469
2910702842
716627597476675584
950573672
1044678468783534080
3296705914
799031861192380417
972562766623059970
16546950
3372813899
20998037
2645565847
819821216764727296
2817345366
1945814396
724280382628175872
718134297291595779
3295505669
477040241
30576467
16789906
80829521
23248421
887257803555000320
36382927
2292531098
721933114809823233
3096292230
7902612
2219070481
969147591157043200
754758892924571648
63864212
868494619
115613297
2332166840
2829925805
989108282777366528
4049290978
712230163694678017
5812922
153051767
2231217210
891822528167063552
1028756301910827010
121626569
1382642515
24570424
959865687882821633
985918098921451521
1862908212
813103509314895872
900253694255616001
615620588
3097956763
720977496796073984
2453486485
960563855108734976
493254085
895026516496703490
64552499
870165894663503873
116020213
180283911
1013677553314336768
163070562
975928270008082433
173892839
2303549619
2165469164
398619873
17285251
6898072
849217633681625089
610943792
977837267094929408
985977391658012675
1008439550098771973
16487505
470986362
40102616
116177839
15146232
15841487
20050103
78975709
11264112
16184869
22666780
34648398
2596836636
25969061
138528756
876781671231750144
43299918
1630030681
976540333252149255
31088347
996305421320228864
2166418632
9740682
1521839923
384239522
109142448
859902784346501121
3233106586
3293740627
2836782368
925112851894865920
904261448519622656
746176831
3019700087
149520545
630882673
56231032
426647087
17167599
89234904
329831564
2789853693
978461985506344960
316358335
19339083
2153461148
898487477958135809
2461029738
569059813
941652889033945088
2996194524
3320792903
949819140
905786336732438529
939121530457509888
2347475803
14194186
69250288
280137187
819179056822415361
154311445
57700707
68442845
4744004001
983639716288491520
2662589857
247049916
873951288987398144
726701812259151872
3184944408
255236261
1213627526
980472085670780928
16568084
975135012814311425
749983504197443584
166644934
54317231
4457919621
903315535726817282
879005427782078470
2866905314
553622948
3305639740
976467261216223232
974621465101266944
613465648
830496096560480259
208001894
8281062
728372701186793474
123276494
805046388153348096
974633593195687936
204861132
2476998830
2581526838
16709719
323470523
793671432
25036292
2190217861
328203
956286027072790528
600849073
43686619
880958460858388480
879627258083856384
503068184
14297174
14481746
4798921215
94978392
163769369
2240880722
6773532
973318568950583296
122351683
3115624582
69024637
2276448362
470322853
496431982
219865940
20746520
864719101
387213371
2935017677
2643579290
277744027
776114327371776000
39076302
1658560038
726104593692774401
793045442867126272
15133577
214631288
706500493737070593
20923356
897226646230634501
151632665
298480044
1140236928
66313256
1268966016
751154245525770241
842908987678892032
746576367026790400
246959642
967366072998514688
873779868
910315593349386241
724879660501323776
967390695764975616
50073568
2980346895
36900495
744942394005561345
965271278792904705
963675336658518016
184241690
273592919
928574664691015685
832010606861496320
138200887
307976169
63875612
915120201565396992
797843382626185216
742731200511528960
961566134033174530
762851762092937218
14612142
434457570
2301956792
15382499
1293051
51627206
237321112
14879896
16426333
64172365
2674871947
182366195
37049955
47804010
793738092263923712
889568914019164162
428058083
764820428
2978031
66217615
86945517
41868331
952116874816425984
55239732
797835
153500398
4189733139
3011066307
34976180
287653838
835247668490350596
768167061138780161
911223835894124544
225268782
886537209695748096
13087432
4845612279
733363637264502784
636207181
130458492
949766054
770607105887891457
189262196
897932966235656192
1602976376
294479229
388036627
933244163969073153
6476662
2994900854
2770736689
1102321381
44867014
1455159199
998272130
928678479285153792
745308775964344324
1284236868
343911360
748592718155218944
78045796
16125686
165941372
1543828177
922603654078652416
262762865
377314166
798765580224327680
763387411460157440
87989450
48843
297980063
3063537664
38665323
3297316273
4002309269
3297796751
19212550
2800780073
3803349454
312977141
923479756468838400
190432986
20936040
926752422868934658
20428729
732642497709670400
409332669
877824455506108416
10982172
1477727130
875437576265519104
922424703104573440
878034743660605440
97174061
11736872
90459630
432439480
712764018390339586
30008264
14699128
148116431
3299730071
922944591644504064
2784123889
2659901484
3239391268
1614841466
722059704
771676183448649728
793351
73182753
75820786
201262607
2291039762
1861128181
772820574301224960
28440787
114603415
783671907065421824
2242152776
746295627999481856
147705206
4913618793
61530307
2793979000
872099922195214337
6383562
575706953
1103966383
865956435745808385
4924441042
342036082
235599885
2841985296
893527341212737536
15199827
1511433062
232326802
16605599
1057665338
885567489622638592
2338103157
14200360
469284593
16111362
18100336
224251756
1218489091
3314503333
912917155804532736
85008547
911577364852805632
2879479191
907974477698551808
22439567
290927041
880355027843502080
906906108253626369
3212368565
162471571
36333433
552685970
1880638908
39626204
84643611
843369928690348032
987626845
2244261270
803897454
3241492531
525354563
824708596218880002
115203223
864895356911353856
2201580003
302105293
121177091
223536535
2340462666
184450718
890392982465204225
20594495
37390741
228112808
880355280965558272
3299791413
2421914413
15834137
156736924
600545676
839485733605937152
45918807
528029666
882852323965505537
881208164120743937
244965762
880426890481332225
194500846
717751794
319277640
101025176
18374935
2994945448
40996400
3172227585
9626182
117723
4898297081
58500480
3225488656
2168292931
14615608
14471743
27756043
14372633
14225305
870271416196845573
868872523622035457
206396204
6112082
879815094
78484153
2865007695
125629996
942033822
431890249
230369611
757935121894821888
14113373
869886731402846208
153966123
138173132
1013542788
18482275
1132876218
199085909
4677281
803234558502207490
81355451
2850760222
23072572
348127618
117461350
860691436227805184
860791766882152448
1905396733
738988453568749569
855684258635038720
910259090
15759655
847153431852724224
14981816
15930040
71176394
848293878608388098
844429991924371459
14847201
327026460
21026937
255939300
20300772
200028826
211478122
1219791319
523763157
765190212632899584
199922518
845395330019610628
167424003
773117310357741568
703250627929878529
831442882410246145
89627205
3382
76966092
1621587554
769118076117934080
238541848
235161388
744918288
2510964967
751354743662972928
1138301522
1704407930
798440540
3033453928
289382165
17037880
2393230233
26716203
15672198
1333953410
2591523722
378963913
720946653730074625
3920658198
772026852
15518172
16484216
8515632
2411261268
120491426
36711363
20711189
46700655
3657465377
826744381612892160
15520129
36354891
731193030556946434
435193181
61233
2960844881
940957886
17170196
824664149166747648
718032622463619072
67430296
408912987
1157858503
821450303077810176
19109125
755712107728044033
248651712
71875314
149239185
217753267
199192879
16884473
294087232
14065010
115614016
3115053970
57475732
433347149
803684734106796032
330204570
252048752
2292633427
411299382
768782865341542402
2464990128
807513641427800064
31141581
68119671
30288951
19629753
14796095
706151438280339456
181269400
724241930532560897
316589445
410813817
145690753
3214254467
369059316
770400481965408256
758370024
64734371
15682551
248563108
14375294
794198
115507741
18505708
2340978469
37599351
3341956413
1337085834
49677747
16600574
2846854547
375935537
14650670
511679201
701764742768173056
32428328
3308375122
742414550650195968
16465246
558020804
1361755363
260658002
795755230017290240
971846516
795471376429613056
899506260
20781189
428627375
137989102
14962753
26540132
3110470581
2381953868
20546397
1281151159
182345243
739414882387406849
48701108
2685909488
93939491
35184606
29237960
257508936
53492426
3331005243
712364655457509378
2816602845
3428767390
768251967219138561
261778863
2400904969
101651775
3129591
239894588
2792490528
58876222
760352770532794368
760411579322101764
760401815250894853
756169882505351170
86974607
753871782298419200
3230052725
759013540162260997
370427386
22467205
2865872937
730315266173849600
505814412
4265843531
2609830014
278285879
1615587182
2445195894
44451678
811017590
1224905630
15838658
2499306079
2986497178
6549332
30509212
736476626007953408
33469644
739560232616001536
3261014688
731033484798492677
338613703
3646646118
14068788
2991689049
733850681010851840
20184302
14652753
733123639206236163
3097347041
1967690522
243267961
731731180664430594
380012929
728622693184987136
200818701
67288902
2867326902
14651851
3247745341
250297634
2733533504
819349224
2967908614
116856931
9431062
3145160217
124007436
713238444600897536
717344509441478656
211475021
25458567
3004083027
18559099
3742093696
3404656924
3141835983
21464309
46744742
151130284
544487709
2353798794
119939335
139332669
3303170874
869798892
4275637054
130198324
9821722
4714475062
2974701677
2366265092
32330308
3922318691
1241075528
204988243
3230554552
32675483
3763990229
14305589
2655024511
15004019
151368220
3385886103
3024636477
817378958
57911914
292517299
95477106
57156220
2998834391
3131692191
3373883891
