50599894
1222227306296610817
14080003
50596697
619252154
21497527
1073388199
21594615
256900512
3804659063
2419033884
3437654481
876217302580174849
393694433
864720728851173376
3030324179
1237004575
806491455372099584
107471115
153158056
3128828829
157677232
3326654069
2333695764
1003676248491610118
1051532581085356032
4798434797
913494466568359937
23434048
4714782915
2902025103
774575
32368809
322334092
110805453
15533573
1305112099
224653586
2788721707
1085391621057855494
979061392652333057
720901536965124096
860851604731424768
1015584500200493056
183228285
1064586758837424128
802123588807622658
190225950
1894643486
905744695246147588
948284586953494529
738063809089286145
53778064
2803929450
918054424483913728
3118786658
15513321
777816006513262593
3118719168
589384842
778043404924100608
4217023737
460246057
901820008573145088
761113959915134976
1093655844
161328883
59461158
77212326
765651407336771584
87759357
197134898
132314308
408084829
69496707
297280182
55059505
11902442
3084096189
181363
2811601246
17422632
2847817956
2735668638
252644547
94574135
68626490
18218724
3827586766
2604314001
3389374504
904633812
769647486617223168
771075235403751462
402917884
4877121275
744655628652646400
1152696156
778860785888010240
9769712
102104096
17461762
71759599
734030572885037056
742738336037670912
119855758
82072173
111847613
49921739
435348808
1193295606
770145853
216223991
7451422
275206299
57699376
146339244
3903170236
3790467617
18977112
192993332
160109630
327285445
3226310511
2984362761
6813612
15942706
523656838
523078954
2775278188
47970926
2617306598
740113
2654123728
100006724
2420733360
2479604670
143058045
61265683
755179538
1438182800
328939811
46492552
17633534
122594814
80881027
253962593
5719682
1542788054
33988923
6496232
1907274786
2154487868
28565677
11068242
472130992
18636447
121852335
1333948885
435948511
576002962
6722942
404150867
376729499
949624634
943911278
13587572
325686439
159594165
154584056
5832732
220022460
14297050
142815938
570751137
236427380
28446974
67416293
109506617
19899675
106074594
10704892
6813272
