297508246
479782937
1219555988375732224
416273351
1151228027751321600
342582067
1073388199
130763650
1118515999052128257
1038938665
838353250835443717
1094364059493904385
969302152257658881
1185107358646702080
1199675693795336195
4127633057
3061474744
933314970896486401
55497156
1461495606
1144998511630520320
288292405
1153248523191816193
1151654975564439552
1141723547330629632
1141967335219240960
2830001186
955593270
990247252097667079
1105569721964023809
1109940137872510976
182802226
1019382697880322048
1559867004
1068886702830379009
299238416
976475052190392323
1071058366770962433
296467497
1062652907181539328
762282672
930755556024995840
1009792647144394753
2198108233
986519858446823424
836600336517378049
4352995606
20637708
14453995
735089363026083840
1667459394
1035247751846653952
2208545153
475696668
7954512
517807739
129172726
2202912121
2325890334
980343780187439104
977946556522553344
86268246
194246647
473779739
2937071
965947286500134912
961267353148448769
2889761842
813773500309708801
959465140491030535
72616699
1300969417
359017793
3613759816
741053685237682176
20590436
237279906
15479119
936291235060486150
329633142
915863206274519040
251646636
625888023
707537882894999552
18509815
267084486
84618490
17094994
893952016640290818
884495564418809856
4089191675
879970188166352897
490378641
871654102857523200
804616329235992577
857179605689565185
860128703816323073
3302592964
847438643568525324
4004799797
244011195
12397052
827560256821723137
4338651552
1313612366
829350187671941121
1032672247
2252117173
827101478531760128
17790550
2331747024
1453702609
807942383539208192
23823768
4211886201
413250382
4060944394
189118361
188046229
1944772267
4894621318
1958467302
769902361934499841
1580367913
327351642
306425450
75041621
2864031515
761185338161233920
752449903511633921
758641170717274112
728498282171904006
4867170735
3291829229
3030939679
12865632
722679764591493120
84245670
2885138213
229793966
1401636146
168975071
15841047
120021338
1075919204
62846173
717787783302131712
274944090
712579244807815168
73175592
358817277
23955076
1114939897
54220147
260312973
202103663
4067811562
77128325
2819444202
7678792
48400915
2789771263
877123430
247038410
118334128
2868195927
14341711
256522005
3288159119
2230169828
1413653791
3272617093
3225994289
492117761
350164545
2387248926
408521540
17393929
15287607
2575124365
24154701
214660211
141560205
2991697611
2177768540
3064327337
96563430
2985960934
157629358
30205290
86573349
143542394
1281526188
430570985
56354143
2966818427
75088173
7431052
2870527475
223987281
2885692329
241508214
321006177
2882658777
9662692
238512141
370314192
15452179
1880881256
2535120306
18846912
515180748
226119948
2794714168
24894311
6256172
2243759660
234836761
28987969
1160959111
14152044
890901235
18850082
97876968
317794350
102975831
2734825645
18581687
117361084
2365466774
38350102
2523060140
81429866
17639885
33453065
569386192
263846504
749502122
2341684417
155855754
17563531
46941139
481583877
394137353
408932801
22288031
627203113
295600157
2291620716
42020606
17995014
207452762
134028036
1283708042
14322554
2223653197
49319793
51559106
106372578
7941952
160501972
492112244
2173589754
2183018767
2172749406
164603468
44873140
14908647
1651216830
1908087396
1900795753
837850272
1896407568
560929553
1212173281
617143
715215786
1577581158
126312241
58920430
827190372
1418310463
186555212
418839574
7409472
51468468
14148941
68431882
70961544
239386863
1000396266
383091994
186743776
90048502
145429044
186229901
554559360
221397996
54807461
14755464
240680272
187345009
18301638
54483914
14435580
574415904
115917954
387798743
32543835
296160363
126776994
203825050
66322723
17170408
23344275
507871280
2331061
23595544
34936414
95389783
73067615
195851856
101201724
313817360
609513
425756830
70583977
134056737
132112397
297280730
359115827
278987636
15465801
5894872
18759761
28776554
51530286
54711914
37493080
14600764
5751222
226510471
92838930
261760146
241315251
9758532
12778712
107353818
237062549
103394436
136636657
11048002
59870857
81786887
17297832
93173268
23412392
198429575
17038733
18716185
192900746
13241162
14898705
137694060
23634659
83827562
56951613
109622860
39316983
88776463
83903305
92564060
6854162
14905766
7555752
9524512
14582008
39321347
14581770
