15005347
2390834756
3142412482
141899944
1240187077368537089
55605509
24576030
94926182
865160954
836678619166486529
1044731967424606208
1049245613844570112
53647530
6159952
3129140633
832581319456673793
827056472
1209406800
2907143964
1564053541
772080865627242496
221514260
806860185293750273
1213198179321044992
707024399686193152
17629694
2362369514
1175125905829695488
1333413444
441437332
3879740056
1218582519106482176
566845456
1103601012269441025
1153649023443750912
14106157
488147088
185581741
115376687
730507316123082753
1225697811649286144
2408917458
1011857631764451333
240359113
35428847
990246476113694720
22806217
755385467235864576
1009672252986716160
59420092
102417559
48083162
399172486
1947934316
1206798744751968257
77995425
3288667978
14341540
704584223026503680
1235426146876919809
15349747
1002205809844080640
2243754302
44136548
2745451198
346681716
3184429776
5835732
115646665
89689000
61953933
14465898
2906083852
14063149
3367704472
1009493535148503045
1109544948838424577
324104461
32090246
901062257567821824
447303546
22705814
6683472
941735735400550402
4457072112
491821358
3814658355
1095633096026849285
1284236868
3151847453
224393497
118674790
1155872489555341313
416050185
1200147204679192576
462551660
1222617037199101952
14193564
974386115464622082
114582988
1230617791541022721
1957689138
1227223739147776001
45590048
42367478
1202659018663223297
1176313487984930816
525554983
1208509869881344000
1232392413685125127
1142047961779724288
964225392688033792
5912132
26093892
1139953594071953408
1197778309834137600
1072428487263338497
16091745
308104721
138370360
16596268
4838017586
2581804765
232076816
1698010434
232332740
96348796
17235989
119275747
17781158
8823362
16289856
15971074
866467558114852864
2794853786
1144301762330804225
1228496916066947072
95881469
25607382
250267384
806757
907598382511874048
4523740697
819804839127359490
167735563
81538231
797081765487722496
1124442634229993472
79018674
1203069902896152576
28460647
796599943
213135804
19161448
134652206
7913132
55593159
178993327
85927717
7990912
1053019533231841280
2205284431
117846486
22572168
2917962762
964889827790352385
1870089331
2891949165
9723702
147654165
7516232
15747424
606912139
1164982124211888128
14359712
1216503833712644097
1186317253316239361
18015738
772076964849061888
836445197508673536
716291597139316736
1224053389232730113
67704709
133684459
7914122
164843398
7068912
1392959546
1108154493185785857
255517813
4427972598
22749950
224653586
101280438
598228596
343620571
17888056
2566421
19316113
23622967
2676295573
14305619
300140817
1108316209945165824
4140058581
94049777
2166649357
16141545
805318034206265344
621763
976418130678304768
456992870
21177371
556099299
522308639
1177551219612639232
15177919
23863969
20298842
201172309
99670053
18820495
937715702
2490903332
745582409257713665
917405209579655169
827079258300375040
417748671
1012355031549513728
283200815
10313032
16947186
110198955
338472060
923271823189598213
17628591
256900512
15040566
962517114
21594615
153158056
8870242
3722156354
16130949
1073388199
2856932848
96435044
2587227937
1029004962712506368
903235213207142401
95050134
1209736372799647744
14847675
383492529
2544981
45919599
1217485411443970048
4803783088
190359116
101682038
236681518
1195000384470667265
961700113080078336
62687701
1158843403133771777
971627635
179693626
307899394
17398866
825380936464420868
844604425
1200483705539768321
751659994911739904
19057893
753739746497683460
10454472
14816103
21495299
5013701
973910663792865281
23608848
1214950131935711234
45671972
110410385
884873207865643008
851354106652377088
1202249312941543425
616345985
97795998
73049935
14074644
2714874608
908667074804776961
12688462
1059878944520978437
975966037
1085911048299794432
79964238
1135186322031808514
18966808
16437921
872643805794775040
314040155
14198865
149339028
1051783675
14612142
17812406
115635864
609570013
4020476833
123115671
1053702313087524865
1166799267740225536
1624141777
4267952182
3725675180
1163086587430940673
885855053789118464
25003235
1087176736620466178
21655249
10287682
1339481418
617456996
898537063481458688
848090270
143164552
1199692107289677824
947162381423120384
122177837
817880
1078424825784193025
1195163061235179520
113218622
784289846755856385
444131405
1171790856853962754
1197303857979613184
117852378
868590631
264176117
104543082
979890800350806018
435623355
937758776349863937
4579901
12705162
12090712
370827759
973081262
248713708
10821
14407953
3090103157
1157252767427129344
868729984625647617
2994024412
91177480
10626512
972199459592470528
1027618063896780800
1171755563534839808
738052671236628481
326367039
410492373
32863585
738950691373228032
1126627480784318465
46666492
1115715083735187456
888418914874609664
2580082782
42869089
197956403
1186866380961796097
79453994
258465378
4642
812037998137196546
774962828843384832
200044474
1630030681
88570710
2791648641
14898786
12042332
10132012
365643971
154885144
926855192481619968
14338256
5528532
30084494
18042701
339991963
3017872099
1182519883734700032
4114318992
553557115
131519990
455140824
61360605
254500640
1439668334
1703156040
15376576
622907900
25926790
113646008
4664095639
1567529924
923591677335556097
1062377316
864595740
1181948623438766080
568646506
5875682
246800845
38150174
386505090
27241881
10206972
239378890
16795825
17143946
128598702
2723294156
16281145
293293497
1224171342
55766065
527094727
182109566
17641220
2491933565
152382384
3388176095
8695992
3312334914
329179614
1174738656638230530
914175745601175553
7340482
1021051236852871173
19260808
14294334
305719811
7037732
268455349
2910702842
1165560114910236672
112575146
1135723190293094401
6780592
2132641
90210578
15149847
14103525
8723762
3298774073
41529526
8673932
962398788307611648
17170196
285775094
33399687
571946293
440230499
751415508709175296
14124839
771634088
18466352
570233997
1145569826976358400
16597587
10250992
62092090
22486605
30773109
374001198
14227238
1629341107
6578302
1087405533097852933
202292485
3175528920
1094411924958334977
1154640605189832704
15892022
4794407676
1068951084
921571811854290944
709543904
94656986
1084571395923820545
189452323
1475695608
1747321
194681961
30749175
115906739
787841943128637440
15292591
58017706
159589701
3161644544
473698276
1080924189278666752
53890277
148540304
14371632
739988339869122561
1147732208272203778
3405861555
318410524
2379782084
145836503
15841487
18743249
830016422
1618431
3657331
19267830
310464223
1063563165722705920
104852169
390990214
372212676
2511221256
1163268296373760000
2537737182
112196068
1878675025
875283449564868608
1161624156062044161
205794340
2981010834
592420953
1164155639947563008
1135506924886286336
234197454
16284661
4818330178
947673698911191040
1057950629300260864
398013310
185547617
14922740
292140816
95720641
1083077056789925889
3404368475
918987311433601024
275439590
43598952
14558569
17136564
16039297
831998558438096896
48504989
4872198972
16302665
20337045
895857055
2477377964
1024614790310682631
721588970
58078935
382489438
1405358617
296854671
40483275
1682129112
1247293874
18677659
1423193340
16040428
111330670
21586240
271361706
41954721
16266190
16051071
273404950
841686459685974016
20390469
48093492
28962074
32526822
719184444
978729660933726210
119624808
866714773727072256
140857244
1113767039775043584
1136284660453920770
3039061068
231497386
239679516
243377304
741902455638745088
32108165
21551091
303974979
16404920
2819790952
25109606
348549816
57073826
303948032
1294121
56784509
438618158
33684466
292670084
17452614
1328790726
48958732
1104725548490809349
24075454
958572474
248961109
18342085
3027733544
13847752
2886997701
773752442
14303504
742289770974445573
100864540
1960491
53352193
4514770936
204356184
118541700
1219347090
195882574
1135180545489588227
4738388610
710545257549594624
240829876
1051484844
1120553663217299461
6371012
1107649409452523521
700711989673197568
3497268500
30405132
1139257168929181697
748230928481169408
49420481
90208576
30286361
1126476188
475788514
1051775059486957568
700560219844153344
13689392
5670032
22163765
12846782
2168422994
927904059222319104
58063093
1138619498167017472
1060915788465336322
1091054551745077249
275518587
775715782495989761
2789208758
17057728
201400938
152798426
1295549954
960070746973360128
940501422
2289397237
1120930520882221057
1112427287461294085
1117601734413578240
83280323
842544378111516672
1105878378773704705
7005032
169505740
498249924
3160002630
1090279432315645953
1391209044
2377969267
202043059
1126844225398693888
10688472
129847684
4850302216
1870044535
9151782
88982108
89648239
3374261
398466110
950155460245622784
3259381
9357
4442171
619252055
1332891260
1107155581306064897
1027256567542898688
753095281768534017
18623671
1093350762116145152
21239409
83234361
1460705424
4284834612
14375294
42417984
4822316778
14923504
992609726042173440
894326852
883370717412298752
4634041
1115858510196170754
3189837080
3304498960
728629981904023553
1105715811446972416
979447789368246273
739271654920978432
1115290019692994560
961600349370048515
217538774
1014112885738483713
963361056805588993
2557477453
893123403544014849
903991752482107392
851115776690065412
1090260804744601600
457033547
421147905
1111497989317644288
2728949202
2265791247
180898288
80895470
1085916417155891200
1104001402634944513
1075594963696545793
138966937
990967585083723778
723529836686389248
1105301064834789376
835239544308006913
2789432489
1003307596877615104
21228519
2982078561
257151647
49620413
187733092
1357681352
850398833766957057
12843562
923226145948160003
1074017618087043074
1004852513961660417
2337389724
1101234749375430659
1095744559613702144
556162290
851430115
2332206266
15077967
19067509
1024034532
966830733141598208
88872192
135002664
2746205556
1062123997
986934386632278016
422206061
1053637577943576581
841060904456216576
39964547
34987747
18733741
2547412918
536586070
3176561786
15231082
944282749321601025
204217929
2461734883
1097632647596130307
1083309759728680960
978793953196613633
1934792328
45325955
22218912
780490134655528964
31467373
422093006
13611
197347921
19940836
18285088
328203
966060217963307013
80703
2492474551
20438097
243862568
163511574
14252767
11704012
40683665
228381057
95347396
11816472
134194959
85556721
35661167
35715191
985978122007957514
368713461
14574447
1530096708
371202138
89490206
741625686159298562
1085278804644429839
809427191847153666
901773635962195968
16058280
4217023737
53393702
60760075
791338290641182720
130963706
3224063099
1286116932
14585205
855552702822133761
3167301
54756893
1013416270111404033
495110446
14763065
1090276600661327872
81233174
5844892
938619061658726400
76328028
26776475
45297280
5473922
1089239702102630400
809519775735050240
64306899
1088978330253111297
1083456101180497921
18607491
22886553
14721255
774575
23587474
1012308064136024064
1749311
1086616874601766912
2806287267
195062040
923832148141805568
611519946
408912987
1070602609667510272
374531891
770222977115914240
937602483031040000
6176772
437666082
1069545087795900416
18713607
768064541720768512
14966068
4262927806
623734661
4818874114
4324751
14453057
14297139
1033573682860486656
287684072
1027842808994877440
192388942
2386026978
387060701
2308896786
1134754830
14739250
592920490
362380525
175534964
813773199389229056
47654721
3279303800
795361975312195584
30622631
1067291668288872448
416861589
27839299
932397678
41086468
15376960
35982742
51848919
1369381166
47350584
810595828385673216
2175647936
732227203929374720
344901939
43780336
166809034
13895242
836946711448850434
56596984
40026527
1053072473795657729
1072904626653978624
4924935601
16713140
2339266718
19989571
4312006455
14734687
29156410
1877714197
44104818
839068743313555456
37164766
212395896
19058076
5965992
787880096
115121238
476011586
2307675307
913026181007597568
1264326408
8004912
252942885
14293328
24690628
202674012
4210733499
5674722
834176371509297152
14921015
157387378
785598577238126592
10191332
945778195797823489
14421746
633491722
80589255
43549830
15136500
21621562
992045828356354049
784664782028824576
9284062
369566297
550838558
24129105
144868175
39700422
264109392
258373279
14164862
68806177
321166384
2159439227
40129071
1064766399153938432
1061285911114252291
623863
164680518
1017103984178298882
897876709042786305
21718783
1021568020660019200
1020485969378783234
20547445
869233870851391488
4340603536
451240433
248922170
856652430381121536
587663587
2595482646
2535635137
234775018
1216166671
952994569347416064
1058369492173185024
824973995644682240
259363879
17982417
828964462531051520
1050303895027757057
48529642
1149089856
53170803
1003616379264741376
117851977
11547582
19773529
1482633894
46255806
855031942911332352
41352563
1051955386675339265
1011800733610475520
14083989
58759109
4563181460
367202625
54576458
3260478367
3070787153
1040673479480299520
929453184095014913
2773111
3318194690
6109952
6041952
932224778013900800
2351468094
1040494042499506176
1325369768
3228647204
358148844
30338558
3680791
2771313116
67210326
14286833
80523
3078650228
14520731
25890916
95788507
63174954
16361752
560403531
1647753168
1050543948760903681
1038961507181023232
1017831063765147648
7045142
3847722016
202661088
936322941809074176
268078584
481402614
2985035313
1020256523224866817
34677653
18721677
22571664
2456832008
837065004046241793
1034437982424629249
15294963
9930562
202217941
1015542073464901633
1046368562573651969
1043230572875837451
23565831
40291925
2788124949
1041984342661070850
209093267
3380973898
2752252150
156082322
448900094
140582245
264374958
181749560
37157165
6079322
903085822857158656
212358287
139544417
80829521
100590302
425999056
990720132174483457
1652037109
2761751443
722213370
1003660257896402944
119968648
4262084513
361818750
995588868798726144
1375395487
842542386857234433
786019086039977984
3301171483
2626316095
751930557454438400
973005503264681985
16798013
992310406398951424
347940342
1024966413390372864
419418398
1033038620054237184
14065217
1006133393455828993
864646945104510976
1002677259927367680
926710567007485953
2842148117
212215357
9334212
3046567804
34698700
2831699765
2557387046
28896389
249247936
1002274455576428544
221057287
13882082
1244115968
18037903
2451257888
250531529
126108404
14277556
25604254
2994021932
276924159
16996308
1625212159
16016151
86563553
25103
14162167
111320672
30405490
264436428
763520396771688448
17559542
34952760
60475482
175544287
3663051
14367955
786780669607235585
3550869136
14317401
346039241
15789234
608309261
1650362688
390169562
222956791
46113
15168726
14225498
1028923554925031424
15223040
2997325172
866721919592275969
3026150800
352498809
17073345
18634321
86534125
124583487
14402296
958292284361109504
754993
14188974
4088958078
92396712
17954385
240764941
24031455
1019381
1373390360
18638888
267138317
235663074
946741764
19237151
493556576
12895692
9401662
14124289
852871441
54435626
17110821
592019229
2328262944
56195342
18309740
953427976154050560
864967351
35133148
4127605924
1319534929
253464752
432156139
14930787
216727067
2841111
2492326920
65563673
964145889777418241
221937840
71065448
16489982
982364316363042817
938717354568986624
7861842
1960746648
1018474430635368450
14184770
237293113
517007964
15300519
71762380
2756479056
82564066
47418865
1000810567601242112
946543109856378880
3485892075
781382047319232512
96156734
2347868803
1205576647
987442170482356225
273502031
1012921188144828416
247607683
1324992859
94205766
118979899
2620238441
742807780294316032
951126594223005696
153500398
2811840357
16273918
3070393079
19324727
1006940781872078851
19649700
21759987
14089591
161856832
1001170985603616770
137892821
1406694301
3034675706
15787578
10324322
909625777016197120
2704839457
963153285170438144
888211
15366733
24497309
19002156
2851451905
288999876
1003921412636270592
15387262
22122215
1002573108178571264
1002442444724551681
5391622
998718742967279616
823358714413391872
3261073446
342421353
6162
17025041
999917844199424000
7370442
11023292
999773385361186818
127935940
14148272
19685068
123666930
432748261
809512
997489282565705728
852759814027354116
2529341882
734177286656647169
176496252
995268298165178369
1152042212
125137399
86328489
1159442503
992327867869655040
26104664
134282489
984194129511890944
2550433550
1613846774
1278590586
409128373
3109235330
40648129
621189880
345607287
988546983223754760
69767393
344809285
2230104438
2678026149
974185748
46611698
16844678
162614293
984869781428830208
2354571403
1697769560
16685112
819673511186862080
15146957
7459092
23365585
17814727
625762424
407296703
2170161536
1340521
114262960
962081598395924480
941709126945579013
278061788
164455177
17742847
97114171
941064350542032906
968117553934594048
4836696387
158272788
397305172
953810732705083392
16985046
8612022
15308824
978026151770669056
25337234
14788196
1497079207
56834947
49912688
1066151600
51529520
4829417415
6810142
970665628750270464
14053355
180012200
972123290448908288
18088152
56378617
814018189109710848
17639049
970714256931938304
92116297
714597582622711808
18351040
230177047
11041992
9485892
15835654
152352998
15119662
2611802689
131655479
937699644066451456
28288992
437091103
19923732
3234811859
70274636
5610072
506778767
14223222
76697257
317495910
2570394258
1380814200
2665741542
549922834
55957641
14258599
14248405
172472633
89276193
21556083
2264725987
964982189535395840
964988600281595904
1417693968
487042965
855792379
725502839359987714
2188952251
23282374
61233
12417322
633385022
6440602
1514010780
2375818562
1588382882
41135958
14336585
15394612
716397231839031297
16517063
263284253
19575257
2249379792
17466304
936983766798602242
57326380
189293712
112291041
210583707
2871485014
3407251486
964171900825079809
963845940481351682
615999962
961832418981289984
167425934
2888022350
824546125755650050
3092104835
954481936810041350
886537209695748096
3816010100
279028976
434074452
53382919
3079405973
2186180914
742172087431794689
903402118404386816
719221976
33731196
104241306
40028458
210798268
34452669
18242771
126404555
934792637227380736
49959563
17196120
954491266355613696
16063910
85367596
11684
3013478586
951592267579523072
791372034500550656
96899214
949274432886812672
949706583117844480
7972472
7681652
938718207116042241
888150500654424066
91397771
779627
1197079591
728641524993400832
1881073466
893959054804094977
858365275133136896
14678924
2698660387
415848544
14778803
142086310
218677706
21180469
147673770
269032147
159698838
921526884558454784
16411898
71906095
75394366
181421156
34778769
14259060
3327588810
14825303
12941382
987539148
118942583
15058596
742118289732554753
4819228689
166667340
20993764
526485204
126298370
50822249
21976808
14600604
14240511
67696680
1336022772
1151966941
14907793
895889361610264576
841600103014113280
738339148130623488
898071131625738240
1381745642
813704961414414336
193275743
1965664080
6876112
387769928
897301759932080128
1603004954
2460218383
271747463
253782291
856614892727554048
923718266354356224
907234400705769472
1327524403
794605691721961474
809599534183628806
34408318
28509511
818902
21432533
12305542
15173724
10375362
199996938
958154761
4519438653
769694
924634010160107522
298494840
745356979015606272
2943613557
1374303379
239656283
920536608243191808
920506949283864576
3014905567
292197566
2561641
190756503
2927430437
129762487
2154482664
1249811682
56533469
13593802
910689283551432704
3468750976
142349623
1026971148
339564964
370331549
919403396096053248
343899936
204431129
14956394
18840827
399370021
398919051
75769382
712968954
4692750739
12978012
376323002
197428268
739141253833601025
99133748
87989450
13735132
5339
405316501
915924716363354112
16607897
3407393824
778471146
22827114
893286209912549378
907980264940244993
16344104
245060834
4726085472
2255745990
12434982
736570331826159617
812008640081260548
836612050965172225
912815208590016512
3033407924
2832410740
912539247256752128
849646520563576833
14710177
882282577964433408
4161310818
3674082523
14258776
911245645834530816
22514616
198362099
2358934603
904030896449310721
900074320151674880
893202686480453632
139779123
14265755
75010581
17168495
196477831
901906054367375361
81061781
878496654403321858
525507272
554377128
62464753
57367121
631457916
898263939204734977
14931303
2872411530
904995512503463936
53030039
891618742471467009
18317000
702154128588312577
811463427394781184
10100862
278149083
143827250
898484315943833600
186584502
16256207
16348472
6279162
14268006
15823636
3871843558
7171702
86364019
3166389583
108512211
902604956229914625
207023857
1877927856
245932669
900826556276379649
32622423
850958178267258880
446761369
16487505
2989164606
787782718469865472
900104712632094722
443871366
1285658839
15273470
895340182261698561
1917711091
68103081
10179552
893453951428734976
845865702728830976
860863686633635841
896858388188901376
850021835404189701
24358960
869397839239159808
895077135152324608
868840073265106944
4877151543
886282119131123713
896276921830576129
879061227837771782
273323724
851712120307802113
2577649342
588623458
850416452205150209
883540861614555136
859989028455800833
615265740
276328943
91373445
727516449854513152
758229144996081664
228925627
2655080021
1464937273
891155754706550784
796548803075575808
828101
87004913
14297665
864529753260171267
7675672
2161534044
4853799334
740396083210297344
4920004923
891244548495638529
2591401536
1525756268
66265075
22129820
2244216972
163997887
890470497061830656
2363062982
3091727027
889515594403512320
120345879
888817872939532288
172676602
752968176019861505
887681112473915392
594911207
2241693901
4879163219
993924318
801618061228986373
862713041699446784
24889911
872407203675820033
64954849
48604708
834736698030436352
821879234
858424361212104704
1959121130
380217054
11647562
15137692
11726242
30312588
588823371
2301852505
10809412
18363942
14074078
886131541033721856
3307333184
1050431
29748004
123432518
831481931846000640
14452322
1249547444
498834800
44897207
215379839
487724021
253350725
4626346103
182675886
723989069730959360
20202544
2887182149
57855801
14197929
92100382
53599261
18821266
14220560
4767174631
4918823410
4923865017
38796019
606381881
2806149105
74084501
23775909
36145285
309422979
845290073444827137
16125527
29255870
3911238923
819971357127671808
392491055
11964432
20573877
875941805656858624
3004931843
855853549841924096
3169572185
1719328273
3021944492
3402524320
810249296821878784
111743
50759578
13137632
876680505550393344
28158963
1318765896
20705255
846610206431887361
868684810142830592
838395551586611201
15989237
1470829196
17193731
822154876989870080
510659981
865877222380494848
41198329
35043251
3293173953
828169907879698432
513344799
3163106077
35210794
78411719
14158574
2910940844
516001484
23704470
990379806
398027839
857369036245446656
68442845
855699368585842690
16701253
2335420274
389651095
865127341714026497
488531969
30057028
14748617
3947602095
869149375494279169
866837660983336962
802728284299481088
709138388956422144
867382635537899520
110755082
18058592
108103370
1683667494
31693
3053090090
110730064
37677375
24987895
17056605
1859778475
2890232683
3959357353
19552154
838806835482218497
3344116179
274590742
15394718
4915364634
2827954789
214327907
861313151920480256
184045349
5922312
2815377743
742944134378496000
18092877
15482223
25658575
1122944430
4829901
4011297435
213716823
717903483
2293594190
854500224919896064
2291390918
381292997
223680024
295434849
246440895
10178852
68012722
37667306
82363
10368692
15706431
838210233310806016
1553771220
861371829784543233
17407196
81302721
472497777
14226206
395367768
1505278441
861243034029215744
77131411
705153
2921310605
15662351
94133565
13949842
41485866
3180119743
33787118
100612270
14509080
1472526193
3595439354
866021312
969275161
792047908711387136
117180915
407175927
302762971
12776922
14656222
241450007
14139773
1081105410
521769198
88408565
32167968
14111858
828361853021646849
4139056224
15704940
6082492
12486322
16687287
3634651
817910958421110785
3102112728
16834706
22077910
3041730866
1057760869
1694961
81217698
445522418
7748942
1917949286
14756580
50189269
774234
12705482
2453646427
154267096
2868078686
853171364378890241
28511335
859936328045219840
821467153375395840
29092926
546632976
4609636778
838246660945825792
859092197190365184
825631181467029505
171918740
849726828
806122520202055681
1516386300
820535688697298946
16676073
54008603
819356413608591360
113165513
836405052667486208
3065806788
2982245904
799459813667110912
18656534
12281132
16329099
851569493767737344
847270929692479488
457843483
15677361
785247964230979584
121724948
852444412357603328
2872951194
815002112723664896
843658144001789952
55847333
768180732749549568
216639195
103051398
844429991924371459
21779682
40526875
123912662
275823471
9803822
829725559341080576
4362334582
17781983
838557876369178625
704682757121830913
3147153922
2984682518
1605513325
21966033
209599780
92232311
605293749
758266453732823040
843098267135094784
369715445
336181959
19283392
19367980
812863400199847936
1577555556
3011905974
837344358475022336
14149419
2563445347
2468765323
780551341831655426
135922295
28212902
835037536410009600
1341294264
3196596743
2602764740
18210643
86964627
65602413
2698110444
833122019147337728
196593344
800128233651871744
832093466863796224
828688517962276864
828343253640560641
2372636521
352526493
124047773
78632941
827526300076277760
48838943
2095001
582386004
26672104
12608652
4897937571
824186868258500609
823081500317011968
65129309
8865192
45998364
2192945588
874113828
1279892798
4260902172
9346302
14973137
550307899
809796767730507778
44023034
14091119
31435721
2204350862
740920470
45588202
819041170428989440
58470990
794880560
13560302
1020865657
157037923
38118649
719361456
462056846
159518841
610155049
4892846735
2993481
37276812
20088411
359653052
18806059
337148101
721040721428496384
14261024
78998799
4518113487
368342581
48025562
23339801
245970548
73026538
118963
289068811
57076661
801514700735320064
1599784692
39773614
733444830
432222570
12808102
3775651
2890123172
22486576
3195585468
3792477493
249771490
335153726
5663272
3780264201
259157588
2785241686
40930158
14198774
3013287435
790001046
62033538
188874096
3957572321
770820173272014848
751153031287156737
270530763
14414009
2477656992
14726803
805762384736505860
16420925
805227165394472960
19022842
804849040663912448
119151013
798218954577739776
14761362
3301796372
2741240084
159206793
7181192
13826102
14388935
18593319
2557
3433697547
45036394
2655880922
734952825235460103
2391113802
3124485997
60892839
1173281
1530820807
759789134156181505
794193899141156864
795941001131163649
1075327130
798140995061903361
2311051836
2240943468
796821265327587329
63738534
798153235169058816
53919959
14267221
797771104207175680
3447919043
449894275
47350883
793418770802941952
754969
27576405
287374202
24913076
2320020978
856628616
725556942681214976
439623768
755253429254037504
193812298
84364568
2964089848
14945367
1023267146
63107426
2533110830
3307505011
18185983
788447234299990016
788436765552087040
947057443
718026488587677696
37177430
17229139
786685970947141632
292511030
3364306996
1619050604
900083402
745355702412140544
102069611
782031244452331520
321963690
784010776772284417
782239420351143936
4602
4138765223
879595831
783620954543063040
80200818
2547986227
481458064
2317038860
41404824
1591568383
2195724427
60776736
21277936
743066152683835392
17406350
781352128086368256
781143770637017088
18188894
2948479996
1942771765
14120630
14303218
30037781
34065615
774989834649763841
11789832
139164743
38490023
4576181900
774950431587983360
369883086
740009818530816000
775362144179097600
59363
774587172955357185
281544814
3374261534
384095335
1170517681
763828229169872896
773744001409310720
702257435621208064
705471437742731264
15484441
15075911
125049610
17224240
757867700857155584
67350456
111578499
4851387972
59954760
159537136
2735929489
16690584
56823695
5682242
8962282
21279871
93265817
176724026
11537352
750538059637219330
160194341
4867175643
1691172950
727362262785249280
2916758736
75667496
740017008373334016
983375490
25869266
22564112
750538999
769672045466492928
2792155608
1075383906
563070414
18045927
90343083
274847532
30957934
23543652
2851047093
763476518802776069
136427845
65880597
41527538
9381512
13459532
17630640
14029892
2906241150
4028220194
152936797
112789944
14525488
172049437
15672198
3270900968
65536507
745631823317864449
15301959
110244676
236305811
45625102
3368060399
1150515888
1344721806
14134156
255316729
493516384
19824375
246582746
294127712
2782733125
1429148504
16659121
4715743993
194811903
2264971256
115180657
750903998232879104
213874301
19277302
37444327
1462641318
4481430555
15388341
455352774
745071630615871488
16907385
734904552000872448
43288900
717833966418530305
964706594
362954590
717138032240029697
4877671281
901901850
1656141438
734273629186203649
14574695
273808339
24230010
465233922
1120263900
736159876481683457
718663092305932289
2847856998
25318107
117806828
473199196
37324083
2432505306
752886971693928449
2174311068
348294615
1941471
4729313957
125434722
2556465757
1693086973
2735246778
236216227
4765141
593704384
3659529497
1099971
590630774
15632872
1578282156
1381821882
312104224
15392140
703006449769668609
19747132
133359130
789040471
17496447
27794232
720247419028439041
15534230
16788063
24056023
1327222080
19203429
15173209
1609491
4336695073
23527373
4587116540
121932534
21129375
714345607947636736
14412191
4128503478
2618181390
430503522
16819098
1315683319
740452299575820288
1568464183
14144677
738424687814938624
479931415
729593173752750080
712365148518780928
169354995
14447750
732663547566514176
130618701
4443122476
965601133
3557691135
735801405303357441
40899595
1304641663
717734368983121920
14850255
22477055
45858637
81222959
2228165431
7773342
156056396
2694935643
2924817934
65562953
77801539
222332770
18340019
177981247
158065720
18587039
220835850
722810851204272128
23056720
1861562977
713109028176588800
3238764305
731812039866388481
26999732
150348736
725872477545586689
3192502890
290620644
14601735
609015892
215869009
85761953
3790793595
1531838156
173880987
278715584
1917571
4434096672
14361975
1017428432
256710381
23309446
29206908
723416080744484865
3058603317
722752933457059841
327159691
724143529962942468
13221472
2151311899
2770576099
276425466
551555903
41636987
1400335483
3020427927
723076814336184320
425908644
516664616
486721695
47335012
9551792
10427102
17999806
4736715862
8121102
171385548
15792141
22087064
3434295105
2915783122
1670213388
707568405549682688
24657349
17055811
1703636556
761202380
4460909843
3352357133
92610385
50806423
717746648298962944
717875105246928896
21678051
2289965725
2178608072
14197644
74534574
3108369027
4837601040
392497899
2480088523
237434541
865800722
42092303
52477445
695993682307186688
752373
254153974
285163023
341617430
102451712
505624877
3418512004
66323100
22129491
758758
2447343706
14603244
1550394662
463070768
30924802
141713974
13493602
706944213401935873
14074488
46084005
35342606
12806052
15925663
674553
33988358
118827007
708015144761044992
710856085779968001
16247414
709685491570839552
1887724088
702104596660019200
14879896
4409903656
179871209
388370219
601369792
68968983
129547751
1952074310
69373837
13332232
4535601561
82232405
390422416
267942795
853237608
703724059427631104
3010380150
702989886513553412
4121718382
600789151
2813710117
702230422156140544
20692934
2553712699
700688748229427201
27834352
40304013
26379044
3438104225
512066764
4924201394
6041492
6783712
370743900
21672825
51790773
3401953846
4875249973
171838948
2327560616
226490330
806065237
2354703404
18743188
26580637
27825765
47838357
1858828674
287819240
6297412
3407071029
3043831710
205914430
46434769
591580331
206386791
21332657
301590248
2830455554
3761611220
2546826708
26693016
4865850765
2260439443
14689054
341251022
302066814
4853203750
2313431618
3260801419
40637431
512455043
48435298
2801974764
4775456054
6494002
165252290
413084297
34339576
4054267282
274560483
17014997
3895559603
3389353540
302195998
238501031
1429974212
17428015
4508497821
291391439
89213335
15596051
3492399373
4734635176
24756255
2798642274
90419892
15936833
1286823222
3294407617
18902263
4500991880
932388692
258099845
7174152
17796491
51187366
4673557272
4616563041
14067806
203071766
212632603
578245502
3314628650
3633835277
37660126
3936689686
259328745
4558293923
153841708
3254855905
4502024180
15528194
73220348
3910230861
4480707082
84624327
5979142
572322923
1115384023
4442789717
32463427
31269337
1671829284
130297104
67128757
4518894134
2463481232
2477021911
122319646
84217683
14085649
2923064974
49887133
26514443
4479781639
236072964
365938560
3274857649
4455191054
386865598
119933555
30312893
2290163760
3285753739
46621225
20067229
22218971
23204397
4336783153
128252799
14897463
6776772
3218598249
3183445873
3072087192
3235536208
1389499028
8163462
162094923
127873952
3577056016
836699623
4166336177
4411041
1374743984
94134508
2317019347
293646192
1880820378
26578134
7865582
304192067
1654258495
17431890
42782975
3314329154
4271351052
74284631
3064347965
814085504
2557527470
243995625
3367647393
2287576995
347488218
309240825
311844470
3224956844
172150545
44900235
2878297510
87340999
166612118
194684028
37793606
25079748
80784150
3679264940
25927822
14075246
860327892
186236244
609294061
16026293
2828286379
308556599
1074550904
4127417359
2540534136
2381772335
3302420791
275344099
3890517017
2960452900
3857804421
90060262
4057116374
834313615
3858458477
3375993254
3116228258
3360908472
28817592
3465125172
3917445075
48142805
50124536
153114467
14104847
38561813
1401227911
1241159172
3983701816
555119453
194077641
17576069
15806164
39330123
340272362
89572528
97135225
3122193059
2221200036
872322842
2645475122
68793295
3389555236
965142457
2252363473
256563359
16296323
373604895
90286855
14242912
8592732
791300
2885353680
11736872
29599776
1566939476
239987002
2786867688
22541935
41988603
334037148
16265876
3701690178
488502368
3244181797
1477578746
8596022
219023658
3299699348
44721299
83268766
134006619
15306392
164315751
14185226
3058852306
280841827
32651109
1511976871
2151031
3409871
584458740
21238450
15534499
3680684656
15039603
2846588599
15710997
517181968
15508242
7618952
222909206
1887707155
16176291
292537706
14861697
198502132
1950640170
19413478
6246102
15685902
3416350278
417135010
3027558498
298899525
2363232464
3301721155
402458522
100877338
118829521
185150765
15595875
408567915
3461400980
22158595
102676297
17413602
2541913297
3513267797
120734685
3236135617
14079705
2173091917
2300855762
3219743683
299857068
331278563
2994603606
1706388361
3494273235
184140614
15837599
11585962
2499318074
3422567747
14158662
94388567
19597026
258302543
38427300
2491819189
68950227
3433184740
25555358
435768861
2782784040
49937159
25571677
148224487
3097650699
1271285234
22884778
325177077
15373404
21003752
2987635857
1777623218
248124298
14815775
573893761
166789451
371761848
580288661
830411028
1578016110
73313180
1911296588
452154892
2490306782
339949661
487623589
115403989
15318120
3397073765
270411741
15025997
216735143
234290204
1956490195
14698834
280649451
618142607
39752578
112593732
3319548869
3343725177
3149051870
57825056
3060296542
3649181
2680758350
814349
37109824
3347201393
8255972
14311039
96483337
833071
39642510
933623910
30902818
174903883
3382386802
16362648
3380463472
3249855164
91973664
18226249
459835013
2990225424
59611400
2153683560
140459109
457853774
3364782844
2398359708
2891127676
14304993
19946722
394612661
249523498
3251603276
406864967
2779001127
98702545
1358096665
3358226051
16459579
23172795
76638862
502409206
2394892320
2352504941
15223861
1499972130
401001421
20693
848074129
3107605059
464130722
126652676
2560399028
263885718
2968458721
285216495
2798524260
14953457
385116749
3181149519
160821296
3016164436
10295842
28626710
370844675
14162967
437377431
14351413
14948721
149671090
472819203
13397672
14289216
146862054
252646131
704275241
61767160
470699108
775187
89168508
3238919325
242181712
2817687492
41880953
335952905
2813337008
3305373515
174391331
2343043428
3298521076
10288032
1004489096
20300010
356447127
1465659204
18029285
981701
15029296
739736816
14403629
24260071
13773872
984991652
3122157632
17377042
14742282
125071102
89715380
14957865
2482315106
2320502882
133432059
2336770008
420363
16644202
15439386
15076286
2451778466
342459272
27906446
482677455
1047
17812066
2922369049
3016611945
263792919
23316795
161697628
3289058019
14268628
25378212
625324042
24931324
3174003997
415259012
872946128
14694282
26855743
2958067420
14072398
2205023258
463194200
62659974
24168124
70989620
676363
2216478810
295508154
15706125
624323111
1244100456
74181382
2381244253
3214537066
3178346326
3216347950
8866232
1674951
210684204
2264388588
47158053
53733390
3038433842
63690408
84464304
171688128
20077732
3172804639
16684965
207170627
48406499
2648333923
143055092
17165613
14668470
3130825979
2856721637
2497107492
219083847
908716772
8559822
627583709
783092
3166191179
3131240640
2449901
1091493240
10936712
15938436
597293451
145974954
3131692948
2785525117
289152917
21132950
1688968382
3074774411
96158995
200381069
88326297
15641255
187385018
353069705
64269069
3107571632
2455030998
67202886
2859927823
156498754
2678564004
16584471
2976854638
23635163
13837292
3065947619
12807022
2485826876
2513759822
2499037160
459405164
2967265052
18948658
805286150
2962767394
97516929
31500049
564185962
255506976
318088648
471721342
6132062
18248488
14257081
7385532
627685124
3058413241
9362492
8312762
84428533
472869439
3020008078
813402
2255846066
970312524
1159971092
921671690
508705193
46682544
379739061
82368315
26241183
22882670
2884222178
2417747521
3010482913
9256802
14639127
2857093018
885975535
17580206
2749739916
82233331
2589738456
9622552
14065408
2907353280
884424865
2806656114
21366739
3033978584
260708850
121483860
146251230
407184746
17516907
340515975
188879230
428058083
14706299
17056057
1679219940
590808359
14610285
3012628964
581371523
44842267
17103073
2987546955
278960712
1686020359
2981431
17481745
2982988025
72462526
9355632
19131613
11047232
23367958
410541438
326392664
17109422
1131878900
161428879
72931922
14651040
14226772
179641863
2260150651
54950832
393977279
15185309
2663744776
15778092
2896114275
52906060
40335617
147989855
14552092
2518799695
221795935
1677316975
202724099
36436642
21769935
25758679
763730281
14069874
3005530325
222490604
14324627
16018289
1509553087
201623871
297504049
15254955
16515363
15386805
29678151
302510445
290581541
19715192
193339387
219059748
1467631058
14690757
22106360
2613761366
1380332994
14306330
207297098
2845879119
15675970
818340
35797450
2955097979
287806806
2462915090
13074702
1026990656
2966262716
2746287630
567665280
1146952616
18773839
151171614
2948872312
137507020
7736942
228614759
2656172273
317888190
2522484660
20094285
40015418
48828197
92043392
1086538034
2883230715
2939704738
16269964
2728418575
573429597
115004656
20511357
16385118
587927580
2363973420
416866198
18935078
2268505760
2925832569
49009679
15196120
38372377
482985021
20540177
2903782475
29646552
176879243
281374556
28037700
705983653
1058788472
2440841
54731526
222036443
1968857737
22120094
1589686249
70520806
16188573
22535128
263448304
1525994575
326790402
412420143
2911849628
389929630
533823104
2877541150
80393413
2353696572
56517304
26495941
14152810
68474641
19682566
8179412
1091635009
145917219
2897675865
588521999
17141720
2881082633
2577255205
16112885
2343864992
66385218
377139166
32205230
293397557
821995207
2840707199
2579579544
14872192
37143983
68426310
447129972
153828535
2790570557
2825096921
14179126
16847222
631938363
2156542176
17717828
2784939250
2790581115
19962850
1927693051
71320367
783514165
14686665
1596519954
98682645
190069993
2855867655
2166087944
576497420
26808343
15481850
2809070804
2588620322
391372788
2894502199
225598074
24165457
2889151129
2313073392
2887781815
137234850
390778549
17498659
14245916
44580952
89594032
312169028
2612770442
22121676
2710618628
478265911
16468695
37764168
1930594154
369581419
423716129
1411254326
158539970
15603950
73522142
311664727
2791888387
28545437
2834968186
175664726
2820729045
2216658444
2654012234
24854566
15645643
2427707360
19661589
2786886975
2859065322
317150569
14381373
2477849435
2270506196
2828918630
2827754272
114611984
812495492
331552941
14098189
737964156
89742772
15705004
461515727
284304795
18948489
42666663
2575522190
17066284
34731803
840049734
161019289
133312140
167583967
2800439751
16248994
5686132
80872959
2760720284
15758380
845723930
2836585362
2797373035
2797264240
91207544
2765429000
135978367
2527380757
129073361
458890492
2616315421
2482510513
537812591
339936456
709877132
271247072
2831117527
56212456
248808554
18246129
343512275
16991708
15187203
17814833
14494577
3554511
24448708
1337431896
2353378285
135892054
287583408
308226281
58241463
806297
44810254
15231287
2812126644
21293620
68680931
18583901
2617076802
91644519
1605060109
15248559
2810897563
2809470158
2741878397
2148417320
315531960
96167895
473572350
1344159169
78968940
59228825
474122281
422810800
83600743
182322594
76133133
8112142
15804796
2443192459
14838518
2214516601
213174913
2777155477
274709226
568094143
2778787704
2337031429
1961807251
1556845531
191994795
592122581
81144061
113152482
4526791
205462074
28400465
265572813
138794107
18123965
2573538312
14286052
232368779
710923453
1487923105
1660833572
15911738
2289933991
90750074
21846563
179167193
67523087
2449368004
2745676594
819874399
1563458881
36659703
252176233
2715096992
1493573827
2577399248
221500183
103098478
309681476
328123893
44121869
435665122
2533272041
1071653742
14072649
69057907
92162698
2180200740
210252150
2456551984
2483596446
21444414
28283205
12599552
16176837
163747660
189180669
111128970
2354943960
14519601
2380770324
16320315
104710814
2350740830
1660820234
926261
444675911
2561719832
109011736
43894083
2362695824
2626230795
33583058
1543612417
932990564
196335310
2628458880
390906762
474036571
382715957
2463741691
1336546646
70136725
1349672678
1219680409
467067668
2614297736
7843902
408657607
14296126
2424604608
2665140472
2443564908
1876338403
1583670547
2271302133
320321185
2591980386
2181485588
300824598
2585312424
2587184953
282266313
14354117
2533613814
40073140
9182942
10042902
2491548612
36946219
25207302
2515040941
17875855
345738416
14705807
156510376
39076692
2562296574
30899319
45853382
73740347
809436906
20120323
2561768048
7261892
264481774
14505174
1642871396
50429080
28102383
26288495
2305894148
55404539
2555626034
394111694
749583
2188417082
5730092
602368019
578544471
2548275144
34254423
20038437
14954345
2361561374
2534003101
189887645
1951240616
2485657675
2289037232
223974588
1148339948
15926485
462789302
951566546
35935941
1332528122
1905795734
337857861
243790891
1404250220
28992189
14713907
1319305796
15493558
1604885694
941495484
2200734514
29629312
320792090
16673
26803375
1444402471
393492514
20174773
111431367
245776524
2358229878
2495374861
2196773358
2483452050
2491669699
15649735
2412910506
861444332
1384942028
15025072
69560690
339777257
202757977
26803301
2421722798
256386361
1255594256
14264091
2336929496
21922808
1379896033
19035143
72083921
624485971
822283249
2380820010
106773840
144819749
95522567
1305940272
433482970
2462951402
471681494
275285093
1950856644
284504731
2269350510
2437263012
269281298
25249954
372819458
18693140
1464241376
21887074
25485154
20528462
2284443115
25740491
1700844158
14862950
144237854
2428354934
190625403
156724701
2336452346
2444837592
14689894
1116625610
627547192
2423878046
703561088
2435989746
16335847
1022354605
2324497787
1184941484
398009525
64359447
51200602
83422595
2188625090
149156529
1724011003
293857435
72937816
1297547078
1413794118
2414779796
132646498
299264437
65668542
1859683130
87027153
14475694
45883723
62781505
2375913300
1876415563
34630817
57124938
19008876
16257396
52542042
1356866664
1106863034
621464659
2400897864
182765153
2409378799
33349027
401047024
1478052114
2394380592
78549448
362577402
411903517
133750350
1908694640
19314041
1543836655
299797598
154060648
84165119
2386891158
2382004722
87725928
2391598225
2381328032
3267661
11826792
159228075
164894456
107444756
2379928975
393891449
2317773451
205364607
2335834249
2379924852
2383053065
1850138870
19400810
729377066
23991451
137436029
241568232
466916030
60169617
2372383009
80408033
2368392169
1969896222
239721827
1730287152
1096205790
2331315517
228309117
27586723
48640883
370523531
18837168
2360461266
493965721
114149672
1230280094
381508456
2080761
1072600350
13948292
1325880150
20126154
47075230
2349414780
22265533
365280154
2170794764
2333227422
333572540
22135196
309673989
20081632
390336091
241585205
15811314
18036497
2281237898
1042632038
757616852
2239368054
91200692
2271784748
14389031
2336163698
2335086553
482309103
236182716
1285976054
24735469
15161217
322981947
518029390
43344140
518550586
2328922742
1687599781
2327636245
53187679
310138488
596137690
25238299
759715332
2316482221
15428857
2312937343
1692050756
473256048
2289954565
1472858888
100781591
1952660546
162439770
2305543092
236901690
2297113278
51810179
1647279758
1350324637
2295095436
2301844998
2238825876
32373181
16249356
2201793540
15845841
1525368056
423915123
14887704
367971865
60283213
61546084
604137352
257334167
87943230
76294143
1117502137
20000301
15680097
68781186
40790603
224765197
20509673
9639352
184151258
15128930
22491454
39250061
2265582700
46694037
95905609
2149266689
2262462418
2274941503
59637853
485426827
1579030064
2214989664
321055684
1114860078
1940370618
56903264
379752469
2252505535
590146436
54582436
46510345
781217834
28114330
45999516
17521435
47253987
257040872
2214512954
461296442
24917269
73247212
1265591461
1397013294
30220202
274567031
1498501070
1185821
2217900379
1528077932
406459739
142648906
707214566
2238188030
839514247
2227097102
385266779
156635780
1939139227
747307358
43899224
1868417629
2203073464
2195546133
53624903
743419194
413803635
31139486
252721946
15212062
965350524
57757336
270373012
335322414
27393668
165518351
759748670
318097948
212330772
2164767626
331679484
105938027
557933634
18046941
29546666
57240172
16343608
1370126366
53887213
71441776
90493481
168738308
220890568
2201795846
321639857
513326911
14935495
582803469
48681409
11695792
19255349
26204234
190967190
1395161492
14954152
35599978
183658604
20242981
12607292
36641076
305376580
80193514
21958855
118402451
286868576
588876645
499986985
237351409
28194215
92793344
95962388
1092453253
2191353247
16012590
9804562
14292762
14270274
133548895
403101207
2186567844
575679158
2182602392
64891608
177392866
2177373300
2172284704
361396823
2178639708
97699036
229254801
124036182
121204181
512579924
1293051
1445312910
1553520378
191633907
326264592
16667272
2167219124
102493019
31297191
394225936
17865227
313786282
16227829
1175205716
1959662023
776471160
2148401125
126391028
266413780
478466850
415785858
1968127951
631413347
37131720
743596616
184451563
20260451
1965303752
17769945
19505601
716482871
1222618369
2149176530
544105311
1966285309
337751043
26532172
1927068997
14437902
97678584
308001996
222495080
31930461
842547302
58914032
390737108
252007148
29461754
184498621
31004099
18216450
635712776
1601422722
410317740
712737371
370164385
16316183
402187177
15936036
18988191
1223742080
312276699
1947728462
31218611
132353765
60668331
1015220305
401687993
95971072
342118296
1713300055
485824667
242308022
7203932
123727197
6534322
46310165
747726187
43484530
134215990
1285520900
1926218587
14141301
806323
43176634
415601748
953648101
262564011
44183122
222553194
432666504
251697699
524131917
1635673416
18795771
429235326
1680302467
16129827
1077758630
129965089
1900552261
392810668
144919318
1854684193
55993415
24755557
102629949
260909325
729702804
1678155368
26379156
167089969
433832628
30914723
356515976
86299784
18846156
102065723
273274733
318026427
1671026300
289253409
587594016
78963364
1615387297
1342554426
79589778
28898485
1671821768
149880709
18700568
125807598
187679581
38677943
14663358
10397092
13507272
117749801
1726919401
602455924
1222537064
111110358
18257109
1717105945
409728421
32736678
1707305558
70143362
1535801017
76677922
40975804
18146496
784467
18178245
13096472
14526744
15477427
1708880821
342463106
194585899
32240672
161815799
625961230
18684144
700998140
303145550
1182852361
36991127
34597383
40001278
1535147593
56394533
1251958488
15494638
126763980
18299955
175037933
15613608
19540636
19277192
260274330
762619622
1593310190
179673637
201351479
255843034
1684256719
1677153061
498927359
175402194
285223263
1671652362
18060651
538246303
20323034
91180846
33786195
1658004013
1657929775
10948062
14786796
1666
91030370
763076972
545433526
300354432
55777163
449072749
24083985
93812859
31473810
301203069
362698540
166095941
872911675
195574692
1605382717
134909695
637248803
426970871
759929082
1615827756
33894923
346588967
123597206
68344278
17123468
38229327
1060946510
14957485
467386067
25996065
18923447
298263424
896685049
1601925830
16866728
1599380316
15564801
1589243822
161220301
180337525
115821555
392777802
53353202
14122291
1498936160
137472376
195843022
14147538
16151632
804094849
28325612
19745974
1245578742
130951812
1515122202
39496408
117808488
1453038242
135330982
57760969
18244456
431615191
38366316
1561067347
14921758
1393126502
8086992
94953394
499073091
792261914
40020711
17490612
774005126
1541888348
52912937
253299110
1537488728
20962301
725884819
1260056232
158953970
95709914
40873725
17631613
113365795
175271895
316449060
80430714
1516815523
305495583
183119250
68668646
266223174
334791059
36497839
381178737
17612137
1499508703
1313084184
1444242896
411076753
23685239
41735525
73433318
38331444
242882163
153051562
823652772
15334873
48683550
47605576
1311599940
92714694
141713379
1005779016
15308946
121640648
16212833
67734019
301600084
247218887
389681389
18338433
738651230
1093266433
14602934
38106401
429343154
16014093
1458594908
98195574
233152771
18914917
248733498
15759807
106478896
25624857
616291964
49690505
1446662065
1149240830
887478144
15185051
53178624
513057839
281590040
424322714
959208752
563200835
343161526
737965638
344497696
18324402
346722345
161685650
145051418
179029027
244145477
24557204
137060673
16349681
50132846
455221661
26014913
287673124
48206062
780025237
55850842
87972891
14475559
20632855
12167022
22217340
1334000796
214205804
273140972
14800144
14205594
21273662
166788799
1413982770
79489017
15354939
317084707
772204028
164517424
1241595690
202111683
15007240
72159414
23136626
31195864
126011278
1247189076
848901
263470578
66587718
155822448
21025760
28698878
360562344
179832991
118400439
244359625
20023347
406725383
310583349
25147055
1395190140
21420935
760972520
364954944
789557766
728551184
17240866
163305140
17531482
20578466
23175591
1096930447
101204739
475866748
781386
292982620
1380369698
308671055
466632510
1378627237
591059952
803777
407378939
16732036
1375470307
1183967742
1377173353
529481486
15203375
264220018
188696045
152249902
10472762
17230484
18587735
8295092
20300680
32528556
1094861227
39552517
448480152
73219858
582151866
1241234329
198639504
28420170
19289989
1175168791
12228792
14020962
161429419
82980660
23418981
15288443
140370955
174283859
58186458
105285284
20809312
948861763
1287365138
16407463
7024672
18048096
285127852
18889796
289175673
114658638
38563248
44388921
1339654052
244162951
15452990
598703510
54528991
309297387
25079420
480945802
1246993837
1284258824
79799117
41284809
92439575
34610191
161586442
18227743
1307892056
1206493802
22763090
62829070
1285887116
262512582
18227996
1205413909
350004549
19114390
12216102
1002371575
304979036
182771087
1283161806
3576391
26980060
45293111
19773917
17049354
23117686
1270798093
268901522
140949315
252581895
30128952
229664876
112760164
115025297
362506619
19417660
14778011
57740439
8616232
1061089428
1218576780
511746654
19667856
5728752
549545262
15930538
16185688
357075684
197962366
177542084
386809385
58278163
476269721
437157095
101382467
15010493
606474396
108926873
11960772
16063143
15377808
399011602
211931407
412785955
319291066
1138788072
375753748
54294836
29532294
55005987
14137772
1222974932
26317047
586057077
113456525
1095233358
63806187
14550795
48782485
16224355
19515536
234083686
19639955
21099486
512356467
254166795
25967895
411819552
177939592
194625364
26288041
16387061
965036893
856675334
140912797
1173980215
1081145246
404013243
117459460
259816430
508711201
1139408341
1165096579
1042672693
475153640
9918502
14117777
1097284766
66142413
29864336
221507850
276182772
418379573
1061167813
123069014
1168510014
259877765
12689492
19254401
24759104
215143877
21484164
48477873
988427976
16844629
127425774
945996391
109031027
1109932831
1077694963
80041679
266680912
71071391
93197024
15897465
802784815
1077817560
26585067
194373011
1111734379
32594401
22154755
140499484
570513491
102323277
1075824524
14865692
418901723
203106703
181961372
367807368
14261279
851231706
952031228
15208143
1095172104
357682421
1104348751
19284156
50699166
16546315
87763178
127487790
14933499
851507336
97442100
550765622
362879645
41486415
273992943
11560332
144850604
23240527
29567394
89365312
211329226
108410978
190211226
180476861
15708205
22066149
62513709
1075372639
64283905
361222078
1073927856
20809396
14927130
116898811
732951493
558126435
9640512
15292688
462552143
159581166
13556772
503905656
157100804
807668964
16013167
269075147
600564598
627267664
720644142
24916659
952070880
58926052
30915724
403670285
21752403
585326960
240002698
7651482
14615761
461189398
16679240
164362827
110608147
841917073
736904642
20594903
20540782
705790130
20081685
795029
280998608
622600917
614022723
334301153
18312111
29842471
605711447
22972531
59311863
415704578
9860432
16891325
75107851
123427898
45899034
14491866
367095316
16992419
287994254
16256797
18094148
14600580
17625824
374598930
399490086
29236736
110798450
591476210
87543735
158043449
46493388
22023677
243182474
131002110
475854245
904498772
846651547
904611607
905471136
376899346
17218626
5718942
449714517
16220911
1252191
17909434
18597237
14936917
618984042
135562854
26913584
15245173
225478328
2529561
440437272
17522333
155968371
123603778
49496869
33091362
706129598
11888582
429580982
40706825
185071385
36432417
19312538
418155653
19703825
3244801
16205348
17696046
296865685
858368190
143128136
19672269
234174852
9853212
366478498
369901946
70767376
136683683
38124552
35116044
382135832
143035581
26856969
17590445
97053573
14628878
335939084
836250408
314702351
847166274
829223184
72848033
182659948
30055761
16217763
246818356
552824596
62911888
99243286
63626449
715385090
24644066
18121476
14328429
14379094
11665282
1776141
1143
19342328
393254138
591635019
177893753
22907850
53370725
199381771
15059486
198601461
28112780
17352473
580389314
539342609
152596996
139437705
19951199
63767804
18077747
17295444
353815806
18756403
17872619
204877443
80320793
278514782
365855998
14898461
23109181
17001599
745653595
368927061
15108663
787457389
206674043
9123712
14080361
30030145
20452709
782010048
14744498
245288478
253426180
279568111
19160801
728576418
67698447
15737988
88951821
45930912
366251057
14847079
606535603
771803857
239831128
380971664
755949428
258957086
83874211
22504591
413822378
17843807
444893643
761639084
761598811
183805474
194404684
15003313
362898122
204900484
73642960
335264930
456353661
15735432
178525792
103901370
166950217
14292941
17500870
15174657
632015329
22497928
108448186
67320270
89804875
201488820
18790180
23033575
21409449
609155930
63237507
476714548
14610077
208856730
63688578
1850731
38663740
18638853
121195024
703377277
308552199
13115052
17286754
17751181
21759163
132372945
227830751
14055566
627372511
27286685
189446110
704155416
17416571
594718667
295803045
533327549
380427696
15942446
364086286
43380112
20695474
141301502
417181809
44956273
14806188
380487244
623766682
350601548
501645060
368184967
342908569
111096384
18093710
616350300
19837514
616306576
254302781
194926341
21661546
41186113
16831087
531849242
97711770
20697062
598796123
15150453
344091845
17789794
11109852
17934039
13740932
25175257
9227312
378728484
274666110
18141491
166972007
69150304
248856009
27020453
263466584
223127420
512090756
243201585
26424723
44808715
18218718
247352911
189532307
20045104
30920073
71138311
44013478
16441656
589409536
168751633
65207789
25327798
171195817
63234258
84726611
33498016
17435961
15185593
15655717
227894810
15007948
37155064
18505899
76853348
16914737
123671429
231490985
15861069
25774885
77273700
36643026
23686402
44015395
403672071
15667684
193770618
8446382
39433844
389424207
17228354
27631707
53101428
552024618
22639816
49865009
414230839
15171302
311526714
57717448
12034862
334723953
20525891
47625896
628113
403129167
333012780
19411476
24480774
189213655
293529249
150992041
161939679
9067172
17198250
111547522
524375653
17518751
114457870
135533267
483007498
398171774
490156649
20219382
473511698
35532106
381867675
503565867
517937529
13030262
181226314
14358689
373589690
520657656
326530956
179520337
330300487
229540294
501302762
18344160
14170452
408785637
90423093
17937980
248303556
95876828
491685663
287150236
14999329
165714281
46418442
14361128
19733492
17052007
481462899
309141022
41099922
33486430
19772792
28971254
36741547
246003022
142248515
15011543
58485223
18212562
469625751
2887341
61539840
9482992
20187948
248992133
64932780
16806748
24461824
371739122
357754002
399812411
244153497
31426980
32657188
134172581
322493899
61772051
459033786
447053080
85508391
52773352
308169097
442689225
18318959
356742115
455950852
62289467
455331551
160567194
23625211
29818396
423477279
20865431
7666352
72316682
14453990
407287052
19664663
160646322
212814209
126380850
24291042
13045412
28391233
13822752
17202007
8167092
71028129
382304271
411206963
361489747
370342716
15082486
24385153
20353656
428585647
272001314
57127415
199890504
16551979
425969398
14940865
18250684
199243611
25528879
23137199
423006442
13657252
113413976
68832413
260261219
307156274
82386866
155973251
17872935
414596674
16206241
250705588
211201548
15499350
328037936
49160324
317683073
17302243
143968795
1051361
20249744
72914956
290544684
281176588
12142992
49389449
384100862
273298039
389370464
145649636
88570519
188141522
14246144
17447616
147355126
374456506
29998130
17890482
384251674
161341278
30436166
249511581
779050
158978330
224163572
20847866
281456522
303306563
24949674
172734642
15358457
58078046
14616639
14279070
370400667
16623502
22995155
218981417
10455532
214227704
255123365
8123932
16106167
15062840
18231129
16636872
16830339
106978181
14157964
140672673
125864859
14390690
14914811
56117666
15303968
184647454
180167156
20881009
8962952
31489394
104423992
19550820
29915533
21096738
14725513
167088372
73398994
73417803
167435022
361967517
17690249
31753957
18138031
38169686
124656054
21741825
176515807
32221558
26267185
69330799
64589816
19349616
11178052
89637018
18782176
197561271
19659269
188772064
320092252
29467141
47994600
123095638
66866051
17159092
84949592
14466176
54907195
316370770
19033753
15928885
14114661
23960144
326673998
28868850
20751238
5796972
28034822
276783604
331329885
321952745
21509975
143800625
130833001
31713796
45487007
308928471
325016725
21380345
313468634
245377043
197444594
803473
14651564
14760179
14437276
112018220
15747809
15941542
16301927
15694469
76358486
10420662
28770606
296751472
73636369
22405192
271885146
18739139
164311653
140969215
153842710
3170161
140841974
13550792
61057318
24762751
97517988
15101578
29414633
14532450
17166551
297071600
262334180
19724631
82462719
207615034
191935385
273434390
17619516
15615728
98217920
18204232
290021516
21176302
293679023
6071152
293690819
226715482
15312928
164086864
93465409
21426120
183070959
278327637
186160783
195533195
286616196
6152742
15826148
95768685
34687247
97519529
172948603
18057351
271288212
171243483
15983529
277320663
276648221
260631517
44623936
14577590
15436288
38737968
8660312
50389444
150127913
8369572
17180806
35656967
110583155
14564388
20373471
18724624
106816948
21413590
735483
15671171
43524408
25524879
90078288
15851599
14342408
74743746
26595381
115407856
115932585
26761498
146463598
238563955
137674928
251761143
735273
244241919
14613642
246973483
57268983
243499853
187607147
4807561
198391878
240476193
234493766
14277281
13060942
17812653
74807036
108413405
22665665
148932112
102115625
14344481
189345208
241148627
28117147
206444851
18194176
154194214
136705708
37090662
1736961
232377408
205380686
195865441
5573992
14676300
151493561
46914263
14813827
131420585
225203506
15920855
14703448
24016429
172115003
1292691
8273142
78791531
18739657
116844509
167790542
44926078
24924854
17531205
119019349
8112832
40666649
17317006
14355712
5739392
16869872
158422866
50333103
18997933
142421291
29923189
136391772
198599711
17481667
37259080
90637902
23896576
193698515
193715361
17846734
16337960
14881895
14437569
11873212
14485176
14388689
28482605
9391272
138153018
76821545
10005212
14689567
146557331
59804598
176379217
77056873
21790331
13110812
71816216
160903061
52412060
26680566
