1149279723043917825
66848987
1139157627525578752
463746645
84000178
2952275940
1003616379264741376
284192166
1016158177702760454
12968022
3595439354
155005569
30250438
253449166
405049811
988465844
40655158
192098815
71762380
22382785
809318384122793984
1040270175591968769
12706022
20688355
3804659063
571067478
597572114
68442845
953304055337668608
806125426665996288
103549232
102661351
932898811625836545
905975738
151284278
374985770
35875967
14074707
2956929964
114151701
363931765
16244692
4096226175
381243178
2499235068
441158276
91262304
