65625348
3937914677
27339743
371382823
1148334334363033601
110198955
201262607
1201352315510362113
45297280
14585205
9305482
163997887
256900512
10368692
21594615
2351468094
1610881
1073388199
155005569
52036434
990112098
1206724736933195778
69337291
777680770605445122
1191705155030409217
928905356859854848
971108358739566592
3254713341
16602810
1134229198804066305
990337275182624769
1045571673221672960
38458894
180888998
1006522809470869507
17136564
844506929930100736
1030005157520662528
830189156827541510
490962584
191899671
1106160916775821317
3052891047
800272760
4338560956
71762380
62103665
424099728
1122314163383095297
519483
17993404
63138139
1071534808294133761
771681593496891392
786735373
351663167
730414391041134592
867387810499768320
30774144
1130878773283479552
2470127457
889269338410295296
1004034312684081152
90772788
758786754
2956929964
173620082
200278362
2589969746
34044894
1053092308508426241
869153690174857216
1874533242
3272004860
475056810
2838315649
40655158
3595439354
986589809199083520
137477017
156458409
1462306898
339362662
