784110108095676416
3068710018
235281681
716895468505137152
25258047
992115165716860929
856058012930330624
1187514699824455681
1944104976
916094167457116165
439016307
1070573028
89463564
114738018
38824382
765940555
778965226880393216
1228260575349747712
1139084646795436032
1045231991736725505
1227900591726305281
1225364680740343809
292453417
712963
66942912
558686162
7516232
1549209552
256900512
39351968
819927704850038785
110198955
1598609642
177788470
14585205
2856932848
21497527
1073388199
21594615
1219570906298757120
1110283457475825665
83116880
1069618206657138690
1220307216936394752
71762380
27122856
165933992
319567924
1080178445836013568
2854100596
2740698125
278444569
742686310666805249
10191072
1119124996784214016
2845005724
953744626137124865
47278276
1208882127804280832
918545378491949056
34923649
1171903884442447874
948284586953494529
901820008573145088
707230147334819840
878669096
22607047
26254137
2233184503
1133109823560667137
821014877187801089
10287362
1200873437880827904
1199679969808539649
1198916082347708418
550087252
2987122085
1410190320
754340709109526528
90134755
964133381029224448
130530714
2270697952
931533376875585536
709808028284035072
2422627639
3352228865
1168533585193779201
1055330305
1043426749260939264
1146094493596131328
244235282
4714782915
3022989767
17775963
2333695764
137457764
327285445
408084829
1091275538344353794
17422632
991363706163474433
11801622
82072173
3402995307
2467518683
1202262168
113297453
3804659063
3057071461
948529889807884288
809466301257170944
1103345112745213952
1017059151242059777
1196782854
1238638345
1049201313052053504
3215996625
455590945
3179925453
18636447
1064531331168772097
2803929450
50599894
742002030567395330
92060398
839765367627132933
2333308567
2847817956
1047531642825441281
794208824534110208
15760963
802123588807622658
1062339558568796166
2185041259
1173953694683009024
480258650
2331747024
481937787
16126867
1146774203452010496
523813367
1172448843612348416
2834535369
7333832
396567587
1130173825675665411
35454634
1050466319987036161
2207594640
1086250933133152256
2829858126
825398670547886081
316347142
1460028954
90702473
1153026278984835072
2859449727
2233513111
47557212
1014966682568323074
1460450534
237738266
1127541357785112576
1158071424294313985
404960850
450846609
1122889751210733570
713016910745440256
864928452
1003709881
397859172
387904963
89948883
1143124829782138882
825244669311328256
986404634
3019582456
418987043
67014563
56101615
731581586047668224
2258597644
2537817415
55159626
400830302
901742272294920192
334845909
1090938525590147072
555944867
479526386
3345331197
1151982324449456128
3002055983
560276668
149917221
959308724979474433
1061283274159480832
877616433609318400
989812355814100992
3127904672
2889619139
54911453
838688084296364032
1634606778
89719672
413872816
1968716382
129945592
15760791
1062624648465137665
461134494
23412392
258013563
2203231141
1096458315507421186
381595965
1553342982
20990526
72078249
226899654
139764785
633930347
71759599
3074993186
1141360048318373889
3588766343
3971192529
47615797
1073252386255327232
1093655844
912644697889308672
75932587
2412919664
1042047876011048963
46238051
3684022876
356986119
2249440891
404242165
1135413441924141056
867964153
539038483
25103
2929179976
61722243
13587572
1886223925
2392072912
17065639
72517273
1399690844
1042872208954208256
2296753820
2913950752
94186594
94295830
375273605
132853743
828361667918569472
1121864337159856129
1121685141590462465
397523467
49346010
556068872
801831209437462532
967157999147143174
41775405
159907059
2545992192
604415727
861744480
1113079809998032896
187975629
1110344440600805376
17293750
1073516828964446208
1109940137872510976
98251670
11018712
181363
793060716152549376
949232324
894892480591745024
2974857281
3194545871
118018672
567480795
60061051
715975567
2883819498
960420805
2966251
22573
1001742770367815680
73332683
69688729
869472896695115776
1092039085194203137
14905766
101311449
821068987190513664
1088171499398328321
18943229
1085609020621291522
2380434474
544003511
41362639
203574192
83841437
44375909
887600853099712512
720903323465969664
235552504
800668231
163936607
161609105
1395411391
2231830657
2532541818
122725918
2182297094
327920055
912938542254510080
805549612320825345
897889083170672642
3129996789
87395407
957872791
2289582944
88027227
1653745418
2834179913
105098053
791579900343939072
605802846
4075485214
571739174
787998047104106496
796479090790436864
3543100156
1477437265
2988814175
989816304067645440
1077040310717435904
1079871480844947456
1477875343
713200241424646144
2891117481
23355323
913313476755550208
1072989892521660416
594363331
787926504214827008
2791770479
2726490164
2250726613
4436705896
591958034
1868054893
340558910
740255276289249280
1058378011555348480
327836936
2814930206
1044168146972811264
3131617822
1029471810931355648
1485951
138721232
91583793
1051471156279173121
97387364
713015784289734656
101940942
567421140
94768082
3093205918
51994924
3004167904
2829443862
259430988
1472849762
1039126928861614081
1032344442005598208
344254343
1031567335486701569
555086962
804722155875344384
1027538747297095680
860851604731424768
397246782
702961905875316736
1412374724
744900079954296832
102019960
15917858
866252890557603841
445834480
757676828664422401
2342245093
1459277904
220302041
788962759
42090626
540649258
46554106
700759039878115328
2173844920
996774452133351424
29720240
758397738363023360
2835082834
850279673699246081
945287158352445441
738667140111314944
1089278012
924052696344260608
2949114815
911166973563801602
3008839924
984621805376851969
2928399689
951397967818260482
976776799488299011
710874047639392256
921839673219174401
976837057392861184
460214912
454290988
734089260123488257
974244970256191488
62614945
975488831179952128
17790550
96759775
55249484
972064817388441601
884428527134789632
85821899
20838223
522283307
971637889359474688
969169940795314176
969864918680915968
967589003682656257
960839421041004544
1032672247
408308319
143039863
887420562951340033
2381854206
2192674165
431433477
960423748221489152
958651692081405952
762282672
957176913994440704
956550223320449026
4915279209
759332204258402304
1543129495
87711832
890578020
852232832726556672
952227681701154816
894036494096113664
1453614614
16458964
3921288922
944943098496417793
2526287945
892655536801550337
80430965
5815392
17177403
2429292752
939218719556997122
910847292650819585
82043329
27664130
2964363011
17236891
933295238562451456
577427081
929406327490777089
918467649377656833
933012189065236482
215292075
863033530699350018
916691498980147200
24508938
850466052475584512
464759950
831131998949429248
927261603707412480
352940883
741257748
191537780
39752040
172816189
53763228
920586967
904648915
918066510349918208
918045849309057024
917189604071092224
910076349699805184
791935620553711617
18815747
175233109
810597537308610561
898442580
184983241
2183379456
893461834019344384
879869919625711616
892122650847391744
835870423854301184
52192911
905456810282377216
328906280
2182918489
2912659894
561481917
434751828
2431379053
2159195447
363061009
579902897
2999692867
124512591
22300039
889376404139368448
889521415384440833
818275306528067585
888440001146630144
2150752759
887167750501781506
2699498246
886865434301132800
479689340
844865539642028032
102180482
3648055819
1558128870
880185061705953281
806949870648995840
144972081
879758857349849090
878575071052394496
43668756
14747526
735954684981084162
224026670
788494436498038784
21995182
32340834
27883670
4657994587
415023121
2835418980
2384210779
14304681
1295836813
742761194268819459
350762049
870937363249328128
16044793
2259192972
4289265158
865198641228771328
830809535422029824
14605635
801799610255687680
862734411342761984
21436847
15004246
864161228847026176
181386091
69571084
388645758
789117961076346880
3344481916
861280880
781463335921385472
857697343101181953
857633048254451712
2257080658
827607979612585984
3523485201
802937835212967941
479678201
765651407336771584
1482336073
817367748716044289
742416571277119488
722176674
1203988381
1958390815
243645595
841757100409790465
841811845811974146
789154646
61277032
847004292259217408
2822571315
463997037
4098356903
18341132
725434736
4426173892
280613145
603918449
4596746536
353077420
322547106
249752397
2993930001
838747646403702784
111006128
2973670341
376674449
471467942
823896534047752192
835462940950081537
54525773
1963519538
1537181028
528069706
1314609566
6627802
802577317025447936
376302887
1548234284
3197501
122319646
532803793
829082350940254208
828651467061993472
2378732438
3135357719
43851707
1057317673
737641519264501760
824567935117197312
2303116466
823379980990066688
822838929544138754
3089420165
2594941033
4373067801
821008847351480320
820406606055751683
581690826
17405912
818531763660161026
771993596832706560
785468162825420800
42927569
1076954588
380449819
69631080
807310716957036549
3214569359
75234792
313817360
797398804043624448
812384845250883584
786126940784566273
75834492
195053507
3012435040
808290000131526662
4177620861
1459036759
807018822360178689
780814989674188800
805762509277982720
804727321471188992
372738551
2596852274
35459052
1721868793
2382233628
3044686542
306115101
262659868
707878128643874816
3443391621
856819532
796129834292379649
19878092
886639392
801097245013770240
800739866992484352
143559488
796300683335102464
2930407037
84707102
752069761
896877487
1418310463
796042225876602881
765565742607634433
1332287364
797545211996028928
702163775986786305
954484435
784081078780891137
796012379695816706
2676439393
789486374466519040
793852006330933248
733321967680561152
793391168906289152
474047833
3032345062
791308710366867460
791091062026665984
791259915650207744
406356940
4294476135
790148974640594944
52204827
624998276
1446499291
978534902
789430085505937414
788008491671781377
778720601674440705
803709
8535612
781841762323206144
21301110
570124984
732477720
3181454879
141152082
3379351929
589795923
3354447225
1172405089
62055977
782995287400939520
3058517116
779383827961671681
782254024078819328
469287366
781339782664351744
3226968461
3169704760
411404365
762630650771935232
706033514811170816
776958505597210624
23632704
609131437
73640830
4083387617
702074570224717829
392755065
771396779795476480
2306274090
1000322515
1585389242
4026716776
2279172710
738307463393517568
14509580
766003537163784192
710466911117688834
4896916113
763873040300175360
120118000
1762248738
34319293
762914701156253696
762352133769457664
1389712555
4897098707
579052897
15086410
3034285955
586941998
753527650849792000
592140483
299603744
131161536
136257393
607918288
4866175114
200502746
117467652
3084118426
4162965195
2419463574
3751431562
955593270
394811357
712694624515710978
29955398
4195686921
2416178580
1882702092
483986116
859518037
1702358953
301493184
399099961
733106660554592257
742058619420676096
742062070976413698
607643
733177065164406784
715808857126252544
740951397013852160
740697914427723776
635336296
2195785868
2772802158
730437312421580801
2148510180
301551487
729997754475360256
732393115538104320
733365668972748800
2931835594
730422844883128322
731013587854974976
2894405301
16328691
379053912
190987043
245504622
2188206722
20339971
283290032
730607312180744192
869136872
17780748
185420505
3341110876
278689038
730140938882953217
1427429168
190619281
723701197585170432
4653685293
223147873
725649038759071747
2792626632
6037932
701831534555353090
19799615
38504468
723261288005120000
723244392425885700
1423500733
419727498
713004100850491392
1377730051
2484870729
715586413056638976
3648536053
2845164685
717787783302131712
84662963
498870806
4358109315
2558921360
2163032294
590984249
192537923
712004227019776000
154251965
716863965339451392
715531971238170624
2395983818
1274555208
243730073
1393816909
540098505
3352867083
711882006062350336
2188964444
4902165022
86086731
747306048
18465215
711373933380018176
528669332
381813372
2187523716
40221471
156297711
2278506474
1583899302
2981013099
706939649592262657
355117412
21055725
705057323971117056
20653310
3827744841
1707423674
704436290347991040
3966877993
1080065808
493422341
481569684
14286491
90027408
108569819
702067148542365697
413228628
41329224
3131046905
3804317840
4927126402
4904234789
4842124330
4601609008
2338079827
165745785
72249574
2147490049
9104202
4349760381
1237185392
4883684949
76294351
46895324
4849105353
3367437843
123816463
1930414093
4856766707
4737237316
16693423
469710098
450735902
3402943743
4773336023
4841699428
513696750
1928217600
589992850
78927039
4614679641
34235577
434517745
3031502607
4275870395
112135616
4310153123
4360882047
3083999399
4829879843
574779512
2494307047
24227076
2463548713
3130604987
3055740189
3300566902
3256523224
151915684
4784013207
2251227876
4742817762
1246397209
3091699293
14757537
14775116
4157941929
127770441
4613269697
3268077317
2308487143
832148731
3003709837
4442240158
4476443237
3122651675
4549454315
340212738
95165819
4437541815
4498207815
2157757769
2954596791
4343887516
124167592
42113624
69424452
13864582
4157792878
3307512251
197134898
192986664
870253572
333240299
469491253
18772927
3173546717
426111974
3797640741
110836127
1933407625
395877967
9437692
1151537048
532046155
960661957
4561551
3303376845
1686020359
92983005
15494859
225814288
2524634692
2165619896
3043580633
4053376048
4235000355
16728620
4226838399
289601740
2913816808
565725476
22928673
369098653
1546741160
438729858
588993707
200782744
67529128
1126542462
52428541
821892259
461665111
16339691
116697396
934589652
6298852
2396006202
2343862758
2471607396
374708262
4076712206
41345609
2653735944
3030324179
4160639237
2231179117
934285622
3434087019
95164046
3056290379
17617565
393642027
3293760129
4099480359
806795905
4076247335
3698991917
1069780364
334648581
3350477993
102148682
1218101162
434123682
2790060817
3046336792
3980727917
3147989614
313646884
18778893
2228787338
3957182656
3074467383
3648679280
965956044
3404016136
461146997
2405080706
2425415882
2354414197
2281143061
239439128
207399145
3130766301
19338665
391509260
17406723
2342489378
3417851548
1449289027
423008357
2559162390
806419094
583652528
2340752084
3074731563
2507547980
134546050
3769099095
105590714
752778265
3590459955
101729967
3172102031
57623127
20926598
418293879
319105634
170379726
203858240
3384328197
1039468315
610755285
3560996896
2989605778
161469162
336624134
1938296173
16182432
3097315534
3450152620
14152660
2670221930
3429541131
3434344551
96708280
3420977434
136676452
45832102
17156667
3417422584
1726934652
2152448112
329769348
499097612
338957668
90890793
2495722310
421867345
408260554
3279796441
98764925
3386945121
3276082076
3381044350
1570173560
3301870415
2811805423
3376491321
126095014
304593450
224267993
3365570847
2345435161
3356965701
2168387450
2459943908
3347529130
3255392454
2563681808
2518062330
3117881409
2933505832
889069598
607385571
1110069734
3313211927
242337435
226418610
1243332961
3306911801
3130968360
35868025
3223232629
3305466304
3295237359
3171165905
3230130325
45816769
2436815372
17228307
353745008
2452073258
1142642851
307016436
3263311619
2927110306
1408070755
18161438
2457789487
2365373246
1675682816
14424892
3240100817
3248168783
2608351816
961278918
2874655246
2816806856
193307002
421410572
2840607585
2990124743
491316960
363675611
31653862
2785189006
2980864979
3156424625
3123879340
2161289384
2877832181
891891600
3151441557
2982685307
2450965154
3035580768
2899116825
49328534
3107572170
1205944796
3127224581
203019975
3126740175
202242259
2531425715
21188880
6833762
18600244
1529384179
2161014600
2732241937
3079168832
2517995088
17996583
3094921529
71021197
2332026182
1065330678
382663273
2804414101
250664528
611765751
2925187552
172529825
475262480
18584085
212632715
2881355787
127034881
1559221507
2929742020
2813510514
2932504013
189206396
394095469
119048849
3067529464
331825262
1558760180
3020131500
3064496271
98691500
1897432256
3048142305
3051300251
1548159896
2864610513
3044641401
264162545
3044750537
2887994266
902983526
425045213
158422025
17018477
3034948487
922458734
1380475747
42068309
218438815
364483690
2839556009
2999930459
93454598
843683196
3029994418
2978381446
618991591
2248882777
3019809327
2990386809
178465962
265950493
1623212412
1914591277
311722513
2556357312
2838358556
438636386
3003263764
1919939413
65457651
21907019
2991815831
2411218214
2807514238
2945522248
1397998201
131248550
312039565
2961938963
425971895
882358872
2980767639
349881551
2980250182
2292547896
2976729681
2963637021
104438830
2973196715
2784322516
973604190
758702694
610323
2881817650
74171948
2956584992
2864497537
2869351188
2466224420
342797984
2209102358
215244619
14077609
1691969208
112246977
29761253
478181304
482163835
16382892
93577749
555036613
2510128334
2303214714
2923236293
96192934
1066057112
2897908473
1013481272
558452744
1749071
951950858
191000963
323938228
14336833
2911339881
498926486
269163327
258790331
131608591
477029431
2906330973
539258816
1037997307
21834819
265085341
2384964272
1620961915
2900394820
173881525
6120472
360362547
96435044
50987947
2886802637
2787451331
2894878655
494458974
2894615801
567605134
547703571
2823938091
31300038
827190372
47710875
296719231
2885553467
14836891
2884699935
193278784
245761665
147318156
169518363
352650591
216130493
2882057069
1239493434
14800024
2191353247
27707859
2867226812
2862290120
14515445
14786188
404946566
520952916
494228041
216175208
266936000
48646274
6069772
1603561489
2200200146
151753441
1696005139
2293455138
2432526198
205195655
1926610988
384650167
51591949
2900670450
2187401519
1284256495
903253872
80963173
21874416
6745972
92634871
2749006087
1092501786
2874834495
507278939
2809950477
621133833
2870545979
15719584
136556567
2795602814
306694524
432355775
41965769
282120332
2864310069
537229381
23087770
2548651742
371175973
17074413
2880973698
40643138
334835519
154095684
518611338
2341530211
2809795782
82409901
2849747782
2332398576
16893140
346151348
415871008
581605252
20389695
1527866856
621405495
113653403
280173470
484998241
221087586
2407754575
280058345
2833603679
43263253
2789886181
223616349
2585386675
1387501867
334604416
1513507004
551228290
62566511
91333311
1975529090
114776022
2819668943
180310067
28848475
630408408
2663680424
70407568
2321107579
2727214038
2520504858
14172658
465020529
1740241
468734482
2458476745
248379073
538051444
64996478
306094844
1636127197
2175783866
50795642
2601691201
26323637
861978656
308393342
196150202
188498319
333630818
13091942
752569086
1437480308
176841064
2828672430
423535911
579246135
14517051
260956657
2822304264
2772493889
2367527964
2238075110
2708598331
1382568319
267834923
404442001
28534219
2807689543
1850351004
2751626502
75694920
2291020195
1221836191
952795387
2794834760
195457898
253637567
14283504
1017877573
61779133
1475486160
17817798
791075300
368311344
468240725
1283143453
19794497
53014873
2317371876
257134901
437591452
1064144185
2351770116
538115578
1119859532
200610998
457704366
744877650
2777283768
409371427
32867992
409226309
1727902338
19533314
2320819105
1565724332
199607194
537316044
265873845
78696482
2615631444
14139520
566391982
2734155523
2730844867
303341196
2250143148
2176997436
88217212
1050621872
2283568964
2734204013
2269417044
2600292446
454228402
2692951878
886090766
181243465
2329791296
1128278354
2649080064
171787215
2306366474
2418603105
149790600
2615869656
54810639
14145371
89310299
314371876
1936691288
15132914
2228650574
316299043
2203330990
10012402
21329983
2477512142
99173786
177695119
850645992
446956203
196077348
39465006
2545357274
1691109343
2398905133
393458692
17424293
2169130177
221548676
2610260322
424683330
621901653
21811603
2678778629
102535819
14979220
2190813456
84326253
111600205
418239211
129037015
504550603
6851732
15287121
21222566
2591615617
2657216560
2657118717
17406699
777814472
46351561
16154713
286504285
2636535196
18687323
1241650844
2529742207
14390519
26796481
43163604
376019079
19539314
632724520
11914552
930101678
148040018
44724477
441187477
81041938
2264624702
2517897888
2577551040
1189378867
278919227
77295594
41375302
25260852
86292908
151167188
453114757
1213283748
18717503
22247540
465965398
17981537
1435074373
20549992
2396130236
549223489
99586343
278930750
93361613
15082919
137772224
2375841565
33906012
2221467014
123912263
56317778
250512765
2511312337
2433694411
609236559
473190682
1676498106
623189359
155961819
120478816
239962418
20897400
608987952
324938399
229826979
573556496
1859804419
11716782
18688273
1604167232
2598092788
2473839121
12326162
1418317964
954488996
1245028994
299683167
2553307736
123310318
329620710
37518546
1006128032
297626682
354231272
102318533
398124207
2329041938
35585097
609513
2572177708
543707543
55797568
1589255173
86276038
1479648913
351003345
14349894
15724284
540718120
103959159
67338346
151065434
2198523230
91537392
226690724
2420287350
11042572
870687667
361763764
99536748
2480878885
465474791
2500209194
191106942
197970570
402804270
220774949
127811731
579987001
952163521
468186996
121384338
82362157
128802796
728002962
150622287
2501320813
2446742509
2501399947
19812968
164421489
81429866
2432323310
949554883
1586511038
2492741300
2463121509
1415134356
2240759833
726362750
2271253035
2196571771
371317742
81751278
17794923
2415772616
2459846702
2444411964
414658388
2525237590
2519399249
594704777
975222781
128179510
264406173
2217507716
2473944972
75256411
2435898974
2470622748
815683956
576124140
2448124008
19107904
482143115
62875475
404012508
21185114
90845433
1480632475
1108699424
2284890938
23047648
109300324
2258233964
29891068
2294491903
2415957524
427393596
306095543
265531996
222887230
2447086200
35468732
2415926605
116295599
42266314
1098952454
2403568232
541109349
42287487
2447267316
29061823
701686572
700534693
31805620
2444473093
2240874630
276966672
303343906
193236195
111693928
93064180
341451344
1201404595
611821209
1061144354
2431402802
30979415
56319342
230527939
2409055476
12141262
822251784
2283463274
604747633
252245569
2427251588
19618747
19189627
475501817
201324303
2422732278
2383421029
161688302
720067530
1715094860
326074788
493495109
2330615161
14388061
1494461
2304681961
1067309802
19282539
2401289317
1473863192
1619834724
163211739
2391132198
351144411
2407712143
17393476
268838331
14670478
594716251
392602459
633053324
13100702
1150477922
3778501
2399388025
464848088
2291341069
2084361
517710986
334631994
578282229
1553066640
18824923
21040954
2331842694
17912817
251594563
28777065
633570235
15072763
2325770526
7660912
76619224
2367683532
240620477
2385219385
824866988
18137295
121408550
1942163083
18555165
198140798
197742569
2380929084
78891585
1230086401
1477833530
937910628
2303419255
54940622
110773698
94567349
97538243
18096695
1435641350
300182156
1242610165
2168955434
2383382451
1407267636
582522474
2352164137
2337483657
32346426
48297189
1855860870
538342587
2364838604
309279424
2347864192
2313719560
2347381646
14323012
10228892
19506537
81577379
2302319928
83179340
424508759
372863204
1900660626
88273299
1520105341
622300794
25770354
498216595
36620460
20039998
2287289137
508650391
52994178
2343430010
349629873
2329481318
184931891
403296630
22038701
97064184
719169576
2339128313
535629879
44873140
23955076
837850272
2338379282
332874285
117067079
257513916
701970044
2273658606
49275333
1282104547
30839291
1111210470
5223701
2333302794
5859232
14639551
2312251528
388147509
20455375
19601010
110724276
1143129913
309130519
2315197813
23997410
14304686
120842677
789917162
17647430
26207020
2289859304
181525263
47747088
12881092
2291478191
2321355254
1964784758
1243380943
815199498
119457093
17471517
101042100
2308700827
42909794
2309768832
2232852558
1427794476
14880402
16656126
583753717
20637708
44444038
6887882
14712107
102070425
2253874759
2297110940
23941545
51092892
2280303986
173298939
18165988
819331310
1880881256
36010868
778186994
111145042
26047733
17563531
17859525
351638831
344867014
14454027
277464904
406275341
247335665
757329638
122359628
2152146692
2155691793
17410271
740042322
1399483220
456734233
2253801600
39613231
76731040
96319197
806428914
72003538
2212892349
256472239
50347797
897858440
160214081
14089212
1079587832
1699395960
2242760348
482123309
58835644
4457521
557723910
1848957212
1883019248
1848941239
203145084
2241091213
20916337
375802639
2175990686
248841535
311086886
581044847
384715066
17946374
11571012
88502830
66325943
23311348
360215927
868506272
310654958
554606612
40076095
856295857
8819472
408728377
35026462
7569572
84064617
912238393
442283296
405075639
945713544
18999563
557580482
23641069
481231284
2203803738
748947367
944709199
239542816
1066463106
164636987
1830191407
492294875
2191931798
119330557
2182112555
222110478
1856913889
25106989
441623169
199758809
2192738970
2164975238
293395401
1919277716
630537149
225870872
202603895
113459641
2186495684
1243822687
1589351251
522126905
2150671140
1577639256
1302553580
717544365
1870706137
1012326764
1962554232
1707926323
14223925
18037594
248843493
25715570
17638298
6302352
332340633
254114325
1464314833
603544593
569409884
405121284
324960202
956370889
569965434
16088889
84489909
1537779565
55579374
208988759
1979266585
382846252
601077417
137635203
15160601
532577964
424151257
1898653928
109802310
1899767510
190387716
1946723772
84504336
36020867
427304816
8819962
1923876792
1901662951
84083072
8099802
284501333
922644738
1029630692
1707485119
284734817
145215551
434974922
1919374466
1556061374
52768298
1008470672
151479721
1215653264
12169762
81671664
1639816086
18352248
573871096
818076866
516334874
1890370298
92709348
954075096
192173602
1883045498
1577597316
358326110
1251218904
213842518
85128781
459175565
1063845924
308504071
1230943206
360585481
118134433
302082695
301355729
10313032
92013808
443641432
14393888
8359442
19074139
120454760
735322615
367137641
1603359960
259010677
17038733
90828164
1845954624
53781501
951951
1706332026
14239320
473315786
373347306
477692254
689293
308623046
1728432950
1018268773
337357518
509628426
1709942923
210520672
384409374
41243293
5346742
1249189831
39663025
287101285
27411174
54150892
1404197714
16933716
54218893
1364553948
1690152542
1689283094
39644144
16308536
21704370
1680772014
43354653
718273
217130694
16700346
14428306
18609479
1294748576
249161046
1297061911
1292521520
412123491
288237991
13298
348061274
1324683919
10739172
24167293
283155422
1645832539
1651216830
1262874096
22254051
38402818
5429882
20122754
1648715156
15555813
13021222
17541565
1479731
103237057
1396268474
252630236
877815024
367846775
4523451
14962437
411150622
321660017
239553278
774842190
10424092
13076
235106798
326025457
1579994467
161822111
396398809
1531582164
1273712323
445623175
277997041
1072229036
65162365
1596632774
1534499294
613744236
800266135
37999899
196114862
349965440
41491084
15570920
398174485
192390214
434239710
14256979
454512354
37675905
943350854
85598436
484146613
1110167586
69691647
558615256
236808216
49413866
609109952
295318418
619043762
999105487
570281491
805185955
17437291
220375625
626825239
83424009
48028554
394137353
24397834
703038500
14315861
1497484554
1490492485
176096005
938898656
54856170
28083407
54484288
1552540525
12588552
1244217235
156018039
84849147
88178223
364751266
37935479
1580604972
256409027
11180642
364733726
58515346
1399526659
32573628
74148726
820582
350424151
296803384
48831366
280035308
156958125
22492988
34459121
426810123
1125661255
1181064349
375558194
455457674
40228507
1552244701
90379747
8339942
349423356
1264860704
366088660
142667411
1417461234
17588779
40927071
16181688
41806227
46743752
20342875
14893305
538071783
17217488
1150212151
330406517
281673431
19843672
17654981
15577394
20334438
531143905
582909932
43551299
882867084
453211556
71598186
23921530
57691450
1150960536
326046299
1524459764
34717390
1229591742
15408492
211551972
1305558812
889053090
18483888
1126079173
27028335
61479648
222765418
1253187212
387040090
650543
402875257
540190602
5685952
396507038
19843630
159955958
204841096
18197477
231156370
295503881
1458014689
1516936069
22377470
197105619
70205946
976985912
240029164
233479518
496081267
36463667
558921231
34616736
385052291
74429434
608461972
1495544414
185678718
186067666
1498197889
362946289
255718668
17733344
398997424
479798696
15573007
23798638
550004484
164212076
7186572
302505171
91571382
143542394
25105008
440125901
135234185
292586633
312302831
307285391
497224305
21667909
198652147
180285974
9460722
391970797
326761638
49921739
24163135
131877988
155517857
41881024
122628903
14934718
777862093
869943127
18578381
566473165
69544686
362389566
46350920
21744964
16742112
126587056
59096727
1095052526
412928252
86601665
146140152
614182800
34247411
534743322
120670221
1447732604
602320799
16782455
1451550822
112965411
102025640
51579202
38139746
113447275
1383707412
14388075
1047255786
560678334
111736156
122251864
29538964
7950382
269347791
1374897908
119883145
1365032808
1399749942
14006062
32469366
1361753534
4132991
7165142
16298452
926554518
468783639
66509042
348539264
16404177
18745189
16159475
296871434
213170073
816619148
61548660
278332728
1119216349
149872119
373940980
914791626
19442752
52005929
76389622
65738205
35268406
557645626
84339051
251212027
397359412
14447073
213747359
236573887
40629518
1398377864
358045980
298840428
288094824
331228486
99764099
103620158
581033602
380342181
104527571
168661311
182848300
1324640798
1327597592
10379372
831205363
221897815
17615570
361697561
1257618596
40451476
337205075
14121776
1342162297
272795537
308930278
19653925
354041699
1324964672
1345077270
107641707
315028941
184048165
1069126586
68716404
622460633
1323627168
26867418
1095670098
276205854
41999583
1359138972
14162247
1307697708
1283547805
262613912
155008450
1488721
394528187
499166555
461556839
7004052
399955473
9701892
36752136
125145970
99074511
387204336
36081632
206071884
299208701
37610492
727859858
183204842
145185403
300761387
317036143
13852822
386174039
1322259607
25702344
87505814
252039125
20329764
63984260
18223968
273724659
113431048
333248474
247052844
573414646
14275658
1001743758
20927877
17184930
185039684
1289792804
342573749
330418333
53344550
1269636152
567273217
516392581
82178355
1289725993
798729780
16012732
886537736
20425823
909681
142809188
1289708136
501961781
43780887
1289723809
1289707884
37180418
61231929
306176941
795361
145393475
381384242
528821556
510614636
578925000
309576426
125342948
83070799
308450832
485558814
35572132
121706053
1267483938
373254994
1267044727
97231658
586705184
239306464
246860333
1259516376
250445448
385611128
1116769394
211509856
197018458
1241511662
234686214
358189473
1035666547
4252431
24888185
83811276
338255079
64361884
526029952
238687737
17075650
144834801
49909199
61570904
456187358
14902039
156562437
1168845373
539972016
1173673621
93827612
636824800
15102669
460937589
12819112
23299014
1062707652
445063273
17473456
241138046
62141302
24898882
1117112689
1183423021
197349361
1119962166
296003222
403573353
73390323
543227804
515833347
315847867
197725326
80329362
121486374
54494390
46301689
92587352
14645718
398550157
875970192
277559216
29714911
291711902
947424361
512469120
123631487
276067725
23599962
6496232
66480276
374892637
90048502
580776360
47194559
1125356168
14474780
41561258
72889393
1113481680
548768726
444769883
212175216
980046830
406963644
513604711
1122900780
14194614
390723947
502041617
189118361
211790402
293139719
796270256
132868041
422543879
1109093036
119875220
262528377
493678876
340272145
89121631
738914852
112204992
898126147
115972183
18331726
1085319822
1082345833
1082337338
1080600085
975983940
1081099597
1081331437
534012935
94518701
369771033
34627422
267746516
1026561
16592723
566656939
616974014
361098602
977578903
602723649
130261741
1067223355
253662762
8065972
17712339
897772459
186626155
24372164
399540263
271497539
82560687
828101
84689590
879799219
408032415
14990083
11209712
55504825
791219366
1023960127
909820746
869606606
126441750
544996949
1012877845
1008906684
459108368
479587223
393310150
14100759
156641926
38350102
46614859
276508048
326789213
93950513
134446130
87131164
980968026
16007093
11048002
269272412
93603798
234745078
162446479
26710373
14109738
92070780
817032949
823035066
734935274
432983130
369890007
35741626
876361064
619236566
62024265
23969740
768291559
254602977
825995233
291046705
963953125
1860471
422781117
588226036
950289001
504822738
48657323
137711581
584043179
115938650
15941673
519525877
22931942
946717153
916637304
462966578
346082491
122540275
17074689
15418861
780968443
282544311
20695447
145201349
14663629
420318827
23729494
135443828
462954002
185504049
8618722
529292291
253626323
904057375
875169848
543398191
81211736
778507494
888967387
17398511
26223700
15156570
876491929
241549853
715864686
593455119
218985035
717487093
401344066
437475253
566262900
121066548
32337011
599979395
707822660
20361876
34635677
67218195
82690647
24728493
209965328
621087184
123268174
128546283
123298601
145317978
41096529
23817222
94395232
786625416
83560684
224643786
227018752
825440756
361129276
386535718
47173141
469203373
132445278
231357729
126286805
576973354
630320757
555787703
6409922
77721622
783429704
134860397
632360883
89894871
267112186
227784141
588334844
764632800
139800654
722188104
224631899
82551431
608475026
512083334
589822016
559764481
99786872
216463633
52031882
11633492
389062598
175337311
390141102
132581802
117747823
234026978
54490566
46622490
565770092
17153802
15385968
68974666
633679915
239552736
208036272
4108231
20797785
430191741
633585661
413382830
627653679
633791047
93966147
551802186
78906854
525509345
4985551
124008370
475841508
11628242
410099528
286683157
624227810
65612924
526226529
112824353
132249164
65333172
624816575
53560219
19978085
384442742
493439438
283968813
619023684
622704691
165784725
470532301
203869987
92383541
618897479
421121676
157991087
602662500
22504468
617711344
472964005
610108834
60972401
486430466
239955543
216423120
612526994
223922112
23131450
513463861
266875582
17364200
166141388
515333193
223256539
238307155
19142521
54711914
346923684
15134093
520054294
479150550
17891624
220964293
441700002
302948564
37172713
6313032
460922162
479369464
80016826
375612405
162319501
15340180
587670957
59740281
17808580
223132692
271131739
466682598
57441737
452814414
189939138
91816058
43111060
392630421
50374922
148508573
63274824
117407010
189161298
19068588
301144628
128831582
21431301
51201283
289408282
15190056
105530526
22609105
87377688
167959358
577593986
130569849
309026603
563727368
569416672
9307742
3077771
238090137
176839086
485913613
17063241
394743095
186420551
177227633
36843988
22641918
271541307
507734961
323192082
20001998
19711691
575232533
299238416
380185965
560307595
18501589
119898582
576293202
576573498
57325341
223453942
245986870
261506760
538040544
573599699
222765704
28535831
23964512
381032464
38879106
16261638
567186807
15586997
418764260
567828544
57643122
47590499
566341192
11234822
174777770
121068080
140724408
402745121
12432262
259803729
137019259
558588244
558555766
217218106
48310529
421039351
485759221
78704816
7409472
519604368
323700409
52393260
14403154
251177334
18799771
540034674
339036642
535438050
404150867
63743833
250550257
16782373
182857317
19361619
438252318
19063270
92948804
57890532
481223751
338638593
22135906
206597681
36098049
41085608
364132493
31376738
5736252
18461477
6226732
42590650
82851090
262552328
77041114
17933032
211277783
81212574
352416194
12902452
145192976
425094194
479704566
253057291
476893210
15233333
305899244
3083881
190016258
54293191
259180531
7358532
1725711
5836692
15838516
47596133
472768712
440725492
29093157
417970168
141138834
467795162
299905465
467815965
122451753
242410688
155980812
384309187
18797253
420520756
97224738
17572576
214115545
392114566
237372770
65008298
166971267
71476254
25727230
161637932
407072837
409968776
96128666
156560990
18275278
24723664
9586782
408359592
410774871
33563290
378618029
122113655
393482802
394726059
54185316
81935781
71206574
27320089
142598572
211092754
104437578
43110555
260398374
246961680
15418664
82580999
406197748
330274416
368232341
34302255
407056278
38186171
74762933
85906552
132527721
341551168
340134683
98527144
391231526
340134776
124704180
82847830
266610687
292345620
18374114
400285652
342084591
168971899
18708588
234928299
25297021
274446618
400157997
152919981
384523994
355448084
14183106
388931382
142663071
237084065
372155810
380950382
1156181
196953199
88425861
229923277
110425971
41303729
47474782
81806026
384979888
56514501
215439198
237349490
337620493
100205151
329293440
81338534
139584192
7431052
112406349
131988094
201425042
317552332
111621439
21849412
33881792
367195155
12294092
144827627
115983139
183983852
11035782
15277602
134543638
118821644
15565076
145627846
161050457
159222971
50758983
74768541
148383247
192139655
358093721
300853228
72938540
163104229
17651411
277101011
201650742
268035072
311345504
9190222
46387370
14341711
312843488
300470131
18651829
308099328
30891819
184010593
250903155
130518385
293719634
258930957
288422629
16590627
629633
15150402
132698114
22297768
13981242
14613124
135819635
35235616
177650136
102794840
117714108
22069331
267634091
21843141
188715738
17093617
19063472
21779278
220634508
208981404
216288323
36361288
158377605
29300451
27342429
84914542
22867317
173501591
17210301
14233770
81855775
194136698
40470255
15761407
119519459
81350007
16728499
72814308
32366435
183157027
40197991
77002320
153027814
37676258
