218650262
119605046
1121451183946850304
800311469703188480
1593388224
252319802
1042043860594110465
733383292649672705
2200431995
1228074423397150720
1003921780157898752
1011073603704631296
88918741
1225411988488060928
62963714
384600736
30284263
18136606
1073388199
130763650
102659003
3435395447
1220272010674278401
462852499
68083142
499217591
582984317
874658829891448832
1132629330138419200
339322327
987219301
4504881562
1624102081
1640814270
708266384111833088
74897002
1141279096065929216
14655671
1202683638308950017
800980877719248896
1032718070580736001
26111618
1200424296792895488
237356134
882652795194814468
3370847157
19836477
161998960
303343906
913127149
2268132517
784809182654595073
2308237212
1186615580134125569
748523149323571200
470613803
468865310
848162931162394625
13800042
174312391
438777477
1018819021318316032
128683047
43716775
91112777
1130467889260236800
307526089
16261300
767323848161320965
54886635
2147738893
271960231
787646151596007425
1125127229585932288
152684914
898466606430523392
2533762520
963764763925893122
1482462144
1041721336815673344
160343596
885953601067208705
383666513
329705105
20444488
331639736
993924039986044928
1153718395440914432
587743954
894121803228094465
442980327
587662997
66773314
248608367
2152462687
1096454993287282689
3397395364
2806917771
4884656331
1030690983699046400
17234452
933451334778580995
20097304
167444017
472076206
3153601042
2326770757
30220394
460389973
1118253363899064320
883231975280128000
567350594
1061375141274439685
