994760808
3664667308
2806784839
1227506913992224768
3893039631
1017110967241576449
1212819434009530368
770565248411635712
1199343937275625472
64017773
22340875
1655660431
304244838
86517533
1229765060261793792
48652943
21214383
711154324
1142047961779724288
1235413037965860864
536259555
1237474513991991296
1236959647963193344
952603224946638850
1237568150012477444
1370240701
125172446
999316664553558018
212632603
71089109
3304066743
1100289401257508864
745875017263681536
120960520
792881547179397120
3005304231
2277104654
41391485
970596409975156737
39525118
1128729308472782848
726170502406901760
1059554540767338496
1222715317
2378517852
174020897
1182482847283601409
1201468485878063104
11914552
1233342236974370816
758836849
825543214253867008
242581278
963884836162342913
3352989275
226852934
1182861281042128896
1066292099182665728
841781617282674689
962517114
849256735361699840
1231968755699286019
906963417520644099
35713424
1158947987080376320
480875170
766634688584806400
1230586375491203072
975459717442129920
1230090496820830209
549525181
1227275228637581313
522252069
1202016688516030464
3399243074
1012686920927899648
1040597503152979969
1193989688626941952
1090179003082772480
1217768950970437637
9605212
726163056586317826
1227209903338594304
2820249447
3294422759
1185357046616641536
314949953
1164957696770150401
902964770227322880
1002536124227694593
15688463
1202705023009984512
1215258346799935488
831187354165641219
255334719
1065190678819426304
1016573794037755904
1127393833757609984
1217161437359067136
2479255340
327604775
217748983
1063236916366245888
61505558
1181270027053539329
15306633
306303589
1217152844832419847
310614592
24325928
390159434
1224302012759715840
124424173
721155911776124928
1224051163433263110
916426811696873472
1202387341
1191338415142440960
1423178198
1026880194957725703
1004797857780596737
1165870494450470913
153158056
331606094
1218444994077437952
235144541
1037658461239234563
2427488700
518069371
64645233
11006
129927437
134765219
16961890
3064162733
1394544186
1040815020
1221513678006079488
817452708802207745
253011475
9209752
2804384256
991533395611021312
1851629898
933411761469792256
1159790024063377408
1024716070014210050
173317242
187214458
1299596178
1215002613785255940
1219574930616070144
1190379837783003138
2472314162
771294337
1068086821140205569
1169004707525910528
23259960
255746064
990913896553811969
775122931500380160
69302673
3604413926
199238295
1129367991022436354
2582240150
892478045424168961
340957066
1881049364
947599770713055232
1177556692428570630
861970769252929538
862648853878722560
3320583943
332228589
961649830845210624
999413197902876672
1072122186725498880
1023954298508640256
140074982
878192402779041792
1028567785050435584
2234331100
1204922340636790785
887680503637307393
2992610139
1199704819650437123
970837503539212289
245739858
2811576190
460067189
404739091
1133030651895209984
241136116
19196651
826050990348574724
1153668514991026177
186786595
1214608406096629766
2888014247
1214275361208295424
977141478
2752522616
14165726
1024379612732841985
38581521
763056974946824193
1212862958285377536
714682871684931584
913975943655542785
14847675
1056625467212681216
1100602548036104193
46383756
41323343
359949560
955553637551476736
86895756
2935861108
1184168817511063554
15130556
458204160
1196490759740022786
1196078870690185218
1010391882654863360
1169297966303260672
1105387112118009857
1121429475772837894
1100887206678413312
481288361
1052175276988219393
252411935
895326811302887425
2923519819
1026826400022646790
3173460448
517921400
946731498970992640
1206716799267606529
820244588
258581867
354810362
1203757719804661760
1483134818
1198230343
1021413263177846785
239157084
1194974135534981120
895746822085332993
65738071
964882683280150528
2243330538
1191807981895274496
1278682537
240303148
851261022857854977
889627244955619333
976090419539845120
246888795
858991465988599808
929416032434798592
1702502678
3265607628
272005814
1200100873214578697
124831160
1886300706
1090763735797501958
252245569
1140242473605828608
1185389485430857728
1161377041461256193
807877440202739712
19740864
1194504166011527168
168587824
627852903
929622003631493120
1052509345391493121
804682601780969472
597530859
195763523
204197525
122260067
1878836546
1055302800387784705
1102634481679249409
776402106
267988806
2331554467
1025407542728581120
356962502
753358633593925632
3394395353
1196104900041687045
25023458
1170329295190814720
146213978
516734969
183395780
952024956325453824
128004943
17866156
1172846539263434752
4920080321
1106370079023865859
218199624
15577394
269248605
77287465
1101546441326149632
283891831
1179411881116803077
906878848733777922
76756849
1086281492802588677
432399557
1068310328184897546
999798762162843648
62722503
541054992
1045259594501640193
318504073
767256235
753144707178500096
492653335
1177249487003234304
16876237
1577433823
25771590
1036985978550923265
1194998522568986625
1033731110176534531
1032210863908954112
961952632653807618
613835077
20624794
737164072433549314
736175214468419584
10330212
790240175708340224
963847778538582018
1018819021318316032
997765764097589249
958351136745971712
1116790237198524416
1164923708588380160
335908183
1163021354423091200
369161393
1098617353288540160
1192803200262377473
708012107686670336
3387393707
30551764
1153271763763175425
19843630
1010898632692776960
971093990387994624
1113457965263093760
20450753
107467122
4912953313
10991172
1190313119454826501
17498064
225675824
3642677535
904479531020558336
496229951
200456671
4636253483
28783336
302812037
415712164
3238448948
373931940
873912965501767681
64650186
436029997
706122516
1130482564186234882
960559608493461504
76894627
2699834545
961707954566238209
982358211071102977
956923662858272768
1110908351028908038
1332532410
1093100859657990144
309810029
289372493
854339994571472896
829700394414653446
192953157
176715298
988715401499611138
1100172769575063552
14866124
894926364012412928
178374577
1188221162549075968
546447770
747980614708531201
732338548339298305
3603931
285025435
1179848070739181576
4025495236
2419391377
390195263
315950596
110218651
4901063963
20665177
631705640
2836564485
60881430
1572113804
619168372
18166755
106037384
20585553
1321607996
82967815
2229196153
1176229838979588097
741545062979522560
1039188285434855425
848924192
955622509361139716
1185650627344584705
995289067
708174687
316850765
38866651
81633417
900539689
2865342386
817603403677253633
1098241039
1083714641421877248
969068601431879680
794644695481729024
379253804
715452883617976320
961596594725572609
3587700254
19206558
907305064599097345
148428985
985625905577021440
275296800
947719507
337124515
775993532536397824
1174342741393907713
61024632
919787898832019457
711917490
155283802
1147256623053889537
866624355501035520
1180095691076653057
752615975330217988
2442287702
978893164504285184
2714294234
1028659585471717378
1059954232550289408
804215365555339264
631668578
27150431
173007535
888791359
1054250120009707520
743971166155608064
33486421
725622935659143168
1328550865
296712580
145310513
30149171
481515476
794208824534110208
254132275
474513196
271031226
905106435511508992
11637332
913019036299960320
33266538
95717634
69687697
1113230381778493440
496410866
1103527606207610880
1175045496685125638
785117520
719633761499897856
496325374
539690020
201676401
821232
918835626480472065
94089870
1167828446132736005
970807679965855744
1132005350880808960
213698628
913267349377003521
992050473745178624
1056527433971781632
3168006997
1168281029616029696
1111645758900654082
877422064747020288
1144610941277024256
48301445
936196911819870208
861358710949466112
438780158
1173530153500192769
59017163
974593134
409280245
375553475
278067602
1161922568808538112
4554666375
938030251
2871813367
1138810896967446528
2233030774
2249905830
88214618
334099894
1150740506156122113
936448782002143232
847391265259790336
1156294769284452352
67324226
1028097192370700288
852816395297411072
941363175966105600
783599340833169408
17505966
1128432836162326537
896768656071426049
1236726956
44662732
1099270867937345536
1143306289
86538134
189899050
2343970705
106706438
954415397457063936
1004479237489872896
1193062100
18127634
3529742773
212552010
2216657444
1032011148395249665
108365810
202266389
1068104939107422208
167394449
1862262769
985532288
81629887
65882276
110826956
426021357
3093281661
226024604
408519118
3112028923
1296859046
771311440397336576
820089325853372417
305488488
1086336881149775875
1734947112
1958786215
737359492283797504
56105706
914517340586483719
1167047918995595264
926375690743762944
33638637
2417654496
2491636212
2357185740
3157786162
1146885822542749697
1684983750
15084892
1025276404596924416
571821906
395194499
932935584577761285
2254873680
957947484063649793
723643103341645824
734800653135060992
2755098224
102118541
1154165043300380672
969141999642214400
1164135694131798016
970722012514566149
119378406
126845218
964213177813782535
44093781
209016310
542910187
1397908160
61689883
1162736511625961473
3188039476
1068165259565895681
2590071354
132892875
957039733284179968
15049626
2460772885
3369252921
846771560014852097
1081208590596222978
1161644256710266881
1120016731
1237339706
1126456521221496832
807519188856274944
2247765476
348783351
19435756
74290895
1146094493596131328
1124226747757682688
1155854026107498498
11553312
794138010879148032
1105479103036178432
936531989598892032
952079096548245504
1125097795051036677
227499254
2700454512
1149314877854347264
437633859
3246705851
3128048443
4078280373
816281102444851200
1154242903616606213
1150683882284449792
348388285
190885140
820953823128629248
4901659043
714373558567178240
398295852
141195729
925304811368587264
355025225
3018087207
1148765191137574912
1143729756963086336
626287832
741152432
2838358556
1147614527204265985
915658540773232641
327696098
488729494
1142827771942461441
1076571788153421826
1660843818
617074902
1149997861792288770
1122833099845447682
2898321294
1134468482739781633
2735444595
817020703375560704
4853343154
931207191276802048
161980487
1066261457455771649
922010956124733440
110717122
1256518393
171603951
954877609351045120
106004082
700999395437891584
1153982447782170624
2966466570
67713333
806144529623609344
376863075
955541814
770605340727603201
301036977
1041656551428120577
2229810751
1133741934852358145
391362425
191022294
14233953
1152644255254376448
185511904
15058959
199809099
158674449
76358882
399473529
1001305814978641921
1559631572
299731018
18909169
288383131
58871510
210909747
923142404689088512
14309386
2256322901
465405793
42561847
863078838271717377
193423827
238885543
221064450
2372162863
1669167457
2455381
25901650
1149643029327822848
1122818853556424705
788809617577041920
1354756442
1128372405938921478
955951667220017154
1255406035
162088304
799004893658959875
4283049074
1128080294601474049
464579072
904261190683066368
270226937
124265117
27597030
12165692
1146379516442316800
1117511873333792768
66642602
199537969
1694343865
351507632
856865889869869057
808427253734309888
1130162273803280384
2724697628
3557558729
2845717977
2810688646
85224634
1139250565303742464
1143912581880569857
53893339
36952886
62807745
3351551
1135643442346725376
374646196
326954092
2544133232
4837720140
843054670515908608
1942292150
281605060
113164822
38191893
914907291786387456
1118206755308212225
109087284
1140561286134206464
1572730992
845611964801974272
198350602
191463787
112571022
1027148331217313792
1042037267064397825
148662999
218822115
211179164
1110216240226861057
23942506
829755458160324608
936229830043095040
127791843
1139216175848538112
101862277
771785805463420928
812041231136161792
1118174290304802819
17468316
862134237473808386
1072276375057313792
2890718267
153428534
38453274
366047893
717098614082838529
1482104738
994343876046405632
316256601
1138043596513431552
610322720
432235684
812087805065232384
983423794588127232
1060156873264062464
16143105
780399461436645376
943724981099184128
1113653150
1205658588
63134527
2980930697
1122230516642713604
2531558610
465039989
286210034
2504398849
139747750
520952916
1117363462978592768
859112883191517184
1044599799058780160
776699640850722816
145599406
63810496
1859183538
476111668
14607761
1090990297377660929
704274252627886081
50957747
1439648078
4896117477
1051815497619202048
955484212932562944
1128653460377784320
305546320
904742156203692032
1050372350351470594
1036627061165707264
1969961731
720903323465969664
864156001485959173
214460400
1637181
181294672
839462419445481472
71369527
343365478
741168305864593408
827273292557922306
59583733
1122448135597387776
904016450574327808
525413893
1072755840023781377
813561181
900337870673727488
3122211
976977997524881408
12847312
776008446944608256
277968424
852205491723931648
4552544552
2564907997
1133697731573288961
740521170768957440
1531850449
954120366737289218
32233031
1107310211277180929
2777773814
184013872
1070603138443427840
91699097
1119216349
73603719
720156074016256000
1051257338
1123725178691825666
968062540575068160
2576605710
1081259486063616000
2478954626
595982444
60256340
2925161589
86876782
566399492
1097294536479432704
986299716949463041
28028017
992712159133159424
1056177813424930816
2338330770
211092754
1083712992150089728
727503677834039297
813354146975907840
23776533
15350500
154294122
2172167442
855186754441285632
243746386
3223407511
16656236
1057403057502281734
2880935234
927018744047693824
1087681977896091649
936881
41852856
13166572
17376218
172317565
1022369413461291008
15021046
564698061
145292417
307458619
180334600
616278725
1110509099723182080
705207700045467648
247207180
2711630248
888474483878760448
116334760
76559923
191368435
1568753670
960310288221376512
16219818
844544598114516993
1070116383206322176
333184469
1040991253125627908
2458987392
1012078962548363264
165802358
1228746852
773497482
622945268
81163975
920939274542907393
364791203
5905772
176608663
613696097
48858425
875987996625051649
1370012947
768767886638866432
850389119561871362
817079097423757313
315424932
83599873
919242251150221312
13956002
236533248
958296003001618432
1121100233335767040
2347464002
930376408383270912
1120662147636322305
1047240688402931712
1028282240436846592
966918928017473539
596735930
172019745
1108392616373170176
775176664032485376
71185023
1113913147855986688
1077561433804734468
1008527767636533249
390280371
86340886
844702776345186305
2429255402
935989737243992064
61381285
201015518
1117667714665828352
1086621937458139136
708427507
1084822806372773893
1863386773
339877929
850143240795832321
52592791
957028979789172737
25997546
883903010773975040
989617740590735360
2987877250
777067733531914240
949106575276498944
82828528
536198207
2811984156
573108785
842216983701651456
915170401
1117470035533025280
747218600
413898659
720255797859516416
115831933
2187587952
721283594547806208
862209691828576256
23783681
24869494
1115011788339331072
2165813087
1108385645704159233
35247186
817432526
786048823340576768
283200815
121253272
1445020782
2883819498
2717267976
1482228397
891061403053940736
701062668
301551487
3131069933
3012403395
1113369053505236993
1113253206442893313
2491731678
37601285
17464665
552679497
1099998626330206208
52139200
221032511
3185055635
1049967209186058240
4237435342
2757200584
55780629
17848423
952564269878579200
715607129483304960
1156490304
965147930620497920
224956797
2198602747
365001182
189026637
1110580610706345984
2874421175
895241283681300480
2198574702
1106033347153879041
1109887786234974209
922879690326593536
84596003
780096459316269056
389722756
1086751123300585474
721808153722007552
15196090
1009899190850334720
55547770
1106829837149372417
399307197
775902615385346048
560150518
41361529
1082357891401744385
17411727
145340546
1106840440660217857
132180164
1102906250096979969
3242263852
1099756593300860928
18812577
780363565077303296
1286592650
100952581
2955291482
145791170
3036734658
1005031694
1064748902711201792
3004289409
14224772
894270758435913728
2348301866
2318213621
172942846
924603232768413702
47332955
322901183
1034415977897844736
89264343
505247210
531292881
1559040643
1091392950993674241
165329952
175843870
717216639343837184
95616250
713004100850491392
3942686357
978482729724489728
888842184732049409
1658740759
28534438
1097834602968895495
202719554
1044887107
3332014947
962335266
2857696431
340799997
240496626
1105844864
3241907571
2376586792
1075069061007073280
18855100
1100424043499610112
1495218738
466369716
40815513
889229900737064961
1029050238332358656
1097887988460212224
733738758143631364
1099879731132940288
1065619795276689409
1095022948337897472
4092408681
42194622
1679185459
1097898419480289280
1097619793136570368
835323448675164162
923518673435987968
2747361783
66136628
937062521462296577
292296508
704153494496874496
823161915333545984
1050725257970143233
749314048286715904
876864393438523392
535824889
778870218022092800
876353354
825877183
233948499
20328494
3362554408
951407727993131010
1056059586673696770
1069330055241875456
770323913540796416
68389261
1586185411
15197870
176000022
2388012588
2394639500
2801768621
3786370883
252808425
1047834342670696448
1077804305938145280
18124658
960151297172361216
921117475843948545
762530958
2949036221
975375623957958656
15784661
1094392836022300672
1052286053384564736
233661443
1063482320613707782
1096160436
1092837667413229568
108501149
1011628707038064641
722059704
1092551414403006465
1092078005139263488
335584147
987950682
988654859296493568
1090590499889729536
1077220963371110400
1090307903070916608
353346943
4078904673
1922973744
884451682452729856
1087411363717234688
986084356111269888
987437928
881006300036907009
3042894183
816270216653053954
464377731
434239710
2860079679
1084162068109053954
935897203
2909853924
2942530226
801075625649983488
3948922216
945038510553042944
1063434354024685568
1081240140968800256
1081148694408450048
405154732
39599986
252021513
1082662825666011137
1669097940
2407582093
741715760
16612367
1005026037024149504
1273126238
2435390142
915704444611899392
760489727648751616
1025290223712972800
238633165
1075072484486066178
475332669
940198917618139136
918553557149691904
1899195302
1016239278093950976
513316398
1075127560579805184
951091163754303488
1012275428764127232
788744629000736768
588852857
78495301
3283161702
578494456
534756474
49761133
1433104106
148302694
1068488825448497153
948959573205045248
1724922326
22332147
1099356343
28506581
4842879637
1080753187
956152209950916611
461161900
119452969
1053955877647122432
549425762
1044787657681776640
28751693
31653862
2172244698
19238587
210948050
3550422914
1013712700357017602
3931240040
1017911947226943489
312190121
798684208327786496
444086871
832618379253006336
431716425
19739636
1066619199605407744
1061962180487196673
814875998797856768
69251739
123641282
363540963
2817703628
208626435
719288111998574593
604724714
924595192643989505
1063436664171884547
398742438
998838469022699520
883122789003272192
1034742686501285889
70893597
524659984
2783530045
1061269245500231682
3907194745
60991069
46214351
861683330
981774203367165952
2596589880
167619432
331233189
59044451
717456933612072961
556631016
1060111089873108992
341954019
826168640118546433
40430344
4700838972
454804553
54871748
3999149775
2933359475
47277053
118061665
1057641991482167298
2243158015
577361687
465904535
742867996800995329
1428575976
2734131600
185028244
17119572
1054486735265193991
1116691364
217846335
464381169
49396062
1053415912047554561
227074862
1053190921775386624
1052069113248415744
1047493807640645632
3069298941
181119425
964936445340381184
740689153
250557092
941249328533966849
4906567869
1046181829529817088
413484141
3942812835
798920932886794241
793065570858049536
1427337342
937078756132511745
18219475
4818030580
442073149
724371317672271872
148879311
69953604
2792080628
3211652961
1048056118918897665
254925507
1047883132874248197
103256279
837651817
737373675654123520
984508802006429698
824649507686281222
40197991
827170793603858432
263119612
1036281068406681600
826796543453831168
1580349043
968044463456219136
36987083
817325526973091840
32456120
169411292
161080055
771350460661989376
3331224573
883799436
841786994439163904
996770354252181504
10936342
795755305774837764
4162410142
1136124678
1454612790
1007341763999223808
1042372540239241216
1001018193312468992
151807487
2943555119
3165098208
892734436827168768
806927785746776064
30422088
455892107
15560717
248883268
250664554
910217336568909824
16167065
986131517687476224
2911330897
719658320760606720
2833616255
1468355888
1032373178734194688
2895726664
3955738395
226464610
23564635
1634477202
80147237
415077242
335893084
2472730830
359838444
17560863
1015681547415031808
814826774
1033607346377961472
980899543775662081
358194104
737178571
131325581
902793882
1022951420847378432
3301963263
898625964246130690
327060292
4053802049
836569743003889667
846389843164782592
4384004595
881107535394205697
2231493558
294837468
1031055356888145920
1014145423861153795
1333005685
794534308048412672
783965762167902208
831587027686670337
22807586
1011802358974541824
2336419081
755190012
1031595790626508801
1013444645370593281
534403488
770331590337716224
15150655
284553
1030477865920458753
956039253980524546
139401256
1012727154050850816
474034258
241453263
510870627
910728594527260672
4829413013
959953719021379585
450842550
1019861740526465025
938094969562259456
2930407037
127821443
198452221
2421924272
4303682592
810331766691074049
2586541148
809717804773408768
590848577
2724254396
356003089
22896465
859090512661426176
704799336375455745
856925565391122432
147943533
976284400764649472
996227958279888896
116984422
2875858803
876771808128663552
96539329
881147237514047488
84108585
800772734854664192
975440786262130688
1023910005202771968
312460080
316382193
1020333281852698624
174924801
844615687528235012
958337207332491264
160486472
1580535385
935863606280904711
742153587124359173
45992334
1695065382
969324218671353856
995332080
3038310788
289217118
708787318572843009
988608263305474049
860880040451481600
953765349933109248
636595809
1001921108264697856
1009468270418620416
49637376
1594832018
2842025330
15814438
915765923499462657
2780235337
872885452868550657
17407351
3152001726
1201333550
50630589
22528489
41017798
707874301
2887436321
272163149
3058567301
2878436930
1014682688714731525
1723103544
1000543097208672257
37781348
972215014168838144
3028172709
1392826357
968655253364199424
161916370
4337059398
1009565732101935104
319237351
22849753
784823391962468352
16590605
20868136
2927885752
15615698
857035081
990417292516364289
975973951
3148850761
17833957
739844544301137920
761630789092114432
570354023
16577750
3006419805
866856309886517248
710477364980006913
1011157609729216512
1011572982068711426
249781006
30698916
487982741
981472704325971969
89405541
1011578563579920390
2398905133
82712613
233145339
17541565
58545641
1010031906539241472
965776451642503169
154672505
730032952525131777
2469093314
765303997699948545
742171692
170469956
481542930
167384993
84293847
812349269638336512
1250435100
2920513276
4877243555
12366352
108392222
2784044560
806244078975336449
986443722865885184
1007661684645916672
2456170201
1008253536885526529
49297312
14450209
809131211218108418
1005722609475031040
65575900
14403154
72614010
3176629534
3172762712
739410563776798721
356505711
1423812948
1001856778039152641
17235447
776744770655903744
724736052670271488
326287946
1003599316043419648
380955286
3207841787
781581918630506496
967771236636995589
548291108
10378002
7004052
96867459
994994035134795777
4715888351
806692975845642240
16799866
3129873088
15839929
232352752
249320492
2921279704
3704374816
2372315166
183388108
2704732163
2595371521
509873057
3649512253
2259160476
912454566
260595422
984920328529854465
2446114304
709434755876581376
975714997232898050
37092820
110940386
11916882
822020355606925313
2828149542
991777251543793665
3242182827
3280032182
3380748339
101782606
354278144
61261057
899645712526397442
2771006904
4510694652
793992169
984992012016541696
107755682
703366975997779968
75956740
57773519
160445190
2511553729
1608186300
983310510732038148
996260927921156096
264372541
725692895232143361
706694905360297984
90569845
827638801
279162165
861686077
785478102130364416
45417325
841497890
3426618365
1040362490
932856257119227904
1910025692
789492338171064320
988922576478134273
1688796331
252783837
796479090790436864
45919130
2210326663
44333
3023483599
826936432648298496
139544417
3281181511
1923345956
2172058014
3236148113
2829207076
14063698
851445856221921280
742830658666528772
523216510
887630497614094336
89655125
2897193995
1687639998
256086927
1069382857
3772465463
992115165716860929
731360706
36956198
737594228599980039
50729711
2614152457
4817453656
2452134069
40932634
992499080021458944
749569232250277889
417849332
860247001
243571941
181914739
291592222
3771789579
2814947979
500471633
3103844173
973913728579235840
2369417021
3183137060
2545713709
824291866581446656
879101016779743236
36346372
825440294
144247687
958134755832115200
3095149972
149262008
2778175941
314860080
4555505841
726525870484115456
983760812778106882
226212235
983429513773187073
2748422886
368543633
768098002741424128
968524286985203712
985735797117628416
96506670
345417971
1995451
731828663805722624
17856025
716469303755706368
3645858808
16787000
335957136
970406832547287041
857970652149579777
983954975796559872
13656942
286994934
1469481084
846326227
1639877449
130791303
23583975
950707649066295296
981990989471666176
978668963008835584
940958351877394432
911147309685248006
4710956071
981213076807589889
798541807273541633
737793574712934403
780700757666308097
181513430
107591759
2840627454
19570736
27089771
300412228
73839357
17975185
774110359
844837510194749440
954193699
16709688
610597281
88936048
303139926
954064922954125312
15584175
42922900
352032344
273531437
148116431
237888987
70913450
720754110
130623482
17307858
855075562464915457
296169859
2398594958
847283533651468288
26466813
976551826802823168
26548315
976837622768242690
917177662300409857
853994735588880385
30047063
732106186925842432
1487292943
774982216870981632
392126982
4830111525
790522807742586880
49043482
963823401713524736
2307016932
972644920371458049
925826134679449601
4042462396
586628610
176149063
912823021408260097
51591949
136301916
558686162
347676578
973798982454571008
3337384126
732239726627958786
807337138551488514
15355973
961960177632235521
25262693
15876545
835608144164212737
721776041966960641
4776141
3995592797
2715938277
2301709758
1520105341
936966299795755008
961947682637058048
311500824
797883150890373120
1612233594
215934447
3439002107
928658557809152000
52398256
2342245093
222388725
402996114
41158057
3155681050
928303222879596544
969159639794421762
850428455644561408
902320559152918530
1369107626
837852123027161090
880355027843502080
188377971
133849651
363181966
564200898
80618068
225635349
950852947575009281
494508400
834404942
875439188
958629090117980161
742742238220935168
48473838
2413430354
4263691342
2829107597
126295201
59860916
160877807
54889443
255737690
3233763943
941725330544439296
966304510741229569
3295922608
6688542
472057669
16684191
899693568427786240
92634871
91135863
314703677
1098367117
242062976
202342149
112405168
808585755224375296
28317466
343670280
576685376
4798820361
22544842
84893173
82063215
733536950963994624
138708168
1514863652
963439036105986048
941635882246901761
296160588
2456640660
305015198
95813256
961908593074294784
205112955
2588077178
2831636157
21284641
961891243985981446
203661166
952860728272347137
92989497
475853989
961088954
552105881
247293860
961566679141638145
935077298734354432
3364208597
902121528912781312
71556059
914884124518834176
210341321
44860754
75983317
960493941043888128
775930594391789568
896706806
703942924271280128
22926051
761205324648947712
17808891
738348102327894016
959422391540740096
79296285
708230236635340800
1882998218
927588732072546304
2162905592
904984746773676032
3305896289
3027431134
1119741
945397477074784256
57344847
60066209
3906698114
176553418
21760741
3030140937
2742098774
2387325660
4250587479
49921739
2763932241
953684544837881856
4754559203
4871631661
484942330
1021016006
66383772
3290812265
728245962381135872
2885692329
359219686
3064007676
77781549
2829244718
280909087
1074366379
12454862
4218711664
2765630239
24633727
944951977846255616
57144276
929116110032687106
17739495
12819112
3920875772
3222984547
3151041000
3201911199
746592973253713921
723581160912248833
321538860
788531393957601281
2150885672
1645444213
879342911443357696
1960378178
735848117774475265
314818188
717733727493816320
887664048275419136
2321222617
705083002850779136
2520264088
4298209217
738667140111314944
903657596808118272
2285891185
862412561584705536
1151537048
949021019259404288
889685069601832961
4353878783
4783913665
1913916133
940445124256980992
200854219
2462831191
4009894545
312572445
854969496875958272
186874846
943383464962793479
3341596137
553656115
946241403889377280
59336417
134307747
15866051
1028537611
1318588657
933048822779011072
3271465074
912236419384406017
230508954
2181071694
894981889978748935
2811694452
80364727
2485483598
936832385202532353
743039401580744708
54294584
3865005196
263340460
3790326447
194517194
29891068
393696887
91143896
399677490
527552700
21594615
1359669241
940964732164542464
902539066385854464
917386554280239104
1100395628
54255336
75383973
15733424
14183440
700519638912757760
23185478
268919557
62277148
909001995050156032
100590302
935993626991226886
2784123889
3047555198
1322797574
869673089927348224
2689988339
593461415
938416894373171200
915175593666375680
613416493
246490565
1295008862
46108427
85301360
913044063359729664
246912279
933690437054976000
937390732922490880
934956528141922304
165815493
814175592518139904
26796481
874492877489020928
181363
717379440901296128
161609480
229259546
1097599040
1060311913
2382286849
2245810146
357163266
140515615
29802295
1087346568
2660523104
888706303
4796808260
861002208589918210
416105754
3302492687
618613
60933288
1167122150
69355735
88273299
10705162
889574238591614978
41412650
730645657627860993
1288393760
141416577
860851604731424768
3697013177
933497553684807680
51120354
93746438
82411462
3288336892
1002788809
2575351538
4742714607
577427081
363305351
433943365
78873087
370488534
32160366
146494080
36132287
575657816
76693160
716492450
2988063940
43263253
1311656826
14176673
147139688
728169159834492928
78242215
3284775505
3002478596
43833
140552229
303465665
14695412
2865002788
819672734552576000
816927917410119680
861519715931496448
561410035
4826379575
881091882293633024
4425223588
2157409962
863260943286902784
1398876810
138966937
874665101617487872
22915473
352919225
116333518
12210182
915253973547995136
1581770840
927923761671786496
30664086
22261408
791589022296633344
108903412
2385898161
2231179117
130490305
185472406
3305925269
1042356728
2384210779
3378834078
2562977114
20605327
791070237949034496
502068188
1693748654
1963398566
2154778340
908248861008912385
2466224420
710844265228836864
18509815
525387619
329179614
245833605
865207430187106306
923539241623154689
251811576
72318321
135076044
148798351
740475287507472384
3294773915
3285132828
757676828664422401
451448044
566910965
4833755873
877616433609318400
221020405
9437692
918470858796085248
737776648372686848
11597172
1199622356
156627597
23753331
918445334153584641
910320866
212439445
2179791505
588308841
3823008082
865808941594230784
4428703992
2249688711
84825820
1620349903
832734686
168551401
384986306
1136567400
918453005829189633
917535179115237376
584823677
2195785868
17905788
857922115022016513
816167876
3888303262
4914941
340212738
2274472731
72737760
209135732
22691822
914571353977708544
331841017
225236194
2701730684
892773248420675587
211745797
15002838
774329053310545924
852084776190308352
1336595658
910594173547421696
905936153337004032
535522777
22818342
346659867
1696005139
353847615
21075386
14370378
523365962
20653310
777135943
14341386
856810693730979840
2968050806
11114
16441762
15005640
20905147
20386697
741336421361844226
904864244830806016
172775423
227389515
836548849
908487313222758405
854581958
1685888563
2897976637
743830135468527616
16942907
80114334
476008897
760547938850447360
29460483
842093476699361280
2972596395
27902723
846289108418904064
2908693956
907312355578544128
1583833814
3004181585
74435830
904439897976647680
3174016887
3116295005
568757967
2909469273
821124315915714561
7040032
330353851
39776400
34522996
3004103247
396524829
1476178722
579076872
904175740559572993
2358333250
2358124952
240024738
221608478
153541320
505650259
231539067
5815392
3448272921
14684195
944404436
3386921285
447110951
3369212848
466331650
1549999064
732763580034994176
22632957
66930727
233371749
728857881299329024
35632166
237018893
188423774
1692248610
847435811121315840
795234419632128000
285951837
1958020381
15258949
1566336368
3091479862
488959642
146078837
44453098
100827532
3871826339
844988435706327040
3429805121
18999920
894618810879057920
763181746728734721
16134425
81114859
387874090
35817379
4877613742
19968695
176761354
1109925020
83669132
66365075
2576724937
4473931
106091106
41509348
222177874
1337118332
25793183
872113116397658112
2840929215
594278352
14568034
778042183236542464
1086553003
830900866739818496
5263
14420132
894226720101982210
856646196378710017
2311959740
2997942634
893560144910573568
614440298
741185730605682688
289107682
31451498
93950513
719967213336322048
889309370
176371696
783036384017719296
16084102
56786888
892560064686374912
226326104
871100481631916033
4001423507
29372089
782134271087611905
15546879
4901919879
732594550607339521
19282539
3317360860
847717177759158272
3123435075
2512604281
158198443
774749726898094081
1138409204
26158691
292799271
1924484352
41577553
2998063282
831488176028078082
92538216
93743265
237650650
1073388199
121777206
2970691647
723073652976062464
888647700220137474
811708117
754214745138487296
2161609544
823097592070410240
144730494
867383993796308992
437591452
4917922363
18186411
58235603
191257554
857259202250768384
732347910
2283463274
183575679
39351968
2340527012
1693882340
12607092
2631969664
149671284
886348955625410560
962643066
1608800833
519874407
719456547
706064988608307200
76567984
3331471539
1093324700
762934818531340288
127003086
252204344
2584786360
3313174584
842050828601069568
3164880701
805406056864104453
138534536
830441935923875840
241173920
224631899
411391586
351288980
3059929578
18163234
845379128828334080
2937071
15395859
29093157
809483505759584260
76440446
275683462
2567842418
108419485
704769925
132276160
2374358204
1402434060
3880760903
486317543
2772965208
2178886239
360973442
190987043
385894039
14726106
82291993
404946566
3086950998
753314121001607168
3428114433
96576421
880126586208628737
806899908087189504
442627993
208988759
786589085636894720
754127385277194240
335433469
215244619
1898653928
22023030
863656398311141377
14390525
583180584
867935920036528129
67591743
37080312
15090415
22652982
415881007
3648055819
17078593
350164545
10012402
253647205
27336538
395853499
3354549147
1323535278
2279811578
804385907641978880
319124822
1477833530
817686608774393856
220076545
272626019
1428132774
2873444453
28053637
49793068
8769542
854245234976358401
100366610
869935627420217344
2981013099
165367317
478181304
2504091956
99586343
776166459261095936
1590580514
1453013305
1132384434
869825859963584512
50286997
49328534
14143709
401543837
239716187
20059455
66804635
4200716788
15027761
287448001
831947517424234496
130780001
48636190
325138382
854413304571318273
752373468801343490
857272676309549056
14248567
433865737
210520672
151139471
763834586229043200
1361386543
14286491
108709879
324689477
1576006626
2578833583
196492929
1655442620
48656233
570125222
856957674793033728
86396959
3016959235
191122681
735954684981084162
17047046
46299743
1572058764
716213
2452073258
37989702
519488886
531697681
746266758793814016
1430449225
192095168
2863678077
2752368759
2521030569
2943279080
15341093
190246525
600944751
2896648126
2682534246
250627412
147850240
4657994587
15402795
366173107
796536962714767360
845091326
13513912
18226927
44553548
2221797366
81658145
14264021
20617471
22911650
3330208288
318088798
10932452
245989106
841811845811974146
19149675
603166695
756152029286846464
553919830
10342612
826176755895455745
582629801
51492249
2201420082
2396006202
429146012
30799501
17638298
1589376188
564942265
846184853787688960
146567174
309153127
830830697510166528
3833676803
791995268023611392
2716377871
13073992
144972081
132286114
67529128
53560219
275890109
322646593
1171892316
840612089626468353
1224639384
152352998
2417880764
461316813
3520372939
325100970
55388565
14252342
1246397209
734776924451528706
233563490
2393183850
2310695640
4171159534
722286010264989696
820909349275136001
113653403
1102743084
49413866
839286161877000193
18881614
702581185701154816
3443391621
825938621244928002
4159768852
2843640335
92746008
210787605
3159413824
77655905
40628951
2785224041
621133833
70570429
99173786
111093392
20342875
928474448
2696577092
297073565
2987122085
43199901
18979543
199249094
46790946
383289779
4631863647
12432262
991459308
821807712333926400
19608697
258025439
2198523230
4558263461
16728620
772281637
16557883
827938774013378561
124834891
837042904623378442
235703022
15132914
128316780
1038769466
234309722
1504311
834581679398330368
548081370
816820845972717572
58058292
705378489541783552
2563757401
829754596360912896
806281962096717824
104747951
399805362
476953130
104462518
3131314019
483986116
3230279472
830231972958052352
715953637298683904
711871506549248000
386454644
75261668
1222100664
3077472948
3304688668
19336831
2557192860
3350812180
1236159030
49968908
46392565
19022161
47998559
148790477
3164563012
2830215105
1909240478
2651437977
48268341
56806677
2187401519
3935455827
350820777
122815078
3847563755
430766185
186385522
727879730003857408
714168714644611072
936111860
4339911
308407719
1343132275
22963112
695043
2435268464
454547898
780679187421995008
764441541721018369
4827825796
9626182
3012129075
384492431
4820863217
45123466
758118177746345984
222765418
330312509
718191811534196738
542747432
2831922888
936388706
380816062
4616113701
26055337
19936043
