120501553
36889519
1770131
1241089575033987072
1069188143675596800
18633760
1144240665657843712
1238585009273032704
3478337944
1139535870778912768
817353986403663874
5845482
986535188380504064
873612847212900355
1082981992684314625
1171462202219302913
929292510
946910467
3319335199
15494498
1016632559906820098
890936796283940866
1234527153540206599
229859565
548733149
293727937
301212725
910754717625733120
1227253264938414087
1230090496820830209
1159504789870448640
121249695
219942693
14362936
304418455
1159905222354845696
27210745
84558478
598228596
251113918
1206686941909049344
1044699638698311682
92199528
1176086532131713025
39892396
744666019696873472
745582409257713665
256900512
253449166
872449766931800064
1222641804635447297
16130949
86582820
1127215340793077766
1175125905829695488
381632190
945023262454624256
561843896
452601207
930133312018026498
82456675
1089168652459540481
294453443
878989195632496641
1027216005108584449
1189538478763192330
729817588897861632
1096009092626370561
777390
992405501706203136
32191385
74501709
307805186
29774709
14584595
915960362180194304
82956123
534682665
332854316
109919517
19682577
919368416473047040
623734661
25984405
2929703872
901773635962195968
14612142
769707350672506880
1204090660481044480
3221069440
176425492
721978399699378176
16329099
79348524
15772978
36158849
15707225
109628739
295409117
233100144
303642623
18573995
1355677482
38405141
14265339
22261036
21257028
2194242456
874314198
1023837163388059648
43879159
1197848687126466561
611758045
1319945166
4067771
1196579406367600641
1462185824
75525268
925939831
1194779950286606337
1193458294611992576
866467558114852864
20037091
1176205861196390400
334872281
1035676762380759040
1141688790127456261
1175470125828497408
1119038646731063297
140627366
172290024
1171355888625553409
1014917400192417792
1640328248
3010386957
1048644770245963776
416050185
1100808059478249472
1093166710079832064
13689392
790290541426511872
62298647
46791535
15766866
17786309
97216290
42235252
39547213
1329655556
470788597
555226309
1967645300
807285796747247616
339991963
268363135
15661864
123845062
245944806
19758493
571636470
201161763
20991773
347146919
223724241
633249234
1172247906868432912
748263271501750272
71762380
79448901
1458432548
14049721
32955805
722052451717799936
900322576983109632
75767817
1404768684
156177036
840400028
3316070449
17122257
572967551
1184252266590674951
212187685
1397508686
4699370353
1176592353362087937
1003659088306335745
716795614135205888
1166450484024156161
84048974
1170451576487591936
1177763958876450816
14185494
3674504537
83874211
2304968983
1010228491105775616
913148360739184642
1325474815
1139610621912256512
1160577702543405056
8880932
931246431867932677
16039297
1102321381
2469964320
2335453412
9384532
898351050519973888
1095001535933669376
588400012
1611291
14463823
16923632
2665190724
216269909
3218781
372704884
701475866056986624
91942071
2856809037
3086485043
366576016
177204611
194579374
15336644
3325908625
1011199793492824069
43099954
75254621
2164043453
17503495
932042374502547456
1075821356720291841
1015323968310521856
2788016666
1041066117530353664
1066313488996405248
1147985427707678721
1140747068673277960
57906476
1142189080832352256
9186782
461480780
1541996982
2661553276
15822993
4636779335
966804380019240967
244095296
40848770
17776637
1137757235168337920
1137615859734720512
3221207020
2789291
1130812514718105605
36681161
1085501988278812673
1135948735152828417
1106901526193283074
1496562392
1121394944265138176
1121390731103490048
2939304870
1081065808523157504
1129479311000514560
121194060
995918471253938177
4189928599
80102750
1122995840333881345
2476470054
42960883
1016657905976832006
894570317833789440
3355904175
1019983530065944576
1117509122000392192
1102921669117644801
20249863
1055908692074336257
885970549230448645
3002831895
106827640
189477465
760461981149192192
394994195
187531491
202253204
1087358664594337792
2847033483
50605010
757128710235492352
1078316071344590853
739271654920978432
1115254243890536449
1108018359667318786
112758651
15554858
353605439
25267342
922056475358396416
443918649
54356333
1048311439285350400
1106991504734724096
920060614642405377
1273625976
35962650
1524855300
14554959
888050469813317632
14161981
38438296
1102184790839779328
606458327
87413188
138041167
702806535668367360
750044704314535936
54293645
928267243158302722
10949402
813907027
314781880
3425721088
1020034332889665536
3902679915
225638276
761218740688125953
161267739
1014940374413074434
854502954178670592
2725247566
15850456
950396781275373569
15596176
65055075
275689639
1665897913
217566185
1910772547
3010092452
1089122619037794304
888751255144861696
2791475954
1086307183644561408
1084191793544028160
1041886790880305158
1070682029916897280
22957295
4652681656
3279899875
766424293
329239536
983291646958821376
173407662
41570734
222158381
1066807201849843712
16094970
14858710
79220346
712201444812857346
1167284816
3683732177
465477843
739293
3122211
6444282
148070092
2837973629
809003811423535104
492029429
10325
3297098207
34936294
955355755707883520
859112933674147844
2343972634
76649970
3298850007
743445249574330368
17967185
1874787943
216632407
1067864341872029696
757960931435503616
2885532839
1881722796
58486641
868078634405376001
1461540170
1062735159487881216
14479383
1022798731354300416
110305689
1056875352868487168
27639752
1051840087812702209
86431636
47389112
80607805
342311048
117088926
2860787805
2793918878
1015688860653649921
967770923364429824
362354683
3375487989
1052647249342160897
1055022575326322688
740972952
1042877914516090880
113423578
253588393
12134322
555264482
2890575449
1037991451093807104
14212297
14775478
924960848149385217
844256687334850561
300404149
1037390983858540546
245489042
22556107
21302593
1024243529390989312
1034792421157158913
339608344
78933383
501879360
18953714
1664639599
1360393884
1601460092
1006084266
831626413342068736
31131590
743425953230110720
4907924963
635604793
946170590368370688
923268569856643072
953729278335700992
20694513
14722354
944619875728838656
87559637
75026745
2331148725
1248370388
146395819
970437155930730497
263393046
974947093029769216
3153999449
1034394968423587840
9307842
2444492405
2190485113
4725144435
704830111355285505
994888125662056449
1010461218828619776
3964764148
14334895
170101503
969313520515923968
2991904109
189554835
950311743753920512
950744536069754881
877884320005763072
938017287591813120
1015152898466967552
2708552947
467147091
3834495375
28638052
1530315511
2836451415
2911466055
493956586
768682461014269952
781213050489765888
224015691
720092880245628930
300734173
809009434508853248
91443709
942426257517576197
967868789076496384
2252715397
78829165
1262095994
463222735
976857250802425856
740597986846203904
984739902188384256
727938837440303104
931537558298923011
913303498720202752
951052162968309761
879622557934256128
149038850
1696316762
2783073223
2999636381
954359174296690688
964152989169700865
1952993282
1136695645
1175913487
705316148
23061359
2341733496
770205666090811392
2872661847
4071094036
955435829341622272
118978291
823817511842050049
1079816185
113077517
839504881501241345
445088997
826504896987926531
968656091054727168
920968088618786816
597647959
842389938767335425
3346535777
21874982
9078772
973268721312681990
72891284
189678966
831600947465945090
969022794112602112
908024880855240704
936622162114379777
123373709
919226113141944320
2964315228
968250955430014977
938761722839601153
20143193
3349164003
25676202
5449422
831999013016723461
330799514
963034543811973120
3761611220
574556786
553422832
72288444
33923443
81249071
956884908571611139
351941813
938164513496621059
2803781311
924681629829877760
808705470504566784
935268887922446337
771662653429133312
956931501786107904
2279440566
2305378238
437674175
841437061
949293174148730882
731536458708815872
2857282208
707078993527222272
797835
24019514
905137057659584512
70593911
822397559935074305
249095986
2739635613
365290947
593759294
946043371176460294
930030101940535296
935967886639759361
943239751502651398
14163872
874627026703060993
507566731
3201093971
897891164921221120
728227076994678784
941322601837637632
914836870709772289
550893683
20350446
940207372454236160
345594319
2302961570
934004443229642752
475021234
922289559580356609
2850760222
4059472400
124288585
207494162
154193787
751466485592289280
54708637
133729321
9823832
898177910904946688
92249305
871002018726518784
768541258797031424
252243945
775378557870669824
1943546210
20859174
4882743003
3309371422
1392815430
300191329
225549392
78748486
162304740
219232440
3300563945
910868869350330368
715690656727846912
1280914483
1344253692
913030207858266113
17466794
910134115680350208
1080117824
199510403
155873268
4695562524
3535688657
3497192894
840325224260390912
239402515
1042213730
138000107
865419513679851520
773423250126897152
2267277049
897113044869947392
66954178
843111624798060549
843177666517852165
347424195
53900585
890285021277368320
3393428571
857218340129038337
773888245952315392
285115075
867566987714506752
23418485
885186129212968961
633955259
2979642005
125403540
881625009499910144
799066355303587840
879083120317870080
877126022688370688
633652108
14352372
871028661331349505
1454431058
875652544051253248
1942731516
713301286142091264
743026741803880448
871369643423920128
847051245009457152
2485394052
2614056435
831624521106989057
238151110
852551770224111617
124424173
715949428176240640
819515416880025600
2331671593
847677580522135555
749546664160063488
809301901628108800
845017996544368641
859136859460468737
409316439
858394986919976961
3516845835
1621587554
703268663391096833
341141006
3031410543
857001074871369728
2009211
829489802168901632
834162986558304256
701446961099096068
838050778719916033
3880207889
2695854726
845347341318131712
845228669379526656
419990390
844630372327604225
476061691
7581192
2723130611
760376264226136064
2243727931
4209648089
707314989296721920
1331193673
385500513
4650911308
840610617870417921
824712114589818881
795277378654236673
837961128672100354
193875155
2729093330
3177606732
418016829
1411970989
65602782
836912223251476481
21236218
2543365078
756433492892872704
714886730
795256147049639937
82679225
817140793068687361
2750220973
980760859
57688837
120193602
30432717
356854943
56748548
180723189
785797405031686144
823891785596502018
701355709104070656
331623715
446571301
739850970633523200
74136556
2868499318
188410754
1613634894
814549326416351232
2720839988
1589543882
739489298018275328
427379113
781895442263052288
512741978
704792832
17464197
1406849180
807059339680825344
805804931177480193
4767946582
723185225992384513
737299481293639681
111029596
2997834877
783348584750120960
805673020664725504
59652079
795459145092763649
3057276974
804352468008243201
2798637643
797397723322449920
2397618475
180337154
499552028
3414925091
14645490
19020366
4903947446
2518004683
1930010322
1650368761
795700917836333057
3047303122
789792800502079493
14114178
740089548940660736
792330524169613313
310442835
2928423659
775698072676564992
378917660
3226053917
965142457
247748963
743907104210169857
155992919
202294396
2435122362
3159017712
779079129819934720
53381081
3241691037
2939953646
17850785
3385807462
990591524
19863769
18179099
2706151982
3166089760
360693342
2411414450
769495524403736576
769480167668510720
767979754750443520
768952321074163713
759170692122288128
768497558729601024
764767083355746304
766567148978307073
766334565862563844
3020665945
112200200
1267342885
750983285468237824
4486241354
763359686858899457
762228858590416896
759086715185328128
270906608
745320622964760576
758278420233068544
757252282882850816
288917506
760588339762298880
77787332
380831136
727519267630014464
2778753757
755231748745605120
3188083407
709310810321977344
1921401607
710205915383898114
592732179
2808594077
749946521248993280
739188875407544320
752235137211838466
747842548840947712
749895452351459328
1070534946
154241798
725254446893006848
747398388535148544
170319586
90246131
39964294
254866954
744908398228082689
2978116391
745800963395563524
735603587334688769
314734786
1546153346
740545523480965120
183271898
533267540
282198792
728169723964362752
254222963
74067805
2325038370
4704458535
735199876430991368
736995535266152449
719294160373612544
31103614
2759241603
11085262
209132756
44544378
2780705106
6816962
3317582307
145230182
3413196201
30951453
287627480
3434455703
732669882781863939
2359997496
732396080906702848
3301501559
728186021901303808
45782565
730393748018991104
728299839201677312
728179084400857088
723535650843189248
1669758186
1069110762
726279832611487744
19985587
969386382
15126625
29789843
33907701
56180233
2687996364
23941246
2989638172
263425576
611815829
1729147885
2417279108
22002752
17616445
1878202765
4696879574
2807334567
4829635631
721055283267678209
46694161
488605462
4588922595
2424305544
704236654450634754
2400137132
955896944
511043145
14815775
3047158453
245682057
3018316358
3099013095
1075265323
2872086425
1372390586
719090309192368128
3306447045
15013572
123566317
707212748225122306
363792365
715095541730918400
971963712
342105633
2812852814
150654953
628613181
942461064
705772576866484224
2515670461
713174291962011649
96208175
3329140101
709824489337569285
712257936882425856
710418347855376385
2239772070
710470125418369024
710189714473684992
4150035194
702965254746206208
125172860
703832400237756422
20000081
445067454
3305387793
4075560977
155690288
1848123992
15760263
4343519608
1886281202
4055912368
702050844703903744
704229272500760576
4836483761
245767725
296910181
477802917
4261334363
2906964189
2957613965
3425653480
4923683680
3240579262
20019907
2974539040
4901084943
4920755452
19904638
2847049414
20322653
2923219528
4894957401
469268384
4344010198
2984568951
3365682207
3088873193
160700667
4118420542
769143302
2965849071
287139752
122028721
3663940936
3333190114
4761578653
1201909458
3096590594
4825994947
4817035061
4835993393
15515254
220639430
4837847806
2330577332
221857502
4795568478
2233083457
2771286633
110001506
4404115041
1132606844
3438991048
3379551628
4547729441
16173458
4697991636
4372628908
4674463784
2871332945
284540385
59016297
2534066702
510030710
292419343
3199253091
4444714823
1642159544
540065586
329797208
1329369750
472121212
4416934095
1557980604
158441589
34344009
2884548347
3195144273
3882116237
4331261843
4319499335
223679734
241062278
4256184329
2985820931
384751725
633267517
281370083
85270915
789247
2253689880
1269697904
1734823364
4260350411
4254905374
3160105745
376111775
4239925889
288171346
4302734293
2162721966
2231465784
2729371183
16001017
4110922791
4213848563
4207099037
19434689
2187272340
4193494516
4193939603
4185725603
138792040
2874840364
143852591
2651465136
749902309
289353325
947775756
2328735300
400811395
3919287297
867016915
17763641
1334211540
22199970
20701076
257514625
3203690517
4156647072
278300343
379728108
1889970356
3009392448
763722763
4125253173
112600113
42836460
4003691039
4114504163
21290858
81320808
3080581407
3165285212
4098865463
97445428
142921894
2998523104
2786396054
67429063
3996353440
3481549212
119700784
190123859
1262085350
1544277398
1670034991
2604716639
179920860
16519133
3921136703
320241050
1475865884
3534111377
1704859502
2546626206
819416988
2737825699
3840892455
180523070
14894710
2902176931
3375365391
797174983
15223432
3645704659
3222651439
3121042822
2193993086
3404434769
276712577
77177096
367344573
16596200
3752255482
3079833857
3254411971
87969258
2856913936
3343864467
3531582622
609073718
212258724
3644285475
3609993916
3393347746
494774918
3270141552
3428273712
2485031678
3494184076
27055729
3482135782
2492479694
3369811392
2216745260
3453120496
3403909918
24347383
3150879538
3430863281
1226019787
1943784146
3423052738
36427941
3311429924
346227378
103947514
3389327537
3407275390
637094044
3305557508
164411005
3303004555
3396152884
9973642
3224780979
2411050143
1633356960
2965141085
33473920
584889749
3145162732
335264549
2443601491
74294977
2881272707
2452561702
807230389
3385610273
72465356
3278725789
1569941700
3377045740
3376287298
3278654312
424796009
3371137919
2994097081
12349852
860053832
189240950
1377987541
3232193402
750121328
48980100
2437678657
1536446989
1257648703
246444220
175204121
14504463
3010887322
381412079
3259855453
3257398518
3311971768
3252589525
1842391867
3007528588
3241884668
2726191485
3337011857
1267606038
1344104155
1385302188
3218805892
3045057215
2365555886
165699404
3305634843
232635585
3326820286
3327474202
832989768
3129067984
3239736642
3310719059
3308683336
380845945
120555743
514853419
1073437801
44993928
958558382
18332190
15016761
163079695
35480508
368259957
15686834
26281473
59144680
3296852429
3288911625
3131261747
1682978078
191214793
3072996334
1956396114
3264168693
300494894
15261937
14511513
3253238225
18675031
3244980724
3138083911
194274255
2241241752
382751662
414086949
1282963429
531687879
2475267103
735102265
1300544761
3237021928
44636562
211301022
227940477
1381294830
2768574170
3232842844
34429934
3192251266
2911024593
3224614822
400819857
2985912777
19020937
2962092293
275478862
3085560102
19315560
105806293
3191131169
14619022
30085243
302573145
92508017
21556966
462932973
267069962
3117467027
37890874
77716807
239835061
1879416097
313846803
3146057587
1630025786
41614788
384428971
191021046
298977439
2581306379
3140026891
2210286924
19906045
246480366
3012812708
1364529042
141033781
213119979
568093061
551795803
2970055709
964125870
3112740647
302424677
2336429127
15375974
2295939284
221652493
2838360490
549548379
3002924146
2882672416
1962928999
2979930173
3086493968
2997731398
15656800
2218904408
3064219308
3066113225
3066072465
396912781
98847775
210825541
34470673
27200934
3063768455
1567752493
2982988025
2249645466
1485485299
233602419
396013118
3019725022
740591100
2587141837
3018377659
1257566263
358414622
328889777
15016361
3026000128
36382338
33008329
3009395353
20690708
2942542011
23246973
21279340
123350039
2330098708
1026741
7935322
76411506
2996092520
458621846
2975394496
2993831609
17882059
2879968270
2900862015
28119104
227435496
2948708360
2525887473
2979655521
1507311056
1229062213
2332418298
2260150651
487609328
784597508
2954407989
107585641
2945149157
2768921778
2911188941
131878279
2939791332
2936827450
2932604570
1204929194
2914010123
211103965
47134373
1356572731
1424494280
1559842087
2885447975
143008782
2893339103
54641901
2883174484
2885759824
270009528
2166044754
2462417028
1720012958
1691787654
56023965
2905631112
16477106
13074702
2327237754
2896074037
1039804620
101802626
371470279
2801587172
90364766
2880011187
145695530
2799059110
172181248
1698904794
231996418
532188961
277012171
2718119263
2859526138
2873884072
2797869403
243079893
2344116498
37712843
2463451998
462943052
124942223
340343060
225444173
2421914336
113027539
15089764
276850573
2714895888
377975798
35010174
2824567056
2864028441
17596163
29094114
472273408
141149497
79140015
2859569537
2859243831
2834873135
2574980366
40311078
44458662
62908631
2830258747
2883351679
2851179561
588098510
1728941509
2796922169
14808143
2748805560
2842532752
2197768023
2874350388
351681771
873736290
2690215824
85802524
44452106
2864941260
2380347992
17837239
365930713
2861883752
2859147373
18167175
110107572
1584751944
19899482
2408706391
2854605342
1359649776
806481428
240187944
597702421
2821030169
18313808
55135988
1921134331
16982761
12512312
2694393241
379236132
2775353231
26902763
295563791
2803753358
15032069
125845302
1283429282
371996859
304811867
2748725466
18099293
2714519966
2653738589
26318754
2827797128
139651120
2714789874
2778200811
585617089
485706564
223468636
707576539
17998798
2759565653
1433764968
1631054017
14953043
19977422
571987318
1907283818
2725766840
497456097
1531550964
2481763734
2403370896
15328655
2778778591
2777141232
2742231710
74731015
1367370588
426159714
17792766
2766287154
616147288
2657166985
2652570816
291592661
14982767
178064975
347200608
159700941
369122036
212298649
1022492594
32833675
334012894
14255314
20517486
2707767091
2716047259
246027432
331742979
18693295
2708706816
2542097700
2705743124
2514812647
21790046
16856414
17266853
2597618744
577154272
2524673862
2665945021
368026849
2653568730
935797368
2715291381
415570422
26048735
399405047
1534513171
70125673
590202280
299552866
144804224
46770249
2484859051
1347279474
1461922368
194566346
32167968
29213439
28045033
2572155865
100014850
18061305
1004531262
15800407
380236090
519312560
252803475
19761127
2464464104
98660804
15714559
2307794444
269215303
545122149
2577021582
178274269
27174203
306792091
14065867
1127705557
14060372
345386837
312592592
282092879
301117233
1612889641
15088728
710509362
2553571555
15014747
20678505
2551011577
79831708
60824411
849204817
23055444
123870715
17744193
16438898
43103582
2205574926
934744556
1332013279
526093422
216832599
299033332
52237692
35717593
2350972692
2320825458
50391261
390118516
221666848
247853239
1655155104
248052186
2512672172
2361353258
2521685016
120186213
25395970
1412264912
37332714
22552350
495255630
10739172
2340459950
607469802
352505035
2429364054
1345647810
2476643780
84169991
540366687
138027035
1639598024
20586900
553222886
360785079
603434614
524392878
2495921856
53015480
2493087788
19414750
89149090
398299546
256093789
2436276700
236845613
253172241
2370936243
38447898
455907175
231952633
18902263
53778064
487623589
157291345
15573246
14509080
1057665338
15028398
1251288805
44113964
1964427523
2441295835
223236314
93866191
594846547
235229624
113655629
44916723
2414625312
26539442
8850022
393987800
50679061
2514807393
2348630978
501763891
17043637
2445805890
169430280
581759788
594703474
114155868
1866831
2502603471
226901378
1387822753
39457456
320889964
953639833
2451259368
2388552348
85325891
603676653
2211124952
578178098
526563428
178054091
2351767244
367489515
153324313
86698863
2354984773
16563584
1580545950
161697441
263956478
1456202666
295757726
365042974
2411566512
265092718
360875477
2415679842
91872799
59413010
2434486847
2401074331
537292752
533503149
2224905626
164039610
42584086
113167963
29664235
28080033
17481888
211530665
47181789
201619016
23567485
164791366
92258743
47258706
523585547
20262571
16308448
87948022
78562854
549864559
2175801720
28536375
23188677
190929139
2412622395
128216589
297359017
2394334184
14096489
23616761
202261677
2318854603
1285451887
1976281538
2368707834
359875685
14819193
482605557
166317282
2392621238
57537064
44617677
14624027
424543222
2173969479
22500973
274964376
2276365634
223519800
14452098
259376812
33317399
769135494
584907327
8782902
338695229
1665231871
367611215
1522857180
1336268994
2380368775
966196609
218628801
26994059
11119602
483962888
706852915
471988705
122136611
398555997
2208911544
204585972
63953256
44195655
250665154
204675814
2169403102
214876157
9723932
2269934601
30892733
2370730885
71490476
1707583987
475645052
18125336
91083427
2356567336
14836504
104559001
314014773
60836542
1412936959
30970094
186093319
2354644699
158608895
25263663
206564716
798183
1520017440
37994221
568191285
14386911
714320786
2338896312
145999465
532511048
19178566
1310384713
2342852344
262959496
2297522983
23054257
1969678130
127517928
297007155
1967021432
29410966
1516955233
70805422
86383451
820157862
551931706
616571592
313492393
1581077437
37535855
2321506946
278068369
161030850
25322702
54726193
45352684
21284548
57615727
28366774
2307445664
745190958
159048003
2175135948
39712946
19539314
372988507
86627435
17932070
16096251
1949384245
1157206524
1348869835
69688692
115539510
2269300178
18556534
323742814
35499731
259311231
1578449544
18018651
8087542
40866712
44178892
2285154024
140441424
2281022876
1652829810
298060280
980135708
20449047
2173762869
1614652645
2236949801
2250525096
52272065
132534469
2250521443
1909041091
2155093417
306400359
434144124
143763911
52143158
1116058256
34895607
1736853673
1386810414
15066876
205864560
480802801
197182976
703436293
612543170
443707558
303300315
302990481
1465914674
108892970
185236172
338940029
834039175
1854137666
2182049497
1285656643
2174612904
2185389876
2192846251
116190794
557557975
163468658
2184247675
218554049
16588346
371956016
978110394
1712301872
441113596
1685116730
2168120809
2164878319
19515084
14472621
1137622458
429938393
15521325
17018537
20006525
468812384
384328175
223829468
992767861
409110401
1890516888
281368931
1103732322
1060404710
70963923
16550264
261183938
62325628
16632928
896480790
21647788
19678543
80845783
17117526
1311792968
564388036
1923843823
268761366
1900026008
224668308
21389698
1912367610
1746091610
98327901
14573696
27400824
275399853
1399592317
160270241
1225828764
1895076374
1262711940
628627399
280971433
1893724502
484707347
611472343
292243093
16401593
1872380340
171925824
624486908
1266543242
1642636070
1856795838
945566474
260312885
314496586
163115659
763505922
15676862
1714358040
17555494
563587107
1225443146
23085067
1476212024
1649673270
287168756
17875855
716284844
17583828
473284628
11846382
1615279573
74730531
1702472532
171253519
87172530
1617361333
900040850
343677384
31407567
15846480
45784147
500149135
16751650
1668542868
742536973
1406918233
208986110
1615217844
27218913
1536008760
734632410
305471079
367881443
1303410926
1636210837
879548550
257009341
320097959
502762544
401596750
71532915
551649109
8948242
842256409
475176551
1337105294
405022886
302210253
14591390
1550595230
1568963935
755857160
1529073103
184749176
59754793
240815337
464165756
25310442
1538631265
1572274123
1440487460
17155492
17153957
493388756
366326263
255637587
1485013740
1430504568
603082088
21650230
292275060
1441959007
77534860
1003790888
246999319
945792614
1560276906
582196873
824783052
225433782
19608176
253490278
138738520
44658017
43654922
62671754
17989070
39468535
1044496772
588629086
1366244947
15172661
110175760
35712124
21750703
42793960
204651088
17135749
353410520
209711180
419788141
1453870916
169839550
21432983
1303822290
102396025
156380073
49589163
90896738
11223872
48180119
14075709
10127162
77000763
100307537
122166920
25048256
960858396
1453871456
56377143
44860073
988613580
110677072
34115079
615405826
41173995
388736258
85097261
205727811
335938529
282730133
287568056
115374786
16525791
52035779
270275674
524185103
598324993
39271341
1352686370
8977982
16507195
17963052
395359267
1342127340
277837218
100798764
210902125
753809299
498072961
1375441003
606062741
857726899
22900452
871241280
317014795
30341584
138856125
34241322
16701459
16794184
15528963
18076982
1347488527
1197079591
758820476
1087878462
532446550
1246663836
613942836
67219958
1333888208
1333809409
756754039
1328591593
43036549
19737560
101315286
574688416
569834240
817799114
151854722
98559768
43520738
371173392
927770334
203547768
182284177
430647104
21379458
1109447252
48785864
163329474
1169482753
1221345595
203092261
743574924
43189395
158994570
1242343092
1211314622
380435973
563694566
104567451
873830102
243017307
121213399
393307408
494003396
915302551
893454500
588387632
1154052218
1079640582
177996566
616056453
42808351
918675042
436180758
1142295312
1096058438
25477301
41210848
49977250
585007698
87909957
1120558754
1116651962
25585930
158263286
623790177
248776052
511139167
629228032
13180972
226464269
1088951154
408375148
201601345
724695912
1072735922
1071891120
164408949
296273808
115245526
31188211
971921126
110453381
229213198
881795659
978191096
219714995
65366198
1020463106
142632524
126305575
84542914
1025380020
28437055
402856205
34227770
852078835
395285046
410172332
366900011
2275831
278650199
18480522
400661491
26000138
786775988
17423332
216493525
911395735
17112662
47322963
873677095
40741781
995507064
55188001
12481582
631956733
79134841
97292274
139180641
562368662
582137422
233598204
67347553
25503051
234530903
37273004
414006589
29505185
746240240
15099590
932638879
612846072
20997251
167549663
413071257
967631624
8304832
580674772
233843354
19389756
18680442
459518585
52707562
893026952
544150885
116072209
269588400
408029256
875084706
140554226
200820979
396647896
19190107
832847497
5618162
19268947
25250587
14648972
18881831
14217211
14722352
15602270
312998578
421187117
16806990
820280
34361968
277894800
70953317
6893752
26461593
949736288
860271990
252159373
18610619
38822872
14995765
191598808
845729311
34484276
108954180
347136137
343283519
17991938
107010173
37925770
293338829
755038398
217085795
914133577
915031428
15527007
377286193
169238152
25373670
19587559
13342442
93876769
25864939
300936837
20720688
15413774
880747604
463196112
88561123
20634198
251244619
29958471
122759220
29767444
19279528
253193263
31223325
20053771
563421811
18330360
278532460
849702829
27738231
869824183
169890523
36074599
406212504
394742092
25691316
38364919
145596366
17483657
384859540
273423436
257302388
323867425
163361183
783995396
595235263
132854751
821235823
589008263
178202946
275049638
19075239
824963586
588078784
114734854
69080516
43155565
318383192
49940887
475114571
89345979
258501664
477667537
46612350
73125701
266760418
382345664
474032153
496146987
139119696
635127775
75226975
41458237
537967067
140628485
395399326
16523445
828229694
137859149
21995055
600443336
836620903
734414238
158388651
181275814
24589021
23661767
811244610
15357098
146209039
316523002
805074229
123499745
626784103
55227121
411401540
18046280
226295010
74703079
102454547
753011492
784130376
20085070
331504743
204252409
317757178
134457542
425485587
392999695
150820192
26221085
615048780
390095241
325731893
591200092
619231426
234526862
22485598
588534978
108914095
543625347
305427705
306030271
763289996
41934136
125737840
358170967
18550604
61537763
32496859
15747743
49992077
101787835
490575484
309182691
83815314
605177358
398328240
711131370
263850115
79845692
22251865
15687864
163535738
1406831
473260577
27326210
607047396
15083628
501024184
362204662
14866087
429564250
380384312
174295730
248262679
269210654
65645985
26000239
282006032
28150440
555307309
151380974
271170736
305779881
708218678
161333672
217116407
323829862
26088289
572380615
508939996
174284163
19538256
615401089
99126108
195069853
33370627
19414905
251218206
83197153
610320392
74438342
105890897
270350965
579359022
54483959
200460012
239093304
145760503
301944234
21759021
220963154
241416541
13325902
308155020
111611023
109366754
54525697
219992427
431503821
96913746
517773353
449140239
424881598
160509511
148418872
18307491
126719954
83724036
614478453
306024400
613520360
270318284
611640233
75328699
251814480
582329604
473064431
298461077
433137670
487842293
258037365
605352069
321098758
37726731
561151709
224368238
563605702
316269103
26391721
21397946
410470943
601781268
575328329
8904682
201312547
39558571
296630148
570820881
597580802
593457197
374043574
274887855
550114283
594756505
384888573
26688109
41191904
7843902
14990644
74613440
14265249
96647152
555181124
53341071
550830623
108413632
10337352
483723041
498928027
31034637
250898438
517749785
362161255
519907603
178966144
189123667
15932734
20228862
472450146
505656840
556712288
250844014
274509193
7838552
314796540
267194840
24328639
29307928
12727312
344279332
31117655
48834624
479754946
15479616
343419976
256226114
582695574
95827854
110553755
573900761
68198959
62554155
422213660
14604102
389996153
376984396
578504349
14317242
169825722
21020946
313331334
576246863
368290002
253659836
575445276
197448979
297366032
472829432
24636191
565372596
56997555
116158687
386148508
454013066
352998013
382184462
285547770
58291579
564051279
543310685
117534777
249721079
374673859
540683347
198987750
29418191
205148839
393338868
169579273
108645627
52422247
235254963
272986801
549892200
354925848
326964880
49395893
410554438
71523123
32324459
338574005
1621271
393676017
467859253
179853911
211718940
398681875
30513820
253613910
21329294
474156523
213341311
371876054
193677672
549310343
15006426
136387932
364192257
364191841
325675076
473313418
188013121
12584202
420444288
351599678
454747472
164898058
435293364
482037317
324326887
507825481
420668657
14097396
243548390
397309748
6121102
533042386
191878227
251510259
20799421
497815729
274951162
448887380
495034578
135106048
270036526
19655291
499341034
467474174
20859431
398303706
52990811
118182346
56244625
524894687
111302473
315002750
123307969
200820817
206028707
238173568
462122963
473826517
484096835
18540936
21587705
442774399
24798988
473265154
27836401
248366394
20187649
7065142
33955981
388461996
14657161
39697287
215049590
435482968
311105264
33777992
425261226
16067064
235330517
355931602
363521350
148642729
384069803
25268373
500266002
115038077
341899743
386646851
462998200
223791956
15413861
241006357
88761064
22704198
430250694
483282179
367631196
3224441
484895429
18047752
14459964
426907035
39831738
135280315
239282759
60144960
22614265
357605917
89708332
372878034
16726446
302627718
246691073
191039839
35701777
129232845
19289178
34887825
111267926
430663993
60702288
252274093
451156322
273367543
405900161
432094665
304607954
445046651
461159657
15629514
369183529
21443529
218881408
406143797
450786033
393989332
41393286
14742766
111420746
34162174
83457634
435879112
57634029
159217239
441564938
294099245
135977294
24916036
92192405
5694952
27618758
16795287
60543878
282050516
20803656
16914484
35695255
19488976
244001766
402363108
14880098
19341508
132556258
189076359
47693995
74161495
36592192
101703199
14871943
388283925
25432172
355710629
205653862
15835786
302486312
348418006
352315550
32215009
107369335
108298633
142334989
24587061
17779287
89146031
262327460
349063087
172345553
389444013
361840571
154503468
384703481
288758068
15805757
96475644
353829830
48301989
386984583
17752041
326101178
324579976
17406136
384961294
182014529
17556922
49821407
264509607
101301414
225927204
59442500
46080349
61600233
14109463
379892131
166753108
20041799
237411177
38413524
214404731
375171854
14075110
367861484
58183266
41378462
158047823
359014605
227258566
329445684
14447152
85526738
18204993
20037913
301324215
343407535
52194506
16049230
324382417
331547273
17642519
274723066
152767919
28138270
22413949
311558969
323834910
318244519
146112623
18350856
216942202
196986203
16199767
62080559
22484844
212299927
145265071
54879239
302871122
186948656
263819702
197159075
22157752
292839387
281470641
15775923
57301379
61781392
253653879
172230631
183472881
202631698
221711326
267368527
15232066
250660617
66977331
5439712
245910157
250638163
245879620
247610280
150825879
223513770
40717454
128370417
127491583
141545453
199423031
49969443
140744865
244136201
241461390
107366112
225044259
236820743
92962780
166920501
185660431
181482216
24907792
202615308
139751458
19621151
222301276
57061006
221137456
220951760
124810735
48756221
198879755
106706268
200632019
205258551
45870788
154514356
215101931
17514354
144842908
109381681
183686085
16931684
211464765
182645779
40278488
176941851
86969238
116436873
26497813
94090894
16295415
20223140
16905280
146140559
206998637
43388899
14454522
121455624
193740707
202570284
53350254
201885510
198644557
54237477
141915867
42898449
190321255
92809275
23760624
180384800
179965449
179963627
179959793
41334313
103820527
192894007
23293438
191380291
165907594
21702204
142278546
172631197
17538349
86066900
26709520
166673892
19814551
133759870
42851528
14804485
15480635
48347748
47940522
20449344
11313532
16750605
42973927
144837534
15676578
164462487
18240125
36937995
17093617
27849747
122366432
15301460
174391034
92535629
160570778
38157321
10105572
111589818
22151557
171123813
161988927
20662765
21655110
84559127
127825770
130124181
84655251
56316276
164589729
20089507
60704457
142589726
35120520
156434195
46666279
139893834
128218817
22324130
157287995
52698724
23180404
117212549
154072451
110111049
144998034
49454994
134879970
137984263
132865304
74153508
75443288
119068352
22190484
124147219
116197414
116042115
116041288
116039697
116037668
116036271
116036950
116035559
66720890
27002282
16918503
37400535
74150140
96313460
59235672
86335241
96193134
18798162
59940363
84622970
20359754
84135448
62371559
75366547
83563825
44403894
82689109
82510451
18197215
81796652
81910949
21278127
19062953
81347865
767362
27607520
76629941
17062567
31530562
75874029
64361939
74085407
67351235
57288587
26275365
52692641
63515761
63919731
40024067
17444676
41176022
17163029
59655022
16953902
44754062
16824071
16254260
52356712
22778375
22641629
24861220
9516802
22298401
25021510
19394896
36645384
49943918
44562936
40953189
21890668
41460008
46572675
45332041
29896942
22330009
10271752
17979836
19486045
29998204
18699120
42806079
39029874
40524667
29000734
36347593
17463162
37741252
14993954
35312597
17941459
32410945
10215212
804204
15395381
25309633
27267151
14803833
17138135
25486216
19181844
22027038
11989442
14181144
14569869
20043054
21026551
24708751
17387154
24376831
15070923
18407011
24234436
15533845
6719362
17839848
17530129
18311641
17565232
17961734
18361135
5164201
17617245
22495896
17446887
18074094
15976584
20300874
22976214
17154934
17895395
17444386
16803656
1558611
16082724
16673644
19289159
22472277
21395320
20776011
14491411
14669398
8460902
18551505
10933552
19089145
19511567
14390292
898491
17982724
17685196
18924893
14944013
8315802
19081001
18132846
15012699
9753672
1176401
13445902
18762493
17333907
12337342
18400029
7490342
15803225
14430060
12144232
18536826
13547812
17850012
15084495
5661892
14479801
15991049
14415928
19278424
16819278
20341980
17761013
16208309
17388780
13976432
11294522
14660636
6120472
813286
14467906
16899786
19042943
14449903
15011623
17600819
15163521
19344108
19514142
18448106
19502805
19062336
15741300
1702731
1740501
19645713
19624863
7171192
8687932
9720292
18787344
16271256
17599250
19050750
18708919
14803701
16571445
18562364
18801110
18784673
17971229
18013283
17469386
16805454
15608254
16692133
15277280
17249715
16242432
14228449
15495009
13897312
15171870
