183287361
761240156028403712
2993028176
352354689
19979209
243342953
185636683
3666221
1220191404984545280
4754968118
14348796
1015161012608294912
51985426
2851913745
71531021
22774135
299566801
25379617
1230008382129614848
2294105870
1065512871654817794
15107319
3061561605
1229248276353781765
2788904485
2557329854
1226275931611942913
1135180545489588227
1224085333475823618
1040063942100496384
40706825
22344824
1148334334363033601
302400414
2759517614
47971284
875349400930983937
256900512
15917473
869830218730672128
977112482
107490425
985647864
7516232
24948031
2489118018
1213726392476557313
1193651941475340288
1213793418331090945
1200826257501556742
159381681
1037829534345650176
1168841569874657280
15619687
20215362
15656207
1065128262681149441
453134179
1206250130342600704
166667340
900771635707424768
2694452875
1204387228425883648
3146941
27875662
61540826
853429285
241184310
1067843142832001024
34324747
1041535664
2395969166
950991439676100608
68636229
61646297
29584571
23675741
1184074109128499200
2348311765
135824198
72987814
19376058
140819017
2284228063
265641212
2740147945
988780607747522561
2383909057
436150224
18076305
95580481
4705169965
22678898
1832791
35163480
405049811
248124298
15133162
945273501656678405
1180614355492261893
67011680
2895877256
1174314992474234881
27060426
145881916
151284278
56806537
975025121172783104
76065846
3131172245
1169517957396848641
2844582115
971042139030376448
1583405744
3241732616
7651302
14645163
94133565
315691472
1146833268995710976
813892747
1159659676646215686
871726303942070273
2749870661
1127292690591182848
3565601
3319318173
8926712
1048195111274700800
51254190
27994823
14585205
1070083445697798144
3410842864
47207204
3408347753
85515061
2580122224
480736774
15039075
862957554363645952
142923388
4810544492
213135804
1191867834
1085641282175741952
217290695
756564989473849345
16925990
6150242
2880482059
765779
1568392153
391998822
1690731
22545571
3309153939
136081007
1055614100
2798887862
6015852
1090332579742527488
779744278373212160
12342812
47931955
416909756
60976384
402605872
104427626
1897242510
1649725453
1637505368
12241142
1113304045333098496
17620009
35875967
15982862
1133571159058894848
8104532
23092438
257255706
240589428
95972343
14191013
2577403879
43562385
719950084494917632
1037676536575520771
22033608
973275005587992576
694668534761148416
891054044
2627718688
1127229419448414210
14276303
785386588054454272
455210426
1123637666120122370
10300442
5678882
3224063099
2173478716
894968538858967040
202094455
1120735133483581440
992609726042173440
15923760
41272636
948875815508422656
953592383010045952
254491421
717267222
890184602811281412
2516158640
1108835217945563150
1105583129887211520
3321285638
1078953703
212982184
64742979
963186448223498240
872535841641345025
1106104841296740355
1106088564255649793
28576172
1461777944
262768558
906708984475906048
20154288
15936867
1098958704584638474
278050761
20762184
1234494512
2457878558
103133300
2672519185
2905575894
1291139406
120001222
983369600912912384
1612294014
710533085813542912
4217023737
28761366
988465844
342636015
14188974
16987190
71416826
9138302
1071001006643777536
359590407
1086744183870767105
1459396506
140735113
83656341
755070
132981898
876646359499235328
16329367
56884542
221983780
556162290
35657608
81254246
89516768
991315726202896385
238929435
128219330
1067548351451738113
932898811625836545
143377943
2874292108
17735070
1552407636
73105649
92100881
186450335
7241202
358872669
24607393
184950601
179138072
61515502
15080332
1055088655046533120
184569536
379194977
28698854
1041387805577043968
5772522
349442022
3416950545
495101654
3250970444
98292467
293644969
18117814
2940396555
2902082678
1055034719111430144
104813015
18324154
821309471557296128
1052844518813372416
3314814891
2892119232
1604889823
527094727
1025162703512322048
17518190
2585876892
15649930
809318384122793984
714743
892376954678235136
5868402
5926692
553538094
1037037884027621377
2317619148
2557113918
962517114
20056832
778043404924100608
12706022
6397352
13216972
81867782
793304062506602496
253449166
129238960
211775434
15079737
1025559640732356610
1466451804
34722403
240932555
917376676128059393
71762380
2175647936
376121712
58051372
898455211769032705
1031177124328165376
150646351
937913048
33021964
2332701390
918054424483913728
2806000111
3502601
160071790
974644346917085184
845653475325304832
18717898
1023648132595425282
2813530168
999455806444769280
616307178
992490865267478531
2892219338
2756479056
1004101116840333312
116199907
1015587092175482880
1000878079781277696
323008968
3069523629
49294244
809127901979213824
1373539004
19070986
63054750
1620624512
753726731794714624
52006330
925041040284889088
988360291300720640
1927143506
256058386
897226646230634501
14412660
89450411
975132196498493441
993877842021834753
103545756
187977156
3305066839
40655158
49719051
37450297
263776538
259927826
3278959416
3018545952
1001519187175485440
1898305189
1874533242
103549232
280477264
32347444
20688355
3804659063
24208739
9769712
984606263886540800
3094814558
113007557
2330734788
1007025684
3295586991
425020930
14993466
2814400910
95347396
1175616385
434357065
18088152
4115702599
25668150
16871366
14355029
467721312
831765502229938176
48785299
780102190425833472
902978776774184961
8492382
105041886
109086082
1209499525
966995544274096128
16329099
363824262
1165191535
968611724730519553
250750364
256939053
2605945898
2499235068
294127712
894719812366196736
4923106354
956875477280370690
264430458
1581471108
14815775
919814319998566400
15413774
71522132
39660269
121449541
6440602
951592267579523072
14459358
18636447
16696636
114432156
17796491
53081353
203558650
1003481959
841060904456216576
35661167
42770719
104115428
336914981
806757
869913138090696704
12486322
913494466568359937
14739250
5874122
14699128
15161746
898327967859855360
20398124
14594017
94944634
7340612
15662351
45428211
2721912984
16187717
107401303
905180649824280576
7861842
97670583
149004622
900868268558344192
333115980
381291325
2887810253
44423
9696462
24877257
235229693
110244676
19175845
881906331883511808
53778064
35291442
490194362
7109032
404472707
48360190
868254734750232576
165858680
168665212
15669196
845186475117297665
23794347
54114888
5922312
14284130
14226206
10325302
2956929964
441158276
14472259
1538841
841761818536157184
82363
2160196580
29523070
191194410
2300204755
875172289
56689893
148540304
3118719168
128461860
836368461076914176
525203187
775780868967268352
205912775
15300519
11176042
86106456
6562672
106775579
69496707
37552899
828361853021646849
2987122085
26480573
6496232
188943182
14159253
103949787
244594308
3841172777
822006738375311360
52429953
807039643317391361
820017527451316227
3076403990
816496698277117952
15653409
13219352
2836086519
27064840
9309912
805274817272381440
2886581119
559994453
714775800
23863969
27093292
796821265327587329
20347305
743634217297293312
14446089
723010754530566144
14156177
15704940
14854823
15476858
469754213
86783122
11099982
428058083
157885750
14400353
65374437
1686135235
14602130
9714232
3330129005
574871384
16611706
743246929459453954
767883602445021184
15723022
1546261020
14706299
48843
385095211
59747029
20562855
267227104
84936200
478499258
56409421
42851073
14695816
19682566
25337753
733601941205352449
10673092
2885651167
7496442
10250992
10368692
726401772760240128
41485866
12325402
40534747
21771952
49921739
22017680
103952573
5662252
14421746
4874289952
3318200353
3649181
20031363
16265876
712480148327497728
12553
57584404
3129095903
68442845
813672
9463342
261488974
546611994
751893662
17522248
107471115
77908845
14904260
1614124250
16027672
16462890
2243102385
6827882
4889353644
749583
49024564
487623589
1115374579
14248247
45556777
4852693035
9720922
12721922
1019381
2233329924
239581027
3192502890
2843942575
