101414873
203013368
759508758779355137
1109841920438816768
1276623060
788673
1287607981
1130568629601353728
1112276018
1156911454337085440
21229161
3094350921
1224302012759715840
738417105087922178
166533671
552358271
75123
352175886
108928400
12356972
958046625376514048
1193989688626941952
795970581518807040
1355362992
16183952
2850375388
16876237
177705432
758455051350315008
14297174
963884836162342913
129172726
111946246
1005741288317210624
29426398
2856932848
7516232
735954684981084162
1125739287067222017
1073388199
15814438
1047400429712228354
721808153722007552
1222945296025518087
17025735
1151537048
841631347026333697
418574337
472057669
17106144
147139688
922309525
433742667
335957136
337124515
3121835403
2526751470
17638298
6785192
966249372408320000
382404191
1218594902
154546536
1578043165
1634706151
1219032396533784576
961454311707435008
24257870
71762380
1169977447
1037487752743333888
87504411
231008773
1217564147308646400
1209052766976397313
514636216
13137502
20738733
14533425
988715401499611138
1612233594
3768480746
1071043914537295872
1350489990
899883061596127232
121554900
619149141
211180521
19856555
14049625
3115038935
1010041878
91142765
1156648495069192193
130791303
3028033487
33486421
23365735
220156425
822189523207495680
911835690
920877845185937408
152372659
1049607404525158400
1167497054043742209
160447574
356358393
2741692508
386584162
1056527433971781632
8780062
4901487855
1141913702632833025
1004043007551791104
1180563277253939200
1375449546
37989702
2170380296
514449501
375625027
16894283
1175052423674695680
1131304631659900929
1098569775062626304
1639877449
989046408941592576
95552263
3404368475
1131933999977209859
2998933108
30572722
561750764
273522918
743373472278142977
743294666171289600
466772600
2188952251
279172748
1047595528647860231
15042751
2409804278
973902319644545024
2780719273
877139343395225602
31787279
1015153062816763904
1662709862
2463920682
282732046
69251739
2840722229
3687222923
14158221
330151669
38358799
894621695834816516
358296138
599663002
453160383
986586639614054401
16059775
43716775
621133833
940394719346954241
964152399576387585
47696702
821690068981153792
1072086152797130753
448491645
710810293207744513
703578193
1025363541363183616
532115122
22107872
150438983
135824015
43881115
429766470
783120201739108353
630517931
1065319749712666624
3822342616
21410358
17831861
26261695
1067860375834673153
11916882
966011146229596160
1069947559362379776
82582950
18192845
965245202
3670023136
303310855
2443736167
1057312657286537216
2898086617
1050744774809083904
1040337103828205573
18881614
910525327268630528
1025006259899195392
75261668
897050755563220992
895326811302887425
131900328
494200341
1033815012983365632
979366729016074240
423208251
777894793271767040
968689359808589824
30974911
980129680329080832
961427594729152512
1024469041212256256
1238971100
46600871
1016483457512476672
46139363
179237376
729586356024967168
808979359705010176
1115501959
958165262
449034088
1475679762
2851946864
189145660
831587027686670337
3344039417
4881381
1007113837659803648
257330342
837024339761512456
47537191
17541565
3529991
11549322
141723734
9741842
975132196498493441
825483053111791616
1000839163103645696
103923794
819033417178378240
48899392
17982188
36956198
60022092
778328150451351552
40720843
571008166
3166112066
5465562
3315517928
240166866
721346374474842112
12772592
2242414615
296873851
1317699726
19212550
4018729684
9610222
138966937
113862787
1737831
21497527
2842520247
2570394258
1329887624
7032912
36576736
14122413
839158850859065344
19995629
1285812348
182748164
12915562
18509815
961628246516424705
1111811984
802278681691328512
314949953
267586601
467159075
4274416692
4060038253
2897976637
950035339296591872
3428806599
1876214630
246800845
714487008190717952
630933725
1172136242
323348992
10747522
922114111000936450
875339777641295877
3471894555
2805408362
891060206033096704
842050828601069568
3188461593
82411462
252204344
890757325899878401
274441289
1877714197
4103344377
751808630027087872
76924828
904656962079662081
1429354148
15717168
2902335873
169499714
15154106
531662173
10034972
917497446615453697
768843489404747776
740816632814141440
16778316
859363219290415104
132874165
237018893
2249688711
781186153231880192
16513072
19479109
838948656866721801
390593115
872296796013432832
1056931135
305105471
264960774
3193722205
745279655586955264
1790831
317074602
2194490202
54515682
905496479313297409
9078772
716213
17630233
898844893417803776
887288044704768000
2474208830
483966036
1910025692
700461974161743872
4277300680
832618647600246785
6107392
2296719199
3055122130
1323921300
467080179
59330268
39819799
2707115215
878204350996377600
16130949
56913725
55157164
875687262239019008
3355601698
746420124756779008
744150240136044544
3666887259
1666915088
4349910016
2544981
864518546373591040
2196290617
853265913503768578
2654367728
34568897
17475986
93434375
2615631444
715511284226252802
293198353
1358435257
49853350
416850104
13210472
55388565
369017201
841060904456216576
233580444
79402857
9714232
19841902
78365616
32969594
39554511
9434082
839056537897340928
2477222240
89079680
3711771
26548315
772719288243204096
1287192638
830478694036680704
3065361450
1023706740
776317832103497730
263875124
386448829
817072620524797952
74585358
751769475498778624
3555618555
5693282
1352292798
817152
21552756
64987228
1898899188
2195724427
3384263308
8118962
766863587088273408
726525870484115456
28708233
791070237949034496
20964943
764338602260123648
16344235
6310412
835834015
710253070639370240
3310080962
527352813
14188834
225057317
5125591
87525802
14066429
92738245
21674355
757854458214686720
10334822
202559091
110828279
469512010
191122681
1493918006
7872472
41098425
50738670
605837459
1246308690
38010409
742639456080039936
742201391863697408
1433864449
50674457
723562044541247492
8870242
27761821
4530074420
2364375240
3003855267
29490903
242716466
261488974
612894952
468076687
1288969765
372282739
3667463303
2603228892
251555510
4874289952
605934790
10338312
161374861
2803853527
3367926784
1689748146
3343084648
26158691
3871826339
227050193
15249828
4834497625
43934803
3207601978
2937499090
1553777455
2510887195
4514654113
3932735053
158882930
164228900
113137034
4223030835
3471708612
3805264283
48636190
3357266292
3923837961
2330710330
93668381
29476424
2834858621
575783926
2950897778
128269834
3418883284
1337181582
97969989
18667519
251609739
3271755685
2923388145
3343899533
3039474681
17182307
246199466
2599580401
20930152
3335872030
363409947
3112544178
140057442
19167465
2949464685
593719964
1620593167
17954405
1556664198
462366624
574841370
2374445244
399417286
442612280
212430018
40967113
2927209213
110842971
815611
559692741
601369792
14083539
1383426301
2664761
3245450537
27113337
14502861
80543
335145634
1179641
130358388
2510749927
3017564139
1326022531
3151636432
364511203
7433552
3086709037
1249421005
748117621
3781441
3103099899
2964887284
3857261
113818079
3094404675
14466055
117074576
1397230758
2739826012
246855939
26837658
14466014
2472704857
3051191021
19090770
395367768
1526292128
955019544
373727620
18701056
49155967
2967349137
132533067
2927031541
501173324
224631899
17747638
2910079326
2507687077
191696307
48068105
21402719
57309864
14070439
8810122
13177522
21867405
1883876113
2852219449
783092
157466475
1890181530
244565788
12968022
3729891
172147309
14928625
133458317
784851932
2483117419
820770186
52377353
292897689
2827475714
26010137
20548683
2469561115
1075114165
1121591
366575043
35121912
438654950
2491973352
400307381
2389296139
98696703
876081
35460101
41405208
9462812
596256581
558322974
2436260030
2409675732
1867930333
1860616843
2516921238
3007491
233371749
26797233
949086648
16510346
236305811
248883268
24036897
157219843
1167122150
808096
11177592
353982241
21095167
1923892494
2463567504
395627196
48843
26851669
319190726
7019992
130913964
480558696
1286116932
1042330615
814357243
15301185
320522645
492997761
799712594
463134270
184880458
598900487
1963196658
52798241
1316286578
21574456
672353
1595286092
93950513
114923447
8727082
19329432
1684883059
49706212
72434039
557933634
555105940
17621730
230098001
1728492392
887211842
2695431
59520727
19366033
50008204
5659092
210520672
194410661
1706992981
1704779814
15663547
16104903
277986810
356447127
399702592
15570920
204412324
376332558
551859071
1424803795
92480061
14640100
1389468986
87899230
37748802
151971904
1047559584
92322312
311697849
200660718
209701892
1313514770
173670989
2849761
49461278
14195151
25129357
300183219
823288
14246556
11264112
11133592
473315786
42493839
7922432
437566488
14952658
1148974387
17390949
787644763
1092832092
23816492
256562308
854581958
387328303
202230875
302932321
863155045
15087660
1225661
26510538
268562163
472614080
14282190
39276767
905843738
7516942
14060620
13097242
393095576
19322015
16787430
17323361
18573182
66145243
591314908
24736901
374713092
33427337
55206008
803070206
130976595
225581432
15685853
13970952
51092673
48984095
9828762
212995506
20358270
20365753
14226206
41527538
186547854
14170436
8842302
43285968
15926485
7861842
628624050
609018498
342374256
265473043
330327065
17639049
549642138
18100961
362887813
14453057
603889619
524387287
484547040
14166469
485643609
6273552
434242915
183733018
210834887
166517681
402889859
551217152
5714432
25155161
760579
431758864
36741192
149460258
14358689
16153041
85518939
784467
356262753
506020166
14132761
474953343
17670761
798197
91333167
2768241
147845476
299894471
59770711
3319021
26566430
24957062
175719453
273651676
45694282
50400934
188003696
14346620
50341468
101853193
163960973
20865431
18755782
101325830
16949790
132403671
780726
74179291
88579156
87004589
17680399
17153994
39281968
19398859
60641335
55395189
15782297
17932041
29354944
15786346
23634658
12481732
37902961
646633
20259722
92623
12295162
7071132
