18679333
8901032
304488825
398365705
394815410
42314123
3028070997
3395857055
211478062
1230733637789736960
1347330787
978659871167057920
15037358
433071345
3665379017
135529936
1210557122
145002649
17071775
1217483034888458240
571233811
3343051
1225528030967345152
487742664
5858842
700000046
63765675
1050541542
163227510
113641231
1159753749008650240
1234780245980536839
3019355645
6135632
398928866
91060207
252365521
62331512
321925253
2322663990
988374996
1173624533636583424
48723627
382313387
1012286245375021056
1219775541609467910
37839262
117714458
1228579774353887232
10865882
49357680
137060720
2574313584
525169625
2262641978
383628846
48421580
3301465151
1227104227727638528
6521542
296990721
1876121274
1140557824730308608
1191657094702915585
19161448
116082843
2513702126
1361736751
1196526788010270720
1225712131175219201
939234766402084864
52572471
2688964091
1217387418342567936
116323157
190596999
106377667
341100582
15688158
286601541
254568651
14714099
110198955
256900512
2856932848
2964727139
237188318
166541695
4394707875
855011828669325312
1176612529600114692
11327242
3997484613
1267779080
1111214765089660929
15819802
1213063946808086528
834048511889006593
4693010790
407310786
71793390
189924250
1167099444
466339619
206398602
148054613
15375959
14684842
717025308189331457
179454918
150947743
7112792
189111340
797858
273385067
276646543
82474301
148472741
496756706
2679045066
31757399
259961209
386778669
1189671802819293185
111131861
1211970865987850240
1176938948117061632
389451364
15192918
91660642
1210868476195168257
67270128
488042719
1022143528187711489
16147002
901999440805974017
242689584
1019560133922344960
4224503979
977112482
911946638289199104
715839532566974464
188407101
1165998491036016640
302049610
150917470
1199400637441675270
362078396
282964927
1193623248887521280
31414587
81386950
2286070256
114889621
19914290
956068771
321497711
767408432777486338
15424250
281656708
748027924696162305
73959353
732428383
99911693
1177320530459971584
5991112
940924703040004096
446222219
613304383
1197826390382518273
46933329
113489685
793793
1611102132
472649404
1193310199941074944
14587975
766385141111545856
459674404
592627247
10965232
27415760
901049423064698881
4951621
18915886
863708893372964866
501670545
22847952
1192943870998388736
865700407
781086314456375296
1135444949711937536
2174745661
20758737
208012590
1057659192939593728
2280241
2851796285
79405716
594805064
274614483
975711086
1192900302971822082
908742042
122104971
1192957214
107124547
186637672
108425702
14050041
376153949
122374898
352575329
7519932
10260662
272815472
3878021
52244658
1186363571502014464
140879283
229465341
493294326
281936514
1113452354949582849
468327890
295773272
12417162
1186922665472335873
2837013383
1085036141512921088
1037590643390992384
111265797
310883785
164340775
1341948030
278538440
1018569707589439494
90534323
1103665728392228864
24264913
91155367
160022368
269458183
1236057326
1131495364341768192
347770364
266550009
236948620
2828342825
991990235310456832
15118512
878664433219895297
633823437
9259372
190334188
130949112
3308093722
2644675892
6059632
4541991
270369206
1180387703361298432
374745795
208494388
8026382
92595075
72136489
302119425
1178763199304392704
145324650
16226402
120065741
3763296976
636307782
3346620873
3887849673
15205361
802181598015877120
4856505957
1009394488014405633
95185249
1038719072182128641
15748569
1146318719108427777
119068247
2915214682
11904712
474773670
1132570163386167296
948575474
16302503
87489271
767475411550867456
1159339530366935041
46700222
154589120
2552863814
1471451503
412642296
232569410
215251373
4884785338
206454579
235206671
399587368
11432362
1164123807755296768
40017083
1162274689860820992
706098229360926721
789062747002634240
25148926
3679584321
450232327
302032082
14736196
989608437150617600
83989758
212205382
96459769
52810742
14378601
305200941
11193592
21557232
167018724
3404648183
548766227
476239714
268833179
86983077
201205152
44233
2425728790
595177181
319260268
69665586
111248818
536612139
286141385
133403127
151658151
53700273
1154930190
269383002
12047432
384497409
78383622
906174306182455296
318079289
771252776772919297
3351581
1152168247300689925
803536727478571009
983629401836392448
623006890
1130757511160696832
3041169965
239450283
974698988808097792
108669144
1152098215715586048
1033326846602096640
250822064
19819652
374691026
1111698109896245248
399230004
1137701058657079296
26205691
145551462
1148061842033586177
22237911
160656003
1132385899885600769
6257872
1147032113096679424
1596213031
207203895
792424322245726208
14113229
1047599249976905728
82286110
1099051023174434821
8992272
987002121152270336
21748604
93734534
71504160
4349642357
2985426551
228337903
846276062
1095235931932626944
1141877899424927744
751712321538498564
9536982
217508158
63278312
200045211
133415207
1573393248
624392616
1034944329733812224
64098013
243347743
13900192
1101788044846399488
256702857
3365611043
1398254126
37880109
1086370647436132352
68941110
127253510
89124282
281569653
29730356
111662937
89531381
1136026539609534464
10851312
192568066
17999968
1128280288818343936
3666771023
91188380
1412612898
328779278
1095294229511880705
425165294
306394064
161837753
258091142
14956599
81133381
1134436697406672897
1029290320465469446
1132723164679680001
1078017929424355328
2276793033
950005822435700737
441141390
11687512
99778849
15178751
1721689309
237305955
732509027687600128
260423195
211927675
1206079368
1118117612439916544
52522047
256999430
3021275908
912614872680148994
17271117
792459866661150720
1088451553986396160
1120272855395176448
1106243365052522498
33472357
235793
2477911
103306303
34941993
1125146467616862211
764099588
2467591243
1124026635244703744
1081480398956388353
1087023425460277248
193727252
1055012133514162176
2348461766
1044875687662931969
364250018
1122313260722720768
23413607
183634277
115655840
63393
2491829754
3066081
518941908
109104303
4585891
552920779
110209268
78690477
19236800
956207553033199616
2867457159
1113593438178553856
1060649370457178112
1118167434169593861
116431462
1117478848776613889
820059937
151973892
431124074
1116380113266982912
190174230
19674037
30841465
2937688522
1113500457945554944
69464671
15484032
10704482
22805380
1016440647178489862
70799106
7331272
1056239014129352705
14407013
155484366
306866462
143870871
174868293
74705013
22618904
1105868886703042566
1060047208098127872
19015254
574500794
40839396
2596623860
1514488424
804018917744091137
1103279793120968709
195614720
993471214030065665
131205110
1104498876034236416
1101390677760491522
19528239
80693380
378264217
986447831530655745
2259079534
45956867
197535281
1086726952935936007
90945968
1043865749520084992
1073518376201400321
129609416
1100454526392434688
943196185
354179118
332520937
221478750
4193541383
379999153
180333213
236013535
1061216438390800386
1041413870663811072
1098371438938079233
100476587
14360283
187010527
1357135700
789291739
185388635
2746568894
136032919
770989958886780929
288693065
847959446
301034881
1277746076
1159671
788093487602397185
963400287963811840
35515415
1196698220
135565544
1088090295332417536
2277412580
430553029
9887872
1159808684
143149354
196320432
237931709
236535614
3429852687
1085167570628558848
38975545
870241214112686081
78730651
146460590
250529752
121577675
3201942105
14332002
69888556
22958663
533232678
307022344
2988281211
15955463
37916172
61769849
16542415
108424913
735107129019768833
155896448
367017809
204326177
263757751
3244509948
2149952450
4295115447
2405010074
1085386950960447493
742416515719385088
294232825
1190275838
876457553936494593
2269472330
635109107
219237906
156124269
97252573
707695425671794688
736419997
313501255
705484974699499520
1063962138031591424
14843333
208478081
3003785223
425772398
1078313823415738369
1065413387201466368
166567261
173995192
940292916299419649
1061949930481303552
1950011
434066913
166637822
96977114
14139022
1075804155355250688
715231582513192962
724428432
400893109
14970716
159268978
492041774
283078672
168872492
4250331
42218372
142331814
226628768
628688640
258927409
993025089137410049
65155102
1030656907038609408
155783937
96155264
1062753177286729730
1064979833233514501
1066045132238188544
13424532
1059095439197257728
1034764987896610817
323272805
1043931389022883841
74514743
1687720567
1060154406652514304
3064373693
245002913
217030433
156380073
752420136376762368
18718617
305799894
931483610540118016
340414200
2149038745
1027616104166903814
16333548
1030893566091046913
1914907154
295364941
20993213
4766331178
1444768652
8102162
566219863
1002518727500419074
2559296363
1053166331649015809
20055405
1277924250
1002726879739236352
1377629214
894532664463589376
53983045
752901072650403840
39469647
28979288
14524176
756800417724497920
1047022896013553664
342080900
867734958856654852
14992915
127954410
929616996966326272
174772645
192726203
356521454
204826123
112398757
402019310
989428171408859136
1040284915626110976
984508456861425665
760195937818046464
1041375857410039808
954738278254641152
229045266
2384048420
422097126
119076013
5909562
108880303
543577058
1038714940180312064
904486297636671488
3003077752
216996321
1005188800488800256
163908319
16448635
80415165
36480685
1045001
21690292
69603281
763497992
262680249
245995221
146002209
1278381318
237006225
3121528914
1015651714265944069
156746498
596530309
377383279
1021412128832524288
865631273674432516
186277240
1024027443198341123
1023996070261653505
40222556
8154632
1022600542797918208
858678097155108864
1000988647112425475
69515082
111672677
273397779
106534631
2811466409
973622511027085314
2347411764
1168547768
2858985189
6594192
39789321
12835712
2877235695
1661926338
29250638
779032537037496320
423024014
459583323
1710537350
188341977
50915839
224938138
61295933
857891392479256576
32355428
912624247104692225
17222229
2679010530
188136496
970702729
157926570
2744671017
497013
1006451151334756354
961656696715337728
68405914
603514766
911761052
163791630
793420233939808256
3324542248
56390882
259922505
88282022
18922237
113756018
3177241639
85385489
790571737838678017
12088072
15578823
12310172
9304922
1000198735819952129
3909417629
89996407
116415321
21502279
44424287
997765016278392832
17510459
850352411600465920
3546965775
171541384
2858701463
138394190
280469615
2382853022
65877790
3021131637
839964335480983552
4153268301
55635779
931102383538606080
3004549582
992033769182957569
120181260
466276427
155290863
67867805
199716222
217490578
145565928
19250716
15895146
191405135
457783081
38909068
910251013583622145
989194829430247425
11252352
111567936
910388755822981120
4170519551
602291231
986745418129264640
89351714
879270042680135680
18462967
984188227639791616
166584623
334006966
24137689
246698879
799990430
845787781
751446249304387584
775788870403289088
98936214
370971549
421280460
844965924
147518360
209556567
82065221
79141984
444000302
42238295
847436882988285952
19543146
2357451579
963173765290000384
857476565436739584
3289289951
82579047
417748671
976079355398049792
4845960550
233698055
2570394258
1006860702
1864495423
2409269413
3760963401
235228470
332912007
255153580
860826696072794113
249266855
18503852
297870884
971667543814557696
1923848618
2868112061
965298534743453696
125620003
116078585
140867873
35194560
317052870
307964035
556013281
404706168
968048159237820416
130926986
105467500
540279359
290521082
3365791648
921045923609874433
966334853754032128
198930507
49805058
963794049605005313
759828567827943428
809347841516781568
3395807483
54953060
3023665738
960546289111969794
363015521
840894199637643264
29751357
951427775730212864
132680720
2960177099
706242513456201728
1101694530
2506981703
113635662
786201761245782016
3766308975
67703953
952976447362207749
39771438
879921894
432803811
106810560
376089721
11108562
238654807
4151401
264533621
54128435
246710055
929346997118754816
520305717
85950689
232583774
308451924
122813297
450884542
556708229
2830548886
1667548358
16884935
727209273248325632
313944515
522457007
266678211
241557473
120096762
65027213
483382672
1558068246
605546285
1657591
207828092
369391641
17963054
517678298
81983299
166906902
3001836467
10753572
18239367
14273689
208735334
102095030
177916054
426689178
45126828
181207996
953723811379187714
953252451989237760
192242742
1848921380
18983767
17227181
145396415
719254576940060672
325688374
2310584452
388786586
709369116
787791913
943337167404896257
21764817
787715348619468800
751106942
16980271
107505285
73478350
17092952
229273289
455984200
381681433
2906313838
258291631
82804652
248876903
340466953
908756740388376577
893097413141024770
752243398036320256
3417253930
937019217588752385
108398098
939098198584516616
120675100
5653732
272441001
95483092
301411796
928336147218075649
739154671089143808
4063306391
169974409
394147237
778182963305537536
177569256
101989221
107765315
469611209
14684682
190787495
138455578
425198102
4795034988
3092549626
24097719
24855759
129906439
928161161731887105
1861894800
2527868502
2345093160
260429929
300140718
219225755
17784084
305706048
47866518
285592413
1179767815
928082951744774144
435300609
824584911537446912
2980657830
261768782
761561786160144384
15169147
1263055838
247206390
723294643719397376
802616105265205248
923610917132230656
1637594528
2790935251
2847240226
730707382767128576
2904090939
42320619
371419051
134497728
560622571
758066072251731968
915192853126631424
920935967581667328
1417134258
423443658
918623272178278400
494152461
326941345
895620850216337413
245586142
4522870756
290976908
14682500
901097831167086593
442858408
847806848438849536
52022014
131653631
779049279952261121
753686598
814571445967679491
4360174396
913060021642113024
2729602723
107981269
301981299
65714091
313175155
4838042896
28789424
8358932
908621446058045441
856310676976881664
562449626
904732464307994625
27677984
2406164589
894080921216966656
322249333
2374175876
2447987397
903161713343819776
2356301288
279247335
15326610
217239232
1416806107
767773685503713281
3078047747
214044145
323578373
2780163952
900444228463071233
2857634531
900352883526434816
221688652
146563752
898860884872876032
3292940471
1887732649
897880636903522305
5202811
116111486
897229774854250496
4848293543
3194907274
23857456
381987422
196518249
2918328259
151050939
827787918
129174061
2903591249
285618041
212891684
384887727
14421307
434138149
410245524
80120860
880442059391475712
188853708
159255330
1261444448
3250692961
15800766
16778557
159426946
397897901
3092303140
964706594
164307213
890260863231418369
880022599094468608
193714511
7195202
373446566
886912682829512704
170211881
613186061
109836247
4247071
29698471
491837836
302340593
790950921253552128
22988325
885828961254682624
263084904
872752524729647104
259741257
884896767254417409
2966402279
17919299
2197606969
1524183979
874929951497228288
42750317
712296359743901696
353701149
437434187
117457127
1577391397
471814463
287914095
881482710623150080
292470354
118807872
609453510
87969898
116508529
196107077
582648336
274659839
854308609517383684
198576163
267400163
566624055
130263416
1146202700
125655108
32370719
107687161
2827432900
40076147
757154389018673152
68119671
38590706
3434105073
356781565
381428276
176147596
492361019
876840874457673729
16698285
44894078
145609779
1866271
15144620
1463949078
244076670
14257974
123041223
256110350
110778538
221097127
525539016
273306413
381150181
15287449
112113852
760751633051549701
801974216786583552
59970217
32340285
874313669634650114
314175348
16344608
40274659
871980412901490688
2147515498
871243716882837505
267192055
91860794
4883486242
135905768
360815116
864163283502338048
312614222
131261682
279754033
394881067
867949325082603520
579312734
867981056967753730
51478467
52013054
252472148
867639407444189184
87441743
850352870646042625
866881890548150272
770834274912043008
43293055
16586802
2527009323
705330458842701824
2832613900
828071809492873217
11291182
2189937176
1539150319
229088825
863328718093254658
859363647876997120
1322241
732683080205492230
724873
463950346
252054130
851716515577704448
851729012070154241
862027115608387584
70520806
44845353
285218301
16129498
92511040
33472624
97030663
861581742863523844
137708023
414723239
847083294
714839766223691776
485104739
319256331
398619873
1038652742
229097283
410633493
54498686
1077637334
2806968349
122436672
6227142
329513767
117447746
453965252
314857546
529060166
18046098
818446674959941632
1390434686
61136910
487497642
858606505045700608
561981886
186199767
582787032
2720124552
133433308
114474313
16987588
122303626
44188191
708083373521178628
95056494
293122182
59511668
989449393
165851026
1019571440
95757980
42400267
2912589971
41447432
15319224
849718505251328000
3460110748
122212155
85295416
1452332323
14761526
105874232
793304062506602496
765819731802587136
792710277833850881
851741625478983680
533409964
37500431
2706854383
785477047
848493919226798080
511795992
783939047085531136
237786643
70847963
16808969
783997698806538240
843850932676890624
748532571856863232
833607347029282816
56490166
837010433072640000
842235703811575808
546719386
22391051
225142340
798901903832784900
840308370003374084
2165555089
250246673
835131343134674945
629124458
432037118
743800577059098624
420510441
838003197566406656
778980488
7851712
836649628292493312
605607875
811530185342414848
2782858263
19160801
145325562
25325857
832230810245853184
4048399349
3308165890
831562925135503360
14871929
1329476802
105874772
58954254
14211120
4001783357
2185062631
18512763
2994560361
127084802
90368407
44423816
2862945478
11476612
2367751
70749688
47323343
119682535
134177313
1612642280
822571033169448960
1464733136
116817897
712465238
232124471
288618204
92958254
73933815
190969442
4103902395
730705905059254273
348666614
234522921
819661891643514881
276587835
813773607843270656
280909486
258948705
817894826263904260
757700521717268481
229489033
301393852
219618548
17987334
22696323
251594509
80624797
1431153979
816935933589254144
816548729029279744
794637639110508544
2569634328
872063089
231438374
2290134194
5811092
16893703
63087772
78327632
221020427
48193946
798102134344601604
2037541
127503110
2431729586
2329313496
16185494
142428123
3298408924
88385349
105950130
812279162123718656
802392859382927360
1254034052
416290173
16440550
599193849
336508059
106878580
809024982177185795
4911047825
809116810314387456
809094279310221312
2472884898
8101722
3214640657
35723114
102626378
278452418
132577113
55366344
806550958360629249
725640693268488192
437639527
3183777543
163918717
3362244671
138201641
283704068
148998116
2244875216
2805721
3077097658
2975208251
249843309
135001007
776477314787999744
15406007
14963677
490320048
9516452
121456302
731833
245351604
156308677
4610630003
798237580005429249
797858642301165573
4928257085
17599202
713504870
748272541924532224
99503076
2202068209
715888760592941056
726429420353916932
17603064
76056266
3239994747
269230682
2656421992
137344455
793206299534172160
1395291132
87998684
123909753
472445982
394611170
26861848
94344849
790678377338327040
374273323
10602672
3131324440
788137101313265667
97305945
18138768
122296734
1022678750
2814790331
767389134897946624
4096618337
772436021703245824
133729814
271639091
248862341
105810890
28543221
377290025
781840167820791808
628341211
203870864
187369409
80876308
202116639
762177997696856065
3299843656
751076334844125184
214237911
722780484678262784
2886621016
3906941
541058739
3393969465
16979261
250318134
239289175
2717016042
32245421
2707211497
1096924099
282516528
293550511
440237158
293476452
453199902
327502436
2862265163
777832407168868352
56074484
188112071
910818512
87146903
631859822
3557207915
620826784
70504649
232205822
454277301
15209033
15671618
90598664
229018396
110992751
834131478
2668871
6041762
617946958
464955357
4848720929
184167736
2574494733
366716026
39717305
94357687
225127254
117341195
775271538270633988
306192341
16171658
742037389615456256
746357182116036608
238548757
269366347
246943818
122461761
268167325
750645905477558273
257822519
125785117
1365535615
89813711
69663397
4575605837
1557952938
217017906
6464942
768381003207413761
138618578
362749599
19109851
758400773248131072
153719058
361796149
940260120
2441895793
4725334353
456705488
2751645559
33348331
67591336
724572482942959618
17832585
755736226540326912
761101415557177344
31456685
760217332090372096
198320868
755349281536638976
757295329918095360
17753065
17883714
2810024131
4877619077
15138656
1400428734
2632396901
756076788757954560
288426731
25699055
17682460
755182287797493761
480315344
754610412029485059
177074754
14886037
747786260
282181639
21109848
4402831
751556704970694656
2840438921
739891559039160323
740796478784962561
112298945
373434092
4514266227
122331117
427683708
156453757
4803421101
744792422291365888
65630943
3245257727
94575514
784774920
209474121
744584307516317696
850776733
51172575
211262285
126502345
2484313844
3342456778
90259248
26705843
2491329926
567622235
78143957
78870028
301565543
625008862
8265232
1391648797
356182843
106460875
16238718
473381993
48670398
14316621
1969477381
381581517
142456255
1273050068
41682767
3045640200
3201252621
576552154
115613297
226756497
36412717
13600852
13972392
1067986608
82445904
238186579
185309575
1112823942
737063734515011584
1488159139
24863257
158843168
11401032
278211378
177140172
4267506447
733417809317744642
14915769
607106608
2805394398
4835310424
732273762108878850
620752304
728276932731625473
724550125033541632
1313256379
209672397
4701942822
730435537555881984
728987931097108480
3906786736
10384842
1140223956
729746856683700224
110380312
728046784040345600
727776694199799809
11257272
2569499289
175885667
9710922
900472350
220958088
77707312
1407759546
236797460
430351320
720426904755392513
720371976489930753
4022669536
307896708
224592601
351756742
3356625993
710353547943133184
1371661483
100259035
1238971831
714582946578100224
83383931
383956079
3360844691
710897974071660544
314495808
2810270848
91093704
52329427
2178248406
3391998592
707525142579118081
113317579
4507345228
2524210554
91773259
109318486
22469344
316492243
49927901
300703744
14833907
278695332
132835732
160609112
701490814040596480
88768181
472860034
4925026708
1911974174
554302254
86516304
16906164
76150626
247315764
385396675
4796757815
4872417610
354321153
419010944
798680084
251074048
251071066
492027835
79083587
91084007
4842968793
405934786
4833286283
250663286
4819674623
935715439
450090143
4258207887
4265725839
2383469132
3871663455
392779858
478483579
118808263
4591493355
2455341
4038435713
1020165679
4172871947
502710748
3120286261
477874167
376249967
4297823295
3277422918
4364066361
4342235242
4117712595
187172490
220238391
14073654
246754355
72912042
389715842
285166214
15002079
360910862
226510465
9204552
16611954
4264518377
17448440
3304990181
49173941
346557327
628381785
4285314099
63822857
4266642347
140547211
8927802
7258292
4248258022
1473421356
390284498
52428773
207033967
3347408801
335238798
397591355
516369603
2384311321
91328793
313839540
89912579
704636707
5799022
25429215
2112061
2649951
974655884
184438029
391048920
4113021081
72530395
3904522825
2893825409
14118184
785170782
503439483
460394325
75543958
1274698326
3097121213
212632603
187513717
306811431
168569356
14658137
131444212
2189171317
997067862
14162967
585726349
3934680136
13043702
1087003286
99098873
433724130
151157350
3825294923
963423895
30118740
2899763542
3240508323
537220926
339599464
2999475843
565364575
765133
220822254
3815909068
10465772
477645911
868066448
3438369461
455893496
1462006386
82321660
159445307
255246999
7182682
855106484
2837008555
385913134
259038563
133387319
2261032882
6784232
3350772010
118082479
576783664
10594312
14225279
121067454
14371276
19239620
60114999
3437798182
2440942529
234135701
10248442
152031735
95471866
3428806845
3312154815
384789013
543264782
10690732
2214129848
3414992692
3417220205
15257115
74394380
2255288978
80856048
3330034419
2255806956
1180130208
61465364
78235890
213066227
120051039
2938444750
3389622736
39036854
105960819
475962217
1341716017
3310668219
80793888
230940807
74853837
220938193
6721022
316781816
703355804
3363962074
123550991
104857565
2990875918
142822020
196492131
2942910935
2839592097
2383326487
3349361751
3345330785
259369128
139191578
3341079760
974369005
911477479
14291568
156967194
58516691
151423169
3326558003
21385677
3044543877
2952672050
3039941829
2367308971
117163013
19283911
3309108011
2775348417
322592899
1709853985
27063328
25734266
473181221
3306879357
111000830
231835662
16382048
2793808635
282133460
708463326
251075671
2994302975
90873433
193290505
111170837
1028513154
118893255
270557025
2169410596
314035454
3245148015
71089653
1272738986
846949808
103949787
45428361
1346230987
261423264
413115782
2826957534
256879413
6157962
429460710
184097589
224997691
140258754
203891240
242297289
150612642
16045832
162001398
1470811724
3208215479
142993056
184695922
2204668081
2770450143
290562641
2913654539
82210271
2851787028
549145324
332977188
2811548355
3176831649
19898512
1567985388
3143161511
3030204989
2656271227
3101222721
157941018
2844487146
247674864
3152006042
938157535
749179032
3152164869
133324532
10421012
2177373074
15843738
404820030
281715347
229050371
232841518
242823221
2778095498
368787573
13639982
272207440
752612172
2831464338
41486415
3092801537
424911145
7204872
2723451667
15261849
209492350
3092180165
227769320
2375675071
38725457
80812177
536830087
398631457
247343549
15777801
463189746
3071678019
1893217694
976204717
76447129
3065695222
10280722
3023693742
253618713
146229997
864611700
714159236
117513418
229658556
3001923471
510226218
322189551
422498493
293953058
2354639138
3036662883
10469382
2985892065
3022435349
204329084
88202136
97196051
3014726398
33505143
1067854758
193439701
228322406
192831853
2828161549
826269144
2990895236
384270977
19340317
1405181
114842364
2497370363
44250768
16500353
76596827
526278828
54310121
2188264031
222766622
167403149
274984370
2926849835
1318125721
245107579
1286081665
115414893
40842346
18021375
2443552580
2925950877
186540206
42029333
362152253
60840400
109524554
234185635
40499227
2945814834
727857895
138193059
16164576
34243597
2937549239
400656592
250261924
75981068
1293181525
15918524
373383670
11938802
1956490195
267646711
9276642
2214016811
139209139
632850021
2927031486
283988742
7698102
634014870
70104328
12679112
2487935676
15453191
2557347224
32908429
1313638616
13437332
2176511112
2547779150
249192694
71205129
562793980
3113481
14418272
2194704719
98491924
957258510
2352300559
16142925
149091804
2877006742
18980755
20385956
271318549
133326627
920301476
59615197
1081491518
2874794463
1036816346
341652292
35230061
78659545
488352732
26464319
388981231
322683811
77460256
1896689574
12869372
77703150
2892875568
1493908441
40226728
234828810
1379589402
10589972
2857521165
137166536
147255980
110465841
2884654693
213394544
2849558867
1200817933
2811528669
37623231
280512205
1494332264
1637766373
612535500
88645038
1116272778
18936150
1147501
478513559
174165913
172759413
120170418
13190
851532960
2784362405
2483385017
2769517453
2824773892
2796117000
2846380249
2811775126
1627715004
88476152
2789053212
192149522
142770380
309390226
16465961
15513783
264705331
43856526
2831963036
2830107619
302203445
19353935
31141426
14312162
10338582
66491082
444873040
2780033735
372686958
526618149
241186916
55506819
53034192
2746941750
266206630
2319220969
110133951
1275851
2789823068
192935235
308133244
233630712
2573207366
48667615
2778600721
209614530
2771031770
137442936
1264159418
149874265
704597638
1533655608
117374855
309411019
103324220
15528274
89605309
448706845
20434222
1355531358
104455410
302618089
1649793402
189982304
2721622278
760313623
20358998
2735720067
86074234
262489508
2196937332
502721033
2703960325
17486327
13899872
57614152
87745344
706813286
123974622
317216537
249160675
2456975040
40832200
1222883076
229305649
2534870096
2677632228
1489879782
1954344919
192545539
1556648616
3889921
2575485504
132099014
49803787
85714120
257465556
19390742
8211232
1470037669
292244452
248844395
767149
203058243
5927152
18913429
145300640
9450542
17372527
1017478290
218299043
10826202
1964267275
14830891
85172919
283990841
233304923
568721277
91555981
14464115
3648071
2283457442
403494479
17818296
219708667
42983961
88744439
430115646
759186606
759198176
260043126
63972083
2445251258
452823718
117213645
12759462
2488117369
140812244
541178457
135897543
241062482
36966383
262874351
17427024
15010018
203915498
2587381312
70533685
784277
108030657
388734828
15057102
2507903718
82395471
126134132
378593889
2528411564
109304961
198064207
11008
258168984
175424230
143131394
2181913796
213795604
258731335
1392173894
131275535
566390435
208602888
159534035
659633
216060364
1625393090
281216587
249789566
39484746
757933
470524403
22156884
278548379
150621704
14349836
12030542
2402179123
1678385970
154089232
29231749
16663649
2444134039
17514080
233477635
255743087
1395504505
497335083
1287050090
617369737
1376654629
226978684
57429836
2176953415
1585671127
1872629166
96322294
2474910543
14131018
192523281
2463586020
603762483
67870740
303138306
10016492
106468734
35713827
2447408468
2330793481
152406808
253279366
77840094
118449769
14902068
6752632
316144239
2194392995
1320564781
346456108
594093819
2401795272
381673604
31420440
218152451
18800586
108530762
16923833
2414981570
2409706526
179109567
314642926
2407764116
153406192
197407935
351864153
2364040044
2334746532
270265561
887298648
2372908945
2386600200
2350055540
15188631
300963300
130856911
93677724
1897068841
1534227595
2360967230
1512783992
140785656
420650808
42596083
2362995296
159265314
15320624
1333990308
72011775
6067212
138337538
1201830349
2367615561
130575733
14090754
544279640
2363170116
1545784814
14952500
2164572344
171202874
48648321
2357963796
285510712
19526551
49255805
287638999
18354926
40353857
340367609
1244536980
303265805
11637122
1074820122
64278155
1240882286
2283556579
199298441
469240659
171839547
166510256
2334025225
348301043
214047423
762533383
849524700
109554092
18786606
2316949601
908915424
2325618278
133245413
2318579024
1071208970
2316820592
270818273
2294584464
244003895
315931496
2312417138
110391078
418828679
1139242088
148264145
202528120
17843271
373529270
223589576
862097918
829304622
1102061796
828874729
270435522
154214636
95895220
205055416
82035190
256283998
424479709
33680310
1277235697
91852833
2218199904
2274883603
888499807
593916543
753497526
41568075
1966882638
28361308
158775974
572600086
2266548558
2258628319
860656026
2266637917
117922928
15570803
246028197
1966828718
1945855543
1938002568
2205991291
142796191
2243729187
343046953
409315125
16220708
2246983279
956100822
555078765
1289501
395845335
212805840
2228110056
369595479
118991143
323290627
1110945217
198869412
306265899
550723489
216440049
65191059
227631692
1739278746
188728239
11060842
478619078
15064912
11659282
278077916
13011122
76622710
54705854
199569394
1867205214
311141844
188059674
2166954451
284412958
1222375140
80260982
17240261
247314090
263370698
175724701
2147926842
213361801
372252821
775983134
440973397
47079858
59444718
22787719
1563241760
393983571
90594028
1879673268
82390601
63696608
730971308
262781315
81622991
1867325180
20999867
222435202
28377274
38191594
399424892
1686295591
188698895
128955624
174391821
10474132
387233473
86023325
600073448
6623972
302668450
1643328181
207164060
1668031458
1623095822
1660070047
6414722
120030580
609368444
14680111
36950671
246144037
116002215
872406414
218178778
1622497016
561951775
156225514
1106314022
212531637
111936807
1561320768
1608060356
267952368
138132658
1598450533
131596455
169690296
19620529
6183292
129993039
118673900
271362552
1573135920
1572496657
272828114
19359893
149155695
15163091
359362187
374179313
1311236870
349659971
1519342603
94182110
338297015
14145543
20682041
127043828
64995430
228471750
352619905
1431698820
1398578365
1449793544
435091667
1472695830
107792333
382079822
149219050
17112661
1338923936
14323228
1410529224
1471954039
14077313
17686119
150976125
262652418
1433697036
574750545
213312835
85789279
596256581
7097342
60788077
115493873
125096593
217971646
451930314
539869614
10683672
218481873
28408326
153398203
942510835
968663652
1447164529
12789572
21999339
1444460856
1335263738
174413137
150609340
1231018908
382177625
4755671
143022125
225356591
143102471
42656295
1380170065
17240447
1400002946
292777565
1049330304
311369725
93969353
142194251
485569258
125927744
212661438
15096739
255935079
894939590
106441049
312790172
141298842
5928362
262616916
384746198
250028649
60331901
16130258
15943605
258098159
1200612150
418500813
1257828006
266548682
10382992
2271991
209742720
14489175
215419386
98897900
308437587
1332038634
1332672055
274576358
1516051
538037129
361818375
310388101
212767204
282996712
14459709
70383530
931977840
20510458
274100754
176378054
357841487
33860779
865662805
21078774
14157408
479961137
18976969
755009905
314822718
1269597061
56381459
144579386
455277301
148539775
18944723
380794482
261357108
217002891
257848033
180052945
40745239
189272018
2828311
22762164
783102
885387732
90362067
17542527
18355617
398059631
993749424
1018219381
1208705474
389351770
1205351180
229200560
1193897821
207985559
848791716
1188044718
121036684
417400824
9043142
1134820646
1187609502
230774860
151373041
220073893
17438250
6440602
440879278
87717624
18468057
75364438
257388676
558707150
825372992
217823656
1011761215
1130813246
14939423
20875097
101772207
962701603
36663631
88061878
258396686
281676853
1133586380
211113415
1125849684
313726041
1001792442
1008513498
1057537267
59881891
5314812
327355495
260135215
630722609
10793472
231863748
160137635
184110200
12383142
434381575
899590351
144391224
1099267950
1097510982
38800197
1025731681
229227130
1003713625
170544203
89919051
89399166
408848729
56192628
181927116
277517210
1053197377
85778908
233888488
200457065
131309759
995442307
215582452
3523961
957886021
15596179
102924238
192149177
21332750
563868601
165919129
51437915
119300478
955557145
224807945
253518172
436946944
409107363
114594891
901719812
1006128038
429061810
1001731430
90391829
860130870
84156492
400801749
780401
46168061
63079717
5785592
210422567
220964144
224369273
47891031
160210790
107799739
48633201
312269071
300289168
417984685
100291556
498744275
3204511
91978919
872224142
15369142
864378793
596139434
1053951
960899306
117984239
64164879
339892894
947561197
276920462
16857305
945563467
60199930
16226999
125483585
88022189
132299444
933273829
607726230
910934863
187497446
899523696
899538746
281047297
171565174
295410676
169247807
705263443
108967881
167847206
192551928
18161115
597525071
602012150
908004260
80278587
24922158
20922291
241453744
130090609
199369667
295733794
27592329
53872577
78868347
19396049
246365164
47297138
151175709
636702328
352607051
856854594
248805086
156678767
26558997
65471311
16873209
64880662
5695222
163770936
344798595
493075089
80396161
48726907
266881732
46607318
97142648
858391158
271637318
855051446
276265782
26738236
848901110
102035345
93267950
835624652
178528298
321911839
827793720
581783636
821123594
415423183
56185803
730934023
16103596
193345259
249101325
124900243
812822347
262716048
184910228
188265629
17621153
434829664
475823008
139029078
87896335
133760696
738444632
794750389
251898433
112389534
63541252
72985043
1258461
136179691
355900518
27294233
520442075
575309448
135764217
328543777
133559534
247817501
750064934
588492497
301455308
64379985
599164204
374236238
99734578
143021102
207982512
270018145
316998850
590909301
706755313
633639035
219848107
152979481
148028422
14869003
632179158
535694152
632663012
260667433
20979418
98639702
137962899
617383
227245841
107193084
322083365
239735783
631659112
262738635
14330524
57410088
89004495
207942870
66875799
13433052
408585621
21663187
191463906
679253
66317045
14341512
53401922
41166484
20048855
191517686
296810337
614850287
545028523
598232647
405900787
615881819
151519837
540626671
447113563
100197432
7888372
20026964
16024029
68643684
490199337
326657831
210621404
302607729
111106013
279659120
120609191
284629216
24672740
38651276
59799114
94386464
90258056
438725212
108577379
448211691
341295610
270450909
34015899
302513994
604906805
181663968
13298782
201644672
9821392
7066002
91650709
596224678
60517030
88014345
19656489
130177678
497982800
92503762
197656530
199612225
17795221
537750222
463575916
276972256
15425561
520553386
79137472
317031871
17389744
262619738
138027590
532831058
424982231
555196257
300795130
380525224
21924379
586922729
281963257
423563078
584337544
28361846
10782132
415953027
236616352
376834160
543789823
280526415
134408330
473868148
84471639
106691042
419892592
170834102
454485116
270038490
13346062
553470078
388893909
475790857
76912594
559971975
98196560
35724159
58726744
7641642
550417439
479393795
87949851
543320550
94951407
171945911
250071835
19937106
190643744
350744334
526229791
314437945
50322606
136587231
531996257
383948053
22124886
467937042
522386691
279438409
249665573
158680236
508616727
56990389
103821919
239946326
18503524
103307625
257724631
79131665
93843354
516633364
516262304
246323966
438469027
266704512
497319486
18628008
469586149
506022306
501661565
167079373
120605562
398387274
64465656
503505513
501942904
501349201
256730490
3251131
25025552
277872613
102481444
14351377
246309556
281884211
294057314
191727870
54669942
204507758
53458268
487657257
368344344
217156415
447302742
72825058
18030207
15533032
203251244
437407440
25688941
462246162
9371722
23765675
461088526
106712859
83799669
166744615
151618450
166314606
13777262
10733572
156022246
111097641
79810849
35402710
277392064
448119915
460981316
360735776
301421825
24452891
457741218
368210261
447130857
67304415
421759387
115767281
30573049
232209627
14478937
407760615
443646706
3889791
407689563
157281783
438246412
33936280
339607821
308410256
281989028
282007777
359028609
273227822
48406303
261332139
300391983
170275788
185974007
257426525
377495851
140804500
425126659
170059226
426051885
407424070
418682006
300935309
411830957
146205879
12088732
227095208
238090137
329960296
400749103
130804612
395439677
25179586
86391736
15036739
372715299
332673139
403673896
214839852
28131535
382009528
77157904
66310635
266026335
82080084
93975574
193305799
119047688
401515370
403538585
8100272
74750526
318048489
39496901
395586142
402107909
252333940
4848121
401198866
14444460
217786003
155258871
395155309
394708156
387982552
17373585
192561307
301674894
7255652
384926565
372177084
383193863
389018665
57317542
383751599
91298979
47566324
103099929
266113749
283075773
344121249
95865612
78305537
378228612
306230580
375579196
383422938
263390509
381718278
107460646
194526006
80810335
176415656
180387841
300724836
22399676
15168355
326650182
17961061
292361891
160264843
365335301
363009331
256645312
90229099
218570517
365650915
210154698
269985791
19157270
81833522
363133961
48500278
15809598
78957732
6045552
127580531
16420850
97374183
197962366
238673048
320630436
331486391
301447528
347165538
158757537
14750483
235215198
110138837
208458620
200953095
166152207
118039151
22747744
12977002
297176398
160354976
27645126
6896652
64524794
22475801
107564630
17484184
151452011
192605695
111562005
193616547
14249926
333709232
326658079
226898869
237843163
55032613
122063260
86807655
87063097
302468413
80101861
277131729
111080814
243812034
27748597
88443277
142320830
164633165
300699394
16484216
92939407
312542335
17648172
104520656
258698212
54236803
191391381
259837086
57734215
36813019
310947047
74763818
1693841
214025451
325546008
26800676
109950108
251085172
312727620
206720875
17117526
1007541
107056103
69409447
5404142
292849221
15375483
284578449
277338257
15727391
18389791
20441162
304572313
157104712
269717504
275163994
218091811
2803671
236438161
228310138
171556710
13282972
60913076
132181971
80819965
308444942
16897971
7981282
12265392
5303212
107553497
306946021
80653982
157006633
39831912
69263677
125286226
1991521
15453206
95883160
220436565
10947312
72242765
17617579
157927347
299502731
19614200
109861621
206772395
110182627
74988857
26209072
264773943
10574082
113033084
293693605
285766285
141517106
90770244
32662781
9473582
288772892
293434673
14077968
291758611
287919663
17795869
1210671
250121553
276529864
277242588
15467231
61890590
258774694
243630753
242467413
91465662
237670717
143792683
6294472
275018305
44938560
20869542
28155785
3130321
73100303
69211377
80561777
279197121
69708612
43292057
19181194
233631354
245833085
158110584
110813542
15943542
242329325
1860531
140570817
107552097
23196164
267716335
133664771
19617720
12290852
255893673
104827002
221510217
7159302
3308271
96102137
49636156
135389208
154259639
9949322
139072543
9803712
68934373
154112585
114708894
262374685
103405484
20729565
186143167
11403102
20970632
109534929
105725270
254936159
78029199
255553387
84310708
105308495
74159020
99696414
59133365
90969456
17601218
156937274
237222624
2166061
243172618
86382090
242895842
235721374
16127401
23847451
14509390
14573696
16708173
27007017
236807989
222117834
7001322
208058503
228057797
203580428
180868554
16589661
14477533
74466063
164624246
229074894
15309893
17065655
7856332
18427803
210833662
155335422
204523585
111091338
229572339
38018057
17535135
118651405
47262057
171007520
16009578
20507587
67474728
176154608
119861942
220967667
215096636
106037662
216036177
17965305
70963452
216121557
205881204
14083379
16129723
17363844
115460950
205424239
109520987
206606555
44862264
21282206
36027915
196318358
203604536
123967534
201013177
6667722
11777542
198456803
82893174
19160940
795647
14922390
62507765
12500232
32027825
10689302
81889393
150045907
6647132
73149826
188289515
87553442
54487645
16919350
163020193
114553321
15567252
159699420
7134002
179704950
31747859
4255001
22198920
21569392
12416092
168793583
92804553
118730076
8679742
150618223
154363976
175865078
113618178
14542419
153062949
3193411
40325830
122044499
3144281
48759961
75359236
20770144
16885575
6044622
14291792
167730339
91731959
88212886
165812854
90191087
3881651
97415748
90234463
64375226
162898895
115686966
138017398
5693702
22920840
119437513
122025571
111155627
140819285
12441552
93831537
2961981
25055602
34237822
112561199
103807174
154090892
128752175
58410476
16039195
15047564
16241276
43382697
25553420
141570958
11153992
73418629
57656376
61815834
18333663
16647154
7407452
15800758
149496749
4362521
74167795
136772177
145580132
145772991
14997224
17622446
8313692
12640852
5342822
115614871
16044232
80311415
73684696
14065676
43185934
18987959
128285962
46185664
131672900
2095901
134468482
15055353
18906672
105233890
25293
17537750
43211671
120407190
11166742
94146636
73256098
21180199
22781821
16595756
22984789
115055885
26488913
113372093
97506482
34897539
21238450
83644955
106144676
80541481
99259196
18726613
74725057
116087762
87668441
2841001
18448475
19960312
9538872
113556987
19058126
51491702
112370991
814567
92935680
89448863
15902340
64264946
109488608
104939943
46622267
16126366
101878263
69216803
104178716
34039936
18357763
77966765
88967580
39425807
103778291
14900173
14088485
104784520
24854492
91551309
16914120
48380793
18473144
22161796
103823062
13008012
760646
56643373
59136271
63706212
101466054
75186896
100752330
47952497
99565261
10662192
98740379
96861033
97755163
18565399
75974380
5825982
84367713
84908638
94285969
612573
53436094
39710259
92620142
91818413
17662122
51405835
69298448
81445676
18135182
89280349
80329850
82982476
85620802
9375692
14952693
87228971
47513856
69833057
45501741
23615609
85285150
16674241
66713334
17776616
85285956
10095482
9628892
74808001
21892313
58420633
22173676
49875424
49872528
6092222
76647514
20843659
17533986
71500013
11123042
17719744
79669859
77218910
77218704
77218106
77217834
77217587
77217302
77216756
77216013
78968969
20323315
67310005
78251076
19153529
73125145
1112291
75738947
75624571
46431972
63456805
36887993
71231787
16235927
2801971
18847100
33662357
59571844
73432284
684983
60001631
63897720
38409631
69529428
37527951
66646011
29168921
24936273
6288842
68382083
25524283
63737023
47288829
10043532
60627604
59905260
59093704
20765426
9410042
56411496
16481512
14247486
51346043
55720060
53827799
14815211
53318178
51445200
1730551
17028577
784782
53369080
52957967
40419337
21391720
32046161
44098380
16698070
49099471
6661672
15961125
48323988
2819291
39796997
17959429
47497643
28793005
22383241
46723255
39952311
43836976
44095244
29372128
42646438
45168612
37786402
17590227
18921385
2128421
23217267
19036351
34981400
35755913
43463030
41608956
15358190
27869125
20433320
41608889
34772343
41608959
41633543
11249252
14711283
10036512
42443210
14198213
1664411
37786295
39400144
34334091
38141497
39097700
38632868
38606607
32418190
6203622
4612831
18238925
19353306
16647722
35256543
17987363
8163022
33819736
18767754
16218230
22038013
1622701
22937186
26969186
30334019
29726978
29631808
28979454
28969044
28354456
15703780
26035404
21320125
15563837
18025942
16119392
17462835
18427095
19030160
8357422
15629463
1082511
17684433
15743570
17489599
17304721
17154663
16804011
14962793
15890480
5933932
16627617
16893620
2367651
9378752
12180982
16053024
16804252
14164879
16731568
15722678
15972438
3448911
16585390
5617932
16418470
16473584
13357752
16113995
16279962
15413628
759899
14281573
2178641
8284332
6476092
15914038
15585429
10469492
15817864
15762074
14866050
2669391
7310312
10151312
1021961
14986048
14586589
15481419
15117063
12300752
13759162
14152369
13014502
15231564
15229893
15147376
14627545
2734241
12366782
8364492
14983850
14394184
14972823
15046193
14309341
14987941
2364581
14931853
14859070
14776551
11084502
14313180
13880722
14675522
2520731
14724861
14424650
5912272
14671953
14689845
14646967
5472672
12112492
2209091
2632531
14563260
14537313
14521445
4646261
7298862
619493
14397093
14334375
11202552
14071696
14288759
14059625
14177755
14268066
14188282
4264191
2498151
14180136
11444692
10524652
13908992
10095202
14138917
8137242
9262542
9308442
11681872
7878622
7878932
9654452
12266142
10789562
1736841
9874262
8122162
768392
10638142
10473402
1995041
6515942
10705092
10704172
10452452
10157432
10531322
79283
54173
3611861
7842332
8860972
8399012
9781922
4180911
9382092
4615601
2464681
8913702
8508242
8255522
7289602
8111522
724753
8536182
7710842
6669182
7858952
2455561
7224002
7404762
821405
2007801
6806652
6409422
4152
6566612
6291032
5983982
4968621
777850
2309741
4530911
