14347532
1107771858386968576
1205489232476876801
1204263561427595264
1242389572048179200
53622166
1239761188860227584
185102928
113022733
1078457200979279872
39458945
1135710292392972289
4890482619
758325923313754112
2837246701
4727594586
245706660
1238898362881052672
17926183
423099454
1220594059447693313
950655006
1209535535586267136
138849302
608038523
1233832520518709249
21271154
1234745995382050819
885757075782942721
1081923417123696643
154826742
16994139
2311408986
45844470
2474275326
201615358
1016039451066228736
393005767
1008087637
860718220281495553
1089509826726633472
4376916078
1184330286458232832
886326534
1139321645309366272
1238174668030435329
144694501
852335745658347520
560961376
1116640205438513152
814519173275533313
1163798228539600898
2888669595
16370508
834334207417606144
7446652
82224546
1229249666
18881883
1184029486079250432
39085479
731713974593425408
1119522872727306240
1206401894635069441
1053019533231841280
28189006
952566391382552576
14188685
362537389
1012257055053238272
1122431
989212358
1919843690
4291859354
1212938072226062336
372533798
1373228630
3145813785
2750801523
1035023236969324544
1888331730
2254878709
827079258300375040
1202891897230036992
226303493
18337494
1137786744
166667340
772601927129411584
2200921104
855296488699609089
297360890
354489873
15772978
4022401
37887365
250522998
14048094
67341191
1041442639894274048
1121623318530908161
46627393
297636217
14183975
981277718573670401
142208193
143667822
1143545568922406912
284966307
866672916632653824
2731239194
775559760099901440
140358432
1039395652474531841
1078837517384769536
1232041031148998657
2748409303
805304554531225600
49646051
380779716
149986120
3040075387
421832256
27239725
1201977454161735680
378447351
769045349960933376
165485204
1234841451466575872
214441761
844183346427166720
4787189714
8723762
1232731823731507201
158424060
56004463
2767295802
1234378774914981888
1139088063269875712
1228760819305000961
71229154
61233808
896691156
1298558112
293732246
1078521915789045760
1131610242687676417
16505272
1099324603355123712
51365727
284333988
73635328
1232861060849336320
260444944
1230819599098183681
1020731754582331393
1231442887725813760
37448744
1227626419447951360
248961109
1102121825008414720
263985862
6587332
3034161072
3321162896
16551979
10173942
2348714802
193308057
2281173576
833190163664625664
37851911
937227324994588672
1885645586
2193685602
1230567799656996864
979752146420846592
1191480926426894336
874529086621835264
17537670
23392144
2906051
3279802356
16216452
960617327304691712
13269082
2615307290
986261961988960256
710705448224096256
2522192126
734636870
1099512191382765568
84545367
316746303
1171152190972391424
408205738
2563548705
2180729507
2717353740
956444087237853189
16526290
96084401
1163846774412288000
1139687728960823297
1228981504010678273
1004214654158102528
2451737431
88910386
2733125814
323253635
1077462660680011776
2420087671
1699728762
756933985
770224926460485632
122644705
836832767568654337
133298197
1227332342760398848
1228457431887466496
530867015
1167289997600288768
8739712
780083303143530496
927510255172333568
1100571362
4737925032
1067416926563889152
142178144
4396535352
768857205626040320
1171790856853962754
2370397338
1060918044271239170
570847121
2681019420
202217941
784289846755856385
154885144
2331434526
1206214975011741697
1052175276988219393
701765134574817280
40190208
1200086179
884007980911345664
275091946
166047433
738011191
165092790
2874713396
890545797808377856
52170505
1187244810559619079
2718489736
1171127783138816000
390030402
1010254891
1227593186241110018
1103870095124623361
1158295897957998593
1149326674267271168
56339448
69869246
1721560938
2248766490
2855778433
3269785538
31368763
1582436264
1227228411862638595
444131405
1105757062200320001
945912339051593728
114573707
1174563851406327808
147102329
1062443042
304437309
1112345401615486978
310296098
174243315
1032039133269712898
1196701309195284480
938962728
1226273322889023491
1167733100161445888
45476958
910079864383848448
6440602
1127939062407426049
47057554
17583556
4325754447
1186165415124201474
536752805
1202747521849651200
15729876
3054297324
9661062
1163300922845351936
1019918148244529152
252365521
3584633117
826957717
1027566353904017409
2899909911
336246900
851225192730812416
1207126535565561857
2501554020
792332351187525641
308294661
1899812467
2249801316
23847727
1124844594124869632
16851793
55206008
22749950
329125266
1195887127436775424
2361141498
1095854758932340736
1137886407832219649
1454266386
1224017522791415808
151130284
17002488
298522459
599833248
4217023737
1138015401122512901
14588785
1147012172259553280
67266876
860707444489674752
1643789870
19797711
763537483724386306
1105069942255292416
14823203
20298842
738052671236628481
16388244
890634172716527616
618422965
1565159863
700711989673197568
872449766931800064
39462719
256900512
17628591
21594615
110198955
4874289952
1102049117797199872
130787220
12486322
1142047961779724288
23081953
3167301
901773635962195968
177788470
10368692
4901201867
4088958078
45297280
16130949
233371749
1073388199
118431045
2856932848
1610881
6086482
18323270
140397493
1549353752
485222481
1221601702534471680
102926149
897782701
3408397752
1166331228699668480
134371915
3013794456
1133929437781585920
241357069
723181824894070786
18828462
2248586750
1218315437643124736
891491852586823680
15332949
301457222
2925666204
38639405
1030328636295901184
700720073288224768
400548340
572588041
14297934
725916053335756800
391947357
17016352
14515095
14359446
4838248812
1217226023760060416
7651302
42413226
56673876
139504833
17198471
14252897
34096356
156252426
1148936551444824064
105729621
423741836
1088449410869035010
465237781
1214241733476663296
1425081865
2802662269
210779942
1208568830433185792
1213343738036023296
173050809
11685592
730513854241771520
1212123503266160640
1208652085580980224
2174481954
1209967129707122689
1024136792885215232
176751304
1210312705627873288
135786035
1120552002168049665
2909512574
1207723617305419776
1058961313408311296
708465597466554368
4001500993
716411234325692417
811802271537242113
1143664494318477312
28024098
186716319
14047335
71184745
16987190
11821552
17472821
14687218
1201926869500776448
1204442389882048515
14130189
2449191
1201392302402473984
30186902
816184229906313216
869775729495494657
1183246062812712960
1202477488204603392
139655724
1201396769793302529
17275333
790947370460590080
1202034462088814592
497682918
1201059767541735424
1169590592181100544
840038053829832704
961616305055989760
1962441631
2438649824
2661390542
337047397
3378043343
14625320
732167556
956667209467674625
985554138502082560
2694508364
224446791
949910342137622528
4157242693
761623726756540416
1195147605430263808
2989190304
2864945325
102609931
897430447
1200135202498064384
855727199894216704
2877925412
1166299483119865863
1153217264017035266
4077595635
2832485131
1037104435
237048259
14562999
856753460
275446852
2831338680
3265752349
15124472
848050734893608960
14174483
16328203
282271006
23882628
14219827
199116906
316133894
2512268155
1187504724834045952
1017726788728786944
161147114
226757665
3215121209
1147977665510629376
1031581542177370113
2981613625
1130333530276343808
531073574
455555137
8635542
21711307
1282639146
2388639756
1161929988829958144
592482762
23331310
25143937
2784419143
9930912
215986132
117559718
2728620722
25644115
1170900246328569857
993314180810723333
23298901
1196885918273228800
21723742
24697146
711514909800935424
14574695
23305281
74130131
929636979502960640
39126776
246932420
1098593323344977922
210711576
827414340592553984
6686242
7305822
28097059
46027761
39351350
982103132657217542
1020087612365713408
1192939071414427648
954045153685028864
172133404
15267159
796919935083679744
745179592797749248
1568159077
1171661136623783936
1184791024020938753
1115715083735187456
21389328
3004808045
2492213828
998385974760501248
1189024939128393729
1046537215
1159103346424332288
1188230719350497287
1150725182899834885
347836420
106140783
565534089
25371546
1173679642886250506
14478741
234165045
14742163
15928975
16415648
746980267
26419703
1058197143641452546
3057510765
183946988
987518016169525248
25386721
1044376384271859713
2692115082
25414972
17208938
24141344
1181871777225543681
1138611
1160284218011914250
60067497
853178665
101889206
899394631762198528
784433562
545615869
1360247748
777084056039075841
4562157674
1089701407890886656
952168475803332608
995822539
24804869
1128082675552489472
140412957
72575018
43007293
1178246582451527683
560171964
352137144
1168795731341303808
166576559
1092096470696775681
4037107874
1177146178082766848
1083955260207583232
949923948
104890134
851851734863491072
582907850
118374577
431453732
1032656602493538305
621672234
128192245
71753866
1443577946
319432439
1153904689605251072
30504233
73142158
1119085983541055488
1184883860
1874258970
3192791880
2647538058
49944514
1166141652861218817
1139378084
17149439
195280570
8485192
595060419
14793506
560274023
199521003
4144872552
30165588
11599272
1138771580891197441
1700544277
1173659379909955585
271648123
161964009
972897455942467584
997091452696936450
861358710949466112
2541047887
1113948335474233344
36969685
16093968
1011368713935818752
7403032
820369334237351937
23414901
2723217086
2815927476
69885703
356569162
23405939
1165086786919567372
2793122920
101186457
972740874445770753
745471812226605057
299347916
834609314451058688
124819036
3302905826
866467558114852864
16951355
4887373321
17241684
1107936283
584561117
569338712
14406512
44523325
1168153400921346048
929574641177321472
937181028333973504
2498781854
1935832362
1665158533
103514214
2241685674
984281301581815814
15314999
2482608463
195145744
716822256391823360
842182177303482368
2465684197
1126030380262236161
1163295945888452609
2882748455
26695303
3301272433
2341274372
2863295206
21068163
884451691369828354
1165937051331518464
877318045185622016
3749116633
1072939905620205568
21862005
7512932
1164984199922749440
16679633
2375538551
1002411117384163331
449929892
990956169006010368
15340674
1141886962632015872
78804163
529193782
238639256
3226848247
712527665530585089
1131860267510452224
1159088821784522752
1134349525567414272
747733037857669120
1162901956161130496
211490729
1115754711364149249
194310650
650543
113686970
1095385590550286336
2604741583
5738222
1161823951862915072
24145162
827586773270265856
937605827854180353
1415159780
1121820173298745348
34444651
730476016427241473
4308573132
1031591730229915648
1070575464
440634989
1160597480884461568
11833602
8152782
1021958858661457921
14329025
776293522504765440
856224867447734273
1158151770796769280
707550666395230208
377465648
3950689153
739646880649379840
2564003892
1159001674872045568
67911695
1158212026004414465
888004599595978756
3100258987
1097883472843206658
4541363473
1157581511333253120
1158693698319728640
827394426750201859
1155964634798657536
884494931850477568
9912742
14841430
1061297610370228224
1106770532048031744
3092130663
1156549155042594820
1562953280
2813196163
1155661229999808512
226814862
1155951904037515264
3282158756
211444909
1155723721270710274
1155368809093447680
2720700877
1041094279660105728
1017496766835503104
20219291
50233202
4658323562
805981577729556484
1154439275339034626
3087096612
26033849
1154524835168563200
2159570329
1126767016197496832
896969585143848960
14097131
3114804422
14813024
1144771260104302592
224279878
1171562059
776560798562856961
591622168
53017685
1046087847575523333
157940318
3379729033
97600297
55483309
1027041118641221632
1014444672943452160
1136061060
1147157023722573824
1048615264349310976
1073671923161153541
994107119111557120
951111849184915456
1023728217943728128
1003302114175614976
1145449439621869568
797253160670633984
607301436
620638362
17891097
4896867794
3503611
527300117
22204844
3151951681
750586106282991616
468846802
1143745405890498560
695361221625716736
455625110
1143078502217990144
864022875807731713
111217362
1123118551089311744
916230854
14154809
831815667036807168
943842559540961280
954880799416967170
2229128371
40993205
1131130928661581825
2283067068
934169818713939968
3840
223347112
221530810
20962805
2158898276
1068468414883102720
16950712
796311401090322432
3832525873
905082675454664708
849442453295943680
61105343
345128061
3138912218
838597606414684160
24864721
951165929576189952
910901015725199360
1136850386411614211
4852604147
726016877248413700
2313332804
962654406884802560
2379983964
69064655
725522994
1060410673
883900790569488384
783585036981239808
580678363
2410277394
7899052
23167240
531691164
2854280695
445225845
2316863125
635427137
830707109876506624
429938393
2847735717
870184285055049729
2777250872
126201170
1134911304706207744
863974671451947009
4442686094
34232217
1120072225418141696
15412513
1124727590462345217
1054511965618397184
844788489598099456
975872338028781568
1028953720401289216
1134562268476321794
958443772500697093
491021576
1038181622095523840
980735907413164032
17589801
45018816
1128703051424862208
10894022
3225783883
18953618
290108321
2886004039
1097322393180098560
27196654
877091893087043584
3194198857
1111997803235033088
990608459052838912
2369725736
1132283235331903489
1724809364
248108126
76981892
240589428
1943578656
978132872233082881
1006680292986408960
1105089674572263424
729840019565772800
2347694893
1123466613393641472
920101675
879637568525959169
4043005760
17635061
1106811530274705408
113127809
1908986850
419226287
1351110330
3114763417
3074423084
1130179126403391488
1130062402932756480
240244081
1068388233589940224
2739866605
1157627256
3017876855
35432557
1125329111503835136
19578244
15551634
878083856246558721
1122994273161400320
728941564823666688
1122447154495152128
1853725632
871928766418874372
74341452
33208872
383100154
138410839
13368022
16357275
338731072
246988181
1103482326770638848
1127789943269412864
1052902501748527104
2596626162
1127407976552251394
803743147
1077169646485323776
768816956338212867
1003954305433391105
1052334225897050113
781339403637501952
1109385784996429825
860764932840738816
1125623004426317824
1669387614
4426375034
740688115451432961
15910222
16509499
2410519710
340808756
879243682460835840
3579896232
1459590978
3105860928
24082933
906074837688303616
1160319128
1121901320812867584
15140795
981420218361794560
3983901254
1124264724974063616
19648441
1097971756071931905
1124441777023389696
8848812
47574883
23859405
3286427797
573570993
127056192
1040592140
944161035677614081
631186634
3188189814
985561975
2552512687
932173959625244672
888864451256045568
2684221195
4843934493
723664919078395904
931363050665287680
173830994
2349734712
390525009
717912326876233728
108706320
1122489233044848640
1119159752137666563
1086572976827289601
14151891
1592282174
3910987332
740141047796379649
387532464
377293090
761270826159247360
19936438
280995693
1102734278058622976
1029573165444300801
486233983
775224684392493056
2424746485
2821257498
1019158744960135168
850608847
977589215927058433
897604018297425920
587121940
969376432513171456
3746162965
731601015049486336
974218540910706688
940787940615213057
1116236911046090753
1035703436300283906
3099408740
580749453
808832062127939584
1115647246870011904
135739887
1115519674698084352
1062688937901199360
2603171226
1098994796348219393
1114837984405262337
14730703
2880263234
3327566478
1006939249323724800
1113613605461680134
1005711054154825730
1014467107386511360
493205540
1399579310
1011504575591772160
1544885815
2954306360
1547811912
38610154
318267399
134405644
1002798617470464001
994519351041511426
3268875132
1112441547788701697
392982707
3572355984
8197562
15349727
2809077308
951818621134692352
2956966688
1112276680989499392
579767490
5511322
46088178
2383459502
333283798
311921315
23674788
2303795427
1109273501020667904
1096945203892543488
17900162
756726716
171525605
1109681992348635136
1044872325395607558
160599963
422514307
14692604
1108958835882881024
807697184888131584
1023198186
2295006679
1106822072322293762
833868835673346048
915534972156563456
1107025078640934913
1107266823802839041
1107251725021442048
1107219167835553792
1107216112993873920
1091316671304724482
842013270986887172
2613672911
1107180026896805888
1107192479244345345
1101462560623259650
25257115
408281123
1107178161270390784
1106981247899893761
1106476937336098816
1103751188997201921
1034104234705215488
1106047220124659717
1104829921673781249
1106967752508690432
712166244993146881
903988332996251648
1106909247118495754
2922455235
988997135755440128
1106823966679801856
1019542339809873920
2495821541
1106815391748317184
1106824008744484865
1266165894
1056848511986253834
744647206750257152
118018085
1105327297660370944
1734492642
726314572165042176
3148914474
276379822
2889579720
77340442
872665107091734528
935142300447109121
811729054101635073
720202502
58561993
2235116402
1479175142
1105249316128448513
915319391499063296
20885303
82317225
289408282
856731224726880256
769863427267309568
1087669698546802689
1099802345272160256
964847664058814465
392093880
1103601214845927425
3581825952
3385535153
1046532078202810368
568873346
46285804
20512260
884715286766559232
830161512
392614275
817286604
1068770651245170688
25616190
606240363
975399076429623298
4223699592
1101265753074917376
37636433
558307384
1102300965074460672
722837911427657728
899422380144992256
1603514696
27573850
53892645
1088507385264648193
3131509815
364513232
24032059
49323784
243377304
958246734353784833
3284942280
1187621
977674556
3101948724
126662088
970547532777521152
4306910908
113842437
2529446016
1098721720452542464
42488159
936463465019002880
914958976760127488
3018023783
15465364
45783581
766521254031429633
832489816768012288
166333355
2558377789
66993
9376492
14613857
220729211
1075195700441276416
1097673374170398720
934603399101743104
737502603303489536
203152312
108465929
2301123834
335358150
197757640
170510211
20407326
3107179136
26420082
964442010630238208
976303735562366977
1084175030953611264
1035058954181570560
1049439312830296064
30443957
802875518626516992
936851628317032448
836890528826392576
1692619068
265364695
1047266132975964161
907764280543477760
989718235
58774518
986761796781359105
900609684356292608
28073423
1082335413958729728
1094444029511495681
963003630
27801543
238933775
178992255
724806288224309248
23177949
26089532
23945183
710524063
29901048
20109145
4470316093
12021112
1092944680063397888
492845992
1093382449071980544
23673381
19687982
31096201
997779558009982977
75957992
1027240495074951169
19595531
988806610473701379
73066735
972257620563181570
204601059
1136323670
389867059
1340592320
227272955
2651131370
45075164
22465255
1091169943163330561
1089593970580021248
74328665
444240428
282882252
957474088720654337
127496358
1088716679582867456
1089370807338381313
17363638
191315593
2575183842
44348623
2174337811
209958879
580790276
820359102383714305
435361548
16540911
923592189011283968
22620691
35756583
1086095684170862592
911883731756916736
941747718489288706
1498963314
1085208116776652800
763831275987894272
1086343460716724224
950576302666346497
1084802370402430977
2302935871
4855598477
48291639
1044860784436752386
34886889
2352747318
1079706322508095488
1072061351479017472
3326856634
1084347068854951936
1084256478653902848
1083316187969146880
894915920065318912
1083837051068239872
773933764548431872
1083845063577423876
1083834406412931072
1083753750236483584
1083355775303598080
1083612830824304640
2295138618
2337212442
1069385419278544896
1076421458241306631
1073773254928519169
840195055973355520
871648057473077251
871730854770298880
1082377208260259840
3052261812
1034765547093807104
1079511894015295488
1020503592543932416
701128079326863361
977971302337273857
1078657439652814849
1078427929607053313
3697732337
1077683713817960449
2467353742
1077292782421651458
1076063704066740224
1075339337850597377
1052827152138133504
297134948
1955457420
613451573
1069829927749308416
17634425
722796739
1049502969421430784
1401001292
390161820
869408144975319040
25066037
2513853858
1304879034
250000499
5974992
1026415633280294912
1616326224
325274477
14492284
417784530
2363437243
4641374717
459587052
1556274055
563294057
388671374
268093498
1712810546
4240913953
539905045
426189567
287012735
313470773
930235419928776705
384294325
2858040492
898315458662846465
814469793835270144
403229220
551246397
1488087702
9325472
2485661744
984583561348083714
3285783218
2485247569
559413992
499255508
1618178275
112331042
215781748
2995775041
172215008
207845467
118125996
747174426
718605073744572417
732005248508661760
745024176293978113
196892465
1319202630
315006013
739890125224726529
81993234
122613306
128881344
296624932
3266833710
510700617
97555724
96990904
327879842
585941987
4484370077
856722930683662340
2231474138
8066842
613098695
42231652
51705609
951644293910818820
624555559
2366695220
548411665
2944503406
573336899
100693274
850887014
2987693382
905789510490959872
541461084
22467799
385230319
766018566567100416
976117353896267776
886338952264728576
62691397
478283407
154370692
498243291
1063911669858885632
758636181517135872
146928277
11976752
2390888155
820822691846430720
799106398881615872
18539631
14145509
890087147704856581
14854112
1066500797045760000
927764698631585792
779580246664237056
601178326
1514618522
1039517273017348099
1571597041
3640397237
1071060956590018561
729935241758932992
1070161083296636932
16572602
711471969615478784
859554983829688320
1171063190
85630336
381427844
234491786
749981642643628032
126560006
1279153075
2903349462
27592737
14196189
111208400
25253766
384234576
35348501
29384627
1036442876647944192
1069634756265033729
989677795147051008
16615594
36912323
1057511564377575424
2316798014
1675894219
2200700480
3064404674
543992314
2445701851
706572847464980480
1017676024551632896
2388670128
936467642
247941188
2840956211
3164910677
938851156759072768
17937010
733528993
1035298711050637312
389592806
1057068126632841225
1046245154422644736
712203572780384256
1344612403
1063930367298756608
933193518968848385
2375909822
777940610
857795340
610217224
815021979157688320
535004507
3214886895
201299757
734531179605569536
824101173959397376
902316127249874945
1044717375159963649
30632735
972422171396947968
25903941
490050366
169710313
398821009
934226289744949248
1057670182791835648
1042610016698556416
37755065
786751374402867200
350086571
1048131636297179136
1624608080
433116137
1087346568
2837561099
13338292
1005804188238934017
2780365802
9152632
15242137
1029532191313649664
908885954521264128
2992914103
302870540
1038008111066361856
30023595
956213560597733376
14394501
36605651
1056263794949844993
18840827
3150929360
2563579243
17588616
1020588812626362373
36040335
905602534798049280
799471397030400001
980490838131265536
64642607
983626409472966656
365209629
935866148880388096
749658860835643392
963465937818214400
210877614
797744666061873152
14234950
796144918724943872
976321857220521984
711381041840193537
16065025
833585762
271000525
480362864
1005889743115243521
958814415494828032
283663367
116144975
74404260
1173829098
63429201
22346042
839496223874772992
2863063680
45511681
295947409
390150419
1008263317696188416
1051047692137197569
24361560
1041671952266539014
722761633282428932
1683016896
185606282
111981934
58775693
1050318003102015488
8640732
978613586003193856
904971183732305920
702484181427703808
1725075577
960772224729796615
1048345388879499264
754331876
1031243322839506945
4269555013
405702439
121601784
1045421560394387459
1046122538559057921
1022324813308801032
1893457952
1044649467352371201
305564325
1039380800309882882
46077116
776964494236880896
1933600346
755457103553179648
1037551601722908672
724438927487070208
1043426412630351872
52232459
1043301259946557441
2291464932
1040188712548589568
1042844727505240065
896804415168012288
529226957
1042692944069681152
296096026
1041785366120808448
1009746882124382208
47501735
1016982028976181249
1038723116904542208
979410204730241024
1039942499622641664
4395711793
917502703676268544
1039762678758043648
544736500
112866644
1031501615419809793
704208276485844992
563554783
3306636522
790056168060100608
376849401
1010840943346343936
102885011
36604359
152048370
174626887
822620359
934977171327557632
24049604
25024664
1585752211
604119323
896964174
938741050532814848
1072326416
3161165322
1028250789180055552
789098427606937603
876717349193175040
1250501
274817844
1552517066
2383125956
1342652184
16818897
132824896
817941113935802370
15716607
2922189055
1425076974
1016501112780623872
234306496
105584364
22348830
17765045
139563789
57881653
18491272
24819472
83156292
770128095114297344
422622252
2189990244
33409846
2307675307
336413408
3494009052
21472242
2443306147
189718390
2882686448
1028817814818193408
1030077243249160192
16823766
342067596
996012320932315138
122660611
1009113245918035968
778754327074643968
25488847
756355445107859456
14645807
999856072692088832
78868168
27407666
1350783102
156124269
1027788751714443264
2166120200
3201361
929061491147292672
127764079
24881995
2311054831
3310669458
194106297
182823606
861075427
3076289138
803047090171486209
55176537
706783712516505600
2916070964
2209483228
483311837
56980497
996293582960013312
799043923289182208
531789835
589856964
354312941
895659322486566912
750970343611834368
920343288212750337
892093483237859328
218466645
208963374
39372153
1000594190412103681
956714634232217600
29646304
729750182653513729
753693914939424773
840371792078229505
527241454
875206487299063809
2653120933
725025800727216128
11500802
596079558
55897645
882772401515253760
387550126
2352752613
2613959431
1025980429613064193
3291869674
32996053
40695400
533300271
711133786797244416
2982029017
666913
951536385202192384
2904059160
962307194636005376
191102835
1025751713104449541
948088085039816704
29459695
21391629
708932031820931072
1025123159966658563
2704225098
3285745698
195257836
536907033
3309485011
102107906
4054686689
2804783048
897328042565001218
2936202961
871653113006084096
817900659366248448
188383614
299553438
393294015
969052576921481216
879196366395789314
962848180701339653
1557153672
2956773847
1021683573655461888
993392663754784768
145510331
1012956345463595008
156548634
77816623
969413770475749376
237534703
89992249
987142196766720001
518650231
1004470690563518464
962628501974138881
1011000637
815442728687239168
891498271503294465
104235786
866458371423059968
707005361534795777
1636864674
879368664994242560
1016954350273323008
1505119758
1004293544901636096
984944553760210944
874317069059112960
14992096
848985295059996674
868932422
306673508
964423528626864129
3698867233
1356089832
1227411224
2576305826
1182965311
865587591545892866
856285229459406849
3248251452
981920681381191680
963576259514064897
1176665886
747946635217408000
835463301354012672
948520730345566208
1002054332689285121
1180924554
742999699272040449
937998504923926528
964003118903042049
105525732
1008211672605995008
990824443017547777
309464410
14166937
944468719199068161
963627233821757440
1005241338059808770
22118939
1962134354
1242740790
853872172825169925
28777220
4747144932
554231356
556459529
329094363
2339804982
204799525
3221862228
3606437353
1002643283724517376
947906486088462337
876361265593155585
757764456826998784
26974537
800672351016734720
3321870320
714609282495328256
3171571112
920932650449190912
46636358
737574237997699080
1004899415344046081
537726504
980314177993666560
1007001169
940166822581510144
3317874943
614072419
388603232
969311742407913472
1000797931874725888
2647168484
16431681
1437766891
1365741822
717106668585164800
20348406
902480729434726400
854859921933783040
1614815629
993269933181026304
3305181368
74310447
769075608966103044
993980477240307715
983612421733433344
1003811023520976896
789145338238107648
1003544468367159296
129169929
1597091466
719841252288696320
2949959796
742905343001268224
47591468
418198915
965662361838174208
491000160
151425975
113410319
521918824
295657622
1903560060
3021242272
18153932
2181350078
899018068051075072
263977588
990026529395490816
333236408
166838900
126933189
588281539
3512535689
49730068
965724514049933313
1465460911
880958460858388480
194479949
367191069
1583291221
2271976452
84163797
16804264
7362812
958832583134953472
747049688050761730
381985425
2383270891
44097605
920541231347666944
3866353154
3084845377
19756551
941111639109070849
203836594
803137072793931776
584364265
30763558
90780343
995591319157334023
3631339232
52658138
4776060859
41512930
486546043
2158199022
111298033
742925732
817707751799300096
254153501
308361802
3103067671
903197741035094017
1584089389
31662090
710959314064658432
1152575065
2999381852
167517516
821237019296702465
1543529472
967895542989651968
741901931644260352
837226956789690369
3009599366
997267337634955264
32359196
278437671
777065521938259968
369196625
792230
286074748
4649546308
270325080
988693490
49043558
976418260081143808
2490853488
115902571
14281977
966624401327378432
974500930308620288
166007994
17567706
43856304
774348162978881536
171660610
2302588710
912181693653557248
3945675075
874478162742136833
554477173
994839234136674305
621680727
869512224
994604953690824705
57589386
3054951098
2886747575
1037071381
476369352
844011667
5461802
992089296550223872
1316112727
3258754416
601181177
823884554058416129
27633647
2256083214
992865983135145985
45179733
103677113
399561326
527857418
271719256
19178814
205558908
887034858261938176
252588599
602412429
842091045051588608
914798382798876672
60194851
2898074856
60328519
375022391
46368612
990973098378883074
1669552519
15170258
44107631
946665685832232960
990517052182904834
413542986
990552827217915906
754815772212330496
29064492
38615989
1966983632
123920559
226086293
2856078252
173128181
1652519311
2733868394
5189851
2547074196
977718262560710656
58338624
350885683
589126826
979294343705088000
895221405272420352
3830566932
43641956
24864497
8885092
2647030507
32331288
69556707
864752331392299008
74126190
394281939
2149662704
987528652232343553
1654010970
26071407
3309619831
56151063
380695270
986831990409256960
2791468488
784040814447960064
348901484
615913547
1150640606
931521206007881728
967219143836495873
4556263467
936960472946950144
102862970
3820376652
16433412
857565043654889473
967957566130085889
4197051
437751708
139711972
222409503
376715054
320934988
1577202896
163393125
356490038
799396391499898880
836650489903202306
804315032
2454123546
634373312
715337381813952513
857699516
871735561047994368
956230307459497984
4273477572
906493986407247872
3189841166
538971667
66266705
959990773
588376403
906888198747574273
738516124774588419
174830922
34959667
864590588
123811301
974955043244969984
2940232985
2486771688
386675077
965225721097609218
3363819819
23936675
2895788893
108832080
218011357
219534491
2598968604
163463438
862555790
43776676
4880271612
561659754
238851666
814378561
44555996
922642560719273984
148529950
52250990
521258028
134779059
1386694746
1252641546
841855040109260802
966242117222674432
728964634510663680
3207787787
953353772
293534773
18300375
2323070772
53922331
970523714553966592
878111245018087424
1046848680
553222320
1600790846
3107892132
969887424078729216
970276415814823939
949771094898233350
970251615373426688
3276398808
957089880
331196922
27878891
826137972915453956
1471296434
255446372
722031823090397185
870466574
278345254
3012901182
955751248489340929
15761710
67893450
582347507
968461928203890688
3386402669
941585285011218432
842412336874979329
1654939057
77956351
120767986
572683475
1676185326
520259202
15747611
14113373
64721896
14931711
2892281618
2154841020
715327779819036673
252825853
1644471918
947701873791811584
3093179562
900132848
40948592
930729524
18394382
110911622
22232834
34862742
783922292480892928
608491232
3180743887
709900101557194752
939999262431068160
965822330365603841
17070707
1849587643
3016713518
13183682
3151100041
108705185
3005397296
175044806
14678973
2646720708
2321933910
2215404222
14684519
155851440
1518369948
349380100
3163341
4797766574
1478986728
848732923494752256
1552345278
846283201056165889
1952831192
49607816
514212605
7765102
130738666
13812152
776909816363151360
947109170523918337
788255564996317185
3162073465
19057893
822317265332801537
1199622356
571528740
961896918594080768
733005897065095169
1188484910
877452413623349248
352933835
168611837
74440889
2419627982
1666948680
2993304841
924980663970869248
256249358
1154812430
33227997
795030225948028928
21278119
13666
961212781117796352
165899886
920065717315158016
4827449179
25066612
827354398682537984
22423525
899319991408906241
75983963
18831946
785342388017385472
953482602744135680
21377448
15216349
825239468370190336
2576661460
913346563522662400
771581806369869824
3152633629
843972869306556416
714564905488134145
241008979
15420233
1739191729
362816059
1038090848
893304374293909505
954099305014427648
126523687
3403532457
848612218748809216
2616797682
4713509772
260598010
264884215
2187564499
4490649613
895142077662547968
871656836033724416
918996352012398592
2304232164
920313182958141440
942332692829429761
3139383609
945658264750092288
772637563
918242805654286337
62010137
942606536500809728
807109118188089344
938331458145366016
3194333281
34733843
23481679
2712982352
29931002
98738353
22348273
312501273
250206452
853470852356100096
937917440595443712
938988239116845057
705680055045918722
163582516
938878985894756353
390877754
1859078504
887237499755659264
2878864657
753706121534246912
3029030466
4457511
17420537
783498872194641920
469830126
25237173
3720159565
508433079
303776610
828583568880328704
1593568752
2437776374
19852759
352413326
25893905
21813453
935679441530957825
814651669
934693568400072705
1078533506
19876109
808614402173779970
596184649
69310549
838892105527283712
1265747348
912990579444912128
123284564
931352568424423424
3398296706
756697878823927808
86710670
3242156874
2835669306
114325587
2204452027
85925627
764949804396916736
222766657
792793
756824237164236800
388570880
1629941233
257904664
8940682
899606155797954562
781896967538343936
115851894
147330385
710045531892879360
928171538045476864
495429940
2903366623
4541503453
372626133
121607300
112714089
928025664397066240
927719795323228160
606066872
2566656834
157283607
914048470318768129
2791060071
722028139493261312
36282335
15001308
849369302193102851
3141759194
924881676932562944
2158012578
824558087486918659
2831392369
216646768
924842556340314112
924790237049556997
14986740
134347461
3192799118
345265266
888339937078136832
805906046220845058
847021069089357825
923639332837253121
749856722915717120
394716538
774010676687798272
829812794
2751163422
729214915085373442
167043139
5949162
6784642
22886125
497462406
748759171227525122
341265825
812575291
14776666
4894676856
1538052398
772888951678009344
427337089
903888834433236992
165689577
268234784
4228281136
917509743840698369
587367188
26145852
917958030242799617
278151449
38633856
917604618300940288
3145677894
2551055478
68119671
3878264533
874424446064492545
777449120634056705
318752230
806319398327681024
2724875972
123192458
127783735
3634853719
135364687
18659188
2896108615
888645028645445635
17060840
914327384882651136
6221962
57573823
90086630
911736618972733441
135922295
1527563394
757834440743587841
90120525
2336568704
3024658393
895411690099032065
2887717901
912123556573487104
875212784576872448
588168517
854553793026904064
730388333021401090
904714249968201731
732773
897265001471156226
908113625407041536
2600568259
17726639
446012132
906308674947338240
491187303
36067127
740416900228907009
2853933103
20776334
904255530138513408
307235385
829859135113924608
296419657
170853212
82727980
2345209417
894753868449329155
702707338222784513
1324334244
3620935522
961377060
817505251645263872
490175326
878198579931643904
320910210
2707473229
898822933597929472
3042413724
16311890
3079371758
887972146487713792
898814117120622592
2411842464
763803
628417488
421306748
426217120
61163633
27855395
3711586032
3395021
1105915644
866783454427439105
74682726
827963844
136169487
896423014555828226
40093392
757817044804841476
282778355
143274449
768751528886702081
4284077354
155465385
19175393
3016942200
767870994451005440
1072809512
892321543438696448
18974196
112723270
16633715
1228458992
898449395514867712
873083769237905409
761382610996080640
3497879953
67904971
17309910
47629022
897974655138398209
892210625283211264
407304468
4196673254
271883366
14313599
213375277
803172870939611137
20972104
821918673854025728
555882954
14739217
1000482511
892884520843714561
2990959561
15787680
2180631314
254905638
10145772
781323384688898048
863941601638334464
134613598
1711571520
111206496
77091400
884765101781274624
329625376
3952495812
893641671799226369
205868576
59133
21136139
893349020877242368
4745248297
3094721457
872675197333102596
460241421
888243520988827650
697934116826656768
468450704
97227105
836483029614886912
818678746643189760
886004715112120322
1726640160
4856629021
889832490822770688
887538319298580481
2944574850
586941998
3177164107
321186411
281096792
22474812
14770441
1708283684
5728362
298850867
3831377652
85255900
14112731
17099027
886856909025820672
772697011095085056
81385703
834061176178954241
796082452527779840
815342645564219392
132142696
223352482
1624405176
130512456
7013852
95407873
209397605
22854763
265816411
15672198
1323234427
746245207146930176
703772403080544256
69250288
897540126
725134242531794944
766138373299920897
200379325
2297456808
882229514150977537
875374395769987077
174948716
1659925716
155243817
354208298
881280824938819584
879920432865923072
70509220
278611594
2282658655
518305781
15506923
791117586
875091643917008898
26435141
93860035
956621754
2842857733
870992927002173440
161304524
64122449
197261234
18347047
103516223
775086667493322752
872541681760915456
818440912539910146
232698219
72806551
1660136550
836801786560327682
3081176166
360885363
120423653
23051796
15023803
744778588327575556
1094190564
619913312
33382620
825369287258804225
3307476498
202358290
322270150
32322742
41330173
871798767401545730
6221802
770265644520443905
759540553318961152
2504562594
757685153476902912
871569987718262789
808296056756715520
856892934695915520
139020105
854958985727721473
390162200
841437196724838401
20743851
3107902620
2291994330
1338626952
78815101
532814870
47918629
20974043
366903492
3108257690
820936236281929728
3678406512
2260693675
869428453048823808
474180093
743413377024724992
46794839
17504387
838675207204171777
1299561434
3022743736
836037095760117760
861140806769401856
2486786178
865999248784973824
23427560
835074089651859456
3224906078
54935934
484048652
4469484227
3100310318
805559119566565376
446944647
23853356
707413778489421825
79094826
600158916
822425352907538432
23015674
834218559148486656
861509718266662912
861185935215517696
790391270757634048
496433595
861012051971289088
4292208323
801966384804601857
1631865446
861067898965577729
857534756736475136
136617095
32221845
28973881
319903875
14128693
2936661493
2511676200
857083966221766656
854689778415149056
823307158926213120
826510740
20658958
165123201
193951164
320509985
2351314279
729471569827794944
23271911
4041588013
297741712
28223215
705579883569684481
1877997523
120013639
858661551636570113
816480585245822976
183610253
26322671
859258356011159552
14883212
773763194363969536
15188235
858514885977571330
62371250
2370865700
1959849440
2473461230
850562687238942720
2195230393
194117340
15890316
1657429032
466463225
1730759292
849100995011510272
608796503
446682162
2764147555
855324386567503873
7526082
839426588206743552
853963463852523520
562445725
18346451
849090436270628864
851393773825163264
301810064
791430864307490816
415161499
834023273616662530
848666383273660417
842568453164695553
108733789
2753929566
496460036
846547444179451905
43078213
138699680
846585705451048960
796964040677277696
3024452088
845959699153457152
1211461680
810601543892353028
3378022332
6778812
1666551050
843572142474063873
2897880312
2899938512
123882971
40413236
1634799428
349170833
841064856681865216
806729224941776897
35671622
744150240136044544
4206827532
14710356
25960136
3239619252
28313794
838886589086433282
3018889774
535256278
235388074
25956314
17864051
293421862
16549460
208905805
54925407
137298892
1963681
2886328682
603317515
3107099695
1306527097
836107581462478848
101759488
1463904409
2896455757
2897068974
836015621720551425
730759415243005952
36927290
55454932
245382239
3022027969
834290271009402880
2556412490
2883501998
64181804
104821933
966341
323071180
209960373
2769590864
39381786
2238203940
320493538
213645583
259575244
232245872
1054931
827944945025683456
47314225
17128777
652253
3955723753
26562919
833077426863288320
18558904
823765120752885761
286111266
2533447226
444925097
84437733
100626780
14292159
18011960
14989926
240982297
814494518661808128
3221325240
282931337
833512888094515200
125867553
1728443748
744091458668474368
15720494
24139918
8115112
158579300
834334520643969025
17611623
801374994227871744
46232127
794705692540239872
2200354988
346156468
416877987
18559099
800865680497078275
2889105299
615503
69200783
25466285
14404484
97108663
764118896529911808
833243814865276928
823765107016503296
59929805
3197064559
813275313589211136
761075620025540608
826946016280588288
114744695
2171993958
2731471171
20462976
75220546
784463945490796544
21085518
47930775
7512
33830776
1234765818
16432608
788188
806377843701780481
3305852220
276140015
3419377719
83315955
805195557375356928
274312371
16732763
2437856371
19623440
260604301
2753377136
798002331639955456
330548125
841791
2681959021
17884077
2378338495
23353729
25669418
737898906651111424
729811109142663170
58949165
131325228
17403122
88633328
610813229
739019602722574336
796908058328739841
788364088011218945
3077196308
2838527190
5913952
213177328
180212900
55275451
781751446362468353
630810278
4772169342
824886467721703425
899692142
2870807309
554976064
3452685381
16295360
821190691011211264
269615083
24987606
315774064
273657567
791498966093340672
7502352
732250744087252992
31329074
2924656159
5327242
762851915025690624
34281225
790685020021063680
136877048
759914611277635586
828047153570336768
117703006
33480413
717525321361141760
146800466
15214620
264677870
273299228
744424346
27230776
731356908573974528
4314028872
18113448
554611045
76874570
1006199755
3636516683
858207498
824862360376467458
984285090
218742311
363945442
722773924124045313
3050918576
507134601
58721267
722791435938861056
3591246913
821876064502706176
14449891
713944947594932225
735719899004166148
479294201
76898200
806293409816199168
14862794
743027049644838912
2934164551
411898978
36022250
296129792
700893087648899072
584163481
71183508
2287163772
38361352
776157059465129984
816706527834738688
1693274240
756100435673354241
278446404
27277129
163264172
330810689
2468723700
410739240
288174803
793852061464932352
796112713
218750894
10070832
173753844
26377539
98856198
114205328
355404290
967477627
44541979
338001131
28322831
214103957
806707016022360064
763882848621166593
786449581219295232
17438066
32241745
20409775
1513357717
801579843770925056
790514103634714625
725950797171691520
3016079599
797314602975363072
759925933243457536
3172242319
353094085
2596106341
306295601
280383548
15696660
715860596307206144
762825130439499776
60608730
8202402
20414217
735702159505776641
4218453133
105573928
16412019
4496035640
3065987252
260176167
1339007863
786468681404383233
37097084
225143034
1711748706
17353493
2656698722
16050960
799290754153578497
31817243
2257058478
916450237
384450678
800232587553689601
788425851029323776
2542903242
423813551
113503069
20347175
13659842
3185777276
1974713773
1216726837
1224742471
3599360953
19133894
4780859521
795606238331486208
2294882018
799699559928598528
798778648341848065
794880770632392705
782159252508901376
2378451205
632744439
1406908417
722210804821458944
15890456
117271959
3220210171
733615564141133826
598366920
795924065382907904
256716435
182697697
796823436916117504
795237637447524353
762560418615205888
777683174813868033
798183
214266401
257710735
722948929055117313
1572724790
2987726170
301248170
627114446
718429607989350401
42151893
246253124
50968933
2235261200
1486957680
159481479
246561843
792678398682288128
2519127995
18836133
446131529
18177786
2150256518
770728048085917696
420100653
4827328182
337139823
61778290
51676044
2562680516
2457154388
788836360698204161
788499547307651073
23027869
1211144114
1202221603
162872937
3307406874
153427757
1301190362
2179273770
28306593
21075386
15356410
44948119
715620933067677696
486876796
3518344333
313003712
31116314
2425137566
767480501217075200
18718503
35758441
293474493
791494887778594816
19063905
19676754
605804404
15802882
382080491
59682569
11655652
784094227978342401
789342483083767808
5625972
816407280
18175020
54894784
275538174
314313718
213563777
452112765
2612265294
3009673586
517125380
22733175
27244131
1744858177
293349398
133804939
789374505063964673
243856498
23286383
23929105
1234413684
404675290
2735419675
1910498443
787665796986048513
44887381
787439010679435264
59123953
735701736451538944
730580232713863168
786184413805551618
266178016
21734899
731685200678129664
911094116
28060749
286479453
1550327623
705669957657370624
4799266096
3316406977
2890341156
750279074807943168
18161182
2815408383
2514731
20384995
785118977798176769
3576977712
450963304
773164869721985030
147886345
783355554
760157982487416832
757844378488410112
1370827814
753767155426992129
3498820094
355397908
415326673
783999973805453312
1277406950
769484096
3936739999
1396574695
742230665345699844
777660462552920064
4663916834
754831555516694528
1655507089
377028511
17705256
134412151
16430269
327054186
3115206871
270681216
15002556
2433266772
20506562
1630122714
4495204396
28009715
312716942
742948328183324675
566009167
4161978732
9160872
50653443
3255317263
22753886
294693583
259214830
3284983166
2930437435
109000206
19482559
2944233798
14963297
13985502
518159071
15141072
2802676448
2483830879
737134199170174976
713320529873088513
764765963514355712
560338224
34030001
770501217269256192
34291670
58727100
3279294188
8814712
909085206
742079411076370433
125496786
199256987
1368119190
1268483779
3178493994
765621030945693696
77697108
1532795413
23760809
259570799
17505966
553360589
226421450
765340781557059584
726732667308240896
46880163
210440039
178315661
2968974565
39700793
761084862585380864
2917062164
3013828828
3260968982
14459284
2752083703
53936434
1695170910
737167145096749056
6804612
226037655
6752412
3539739192
2958299328
2684750907
2903892500
183132190
715385029929476099
3016981434
208593138
762568459519524869
22599551
80430508
107205339
180603779
2933185616
735265357670162432
3335584468
540882558
4832017176
23516873
705636555231096832
159636220
2672701993
28293554
145892411
2705319642
712129420971122688
2952967640
34224632
162977836
717275792669941760
2768494776
3003376119
123334845
2777676498
704189209733533697
17285408
15873738
816828840
133229143
1359062077
116582827
15204250
111493770
607220705
141873715
753333620937404417
278759186
239174792
354886640
84029229
594229584
3193025318
717317929960869909
51111176
3286302829
3390360858
15698628
751657497128210432
151562212
2381839122
747400425037410304
743316871059890176
750667410282156034
3191966886
2904206965
741085044094078976
17416879
1360718155
180645068
948570062
2922046068
3120044362
244400306
108284403
2491586526
94821415
740981241927716864
7106672
4700318095
709265723688759296
26077660
253469523
4634460931
3852226574
4608922999
128880885
742560970837524480
602910504
738952261250977792
3074613734
3097326374
733366519674081280
22937405
9290802
719588435552395265
19180758
2204023214
316983607
59043619
1051816704
738834371805741057
2572373900
4209065473
172168499
406226155
545055336
456338796
729702459413651456
710377176177094656
15130352
3292202611
20143193
70366264
920123234
39686023
1282224043
569604416
614931781
130670536
3221774792
2222557428
20888095
134151779
310750637
2534812554
873468648
711516523488088066
28735967
733133772489547776
2594218759
391397667
399680672
1667881687
38161550
3266933005
15352520
8317932
1733631
304122632
2429872063
705227035010969601
2472420139
23414638
10451462
937404684
2944432376
102512943
308925854
47303844
22762371
728747509405777920
2210080663
19332808
8845232
161259359
2404334763
178969273
193449207
4502885068
424652315
3897224354
245609002
4339541608
35359943
3034244121
269166718
268637152
4829980424
66607886
160545757
1928063072
702375893105254401
4838286643
2985412455
721988162172551168
3233475074
467099237
18665869
4900247712
2223166116
14059466
356534711
1948969214
11774182
706348419829223425
23049853
552539780
3879714920
56330419
3606658874
536968876
723699601157423105
44701456
1143978858
2197050584
17067000
4457141
133919121
1889760162
19054461
16079402
2616125786
4634831714
4513912938
105450885
721840575863873536
18802901
3343732607
376164738
1583094072
214263386
325429705
432277568
252940092
2857492154
997918260
710838744689999872
17660678
28439516
845804796
148153792
4558852454
3034412377
3116805956
246090718
2154461958
716952557466361857
14795444
2523217088
426184881
19439810
2582534934
1318698824
235193426
88536289
803728303
712164951654141952
2723335981
984800449
72238031
22418859
2683642392
3342549640
210589206
707093003190439936
116279085
712599224278499328
19666867
712081004987604992
3217954875
174325604
704997619395747840
165638953
4892525728
3512659755
189404740
2989204338
41858914
424964803
79168629
255529291
15577434
2158462748
14655216
90334112
711902350554697729
3257051
705055284482342912
4393332213
702875228934938624
17152575
41338008
313853751
4800553634
3630524479
4729596691
708876701913092096
298581663
16491888
158271496
4271532016
33498312
3471736529
707948812350967808
181907107
4715705179
2452340048
4221987374
3996884493
56967509
3277928624
500980657
289632591
375432180
2803422212
15783601
14780356
1637950514
125987268
327130324
2485838780
23736330
23289381
112709583
568860471
3498540914
3743769078
3265711770
17639514
704966553641623552
2897848313
994069634
2398510759
153091340
2851505779
72373
4572314765
607080968
16319570
73614843
701038290804146177
122390413
10130
4567221197
608029259
3064535835
945090793
4834160279
2440521216
14769294
402333494
748072860
332221589
19007585
19107356
154082313
4877900679
3219840871
389679259
4518662475
2203179978
4860379280
323198782
948626460
4846797456
3314130866
593638026
47566275
701013088200306688
493778849
2955037402
3012037021
1405830206
39964811
2706460921
4822504872
2199379134
1394132624
3951311893
698282466319044609
41945346
2960481
20774152
3760364956
67027360
4726185798
2302450723
88576410
17201097
2484405306
16289312
897506947
752395825
181510881
31390882
890408863
36706662
2490165774
144839982
2918224286
545716964
4706923314
18480217
18224102
1413953233
13378612
17988564
3436721412
752626322
236881390
177720933
434887116
45394577
1645384956
873603990
41753634
97899201
215053187
380224644
85734225
4006798692
2881509330
22607026
22701957
508749323
312189407
36550000
588174956
4711692738
882223070
2428469407
3751088232
1223372732
389765696
26429863
15054975
4299069133
115377377
16954847
933721201
4852309409
21036146
16913612
17890922
554728997
8528812
1305940272
486351400
2730516306
332832570
14505619
2897870796
15075993
4303194135
36585214
81812017
10178742
4512901692
600851338
4712587458
515864445
4635124050
25503051
46031376
396639414
7239342
3716942613
416689794
85293919
580390200
166161993
2403305197
4496851281
6150042
2906229644
3181494469
2653412994
3999723328
555178214
37324566
378014291
462841758
3390157951
2400756650
138748618
15389239
3294290436
3870798917
15439650
1963539529
104482542
14553571
217269889
68718233
14262197
67661914
4197912018
2658663012
2694742735
21459073
2237333850
3316853718
3304456839
20389312
3971004314
185554432
2993157516
2574070524
3290235585
22554760
4310209649
25168077
788046038
136572280
15080188
156134104
73284684
1106077118
22720840
3278159833
11596752
46292189
1521371
4206851054
15729892
3220974408
2875836806
75982652
377257768
2232303162
535548432
190483297
2735289026
43851936
4336486094
4176681673
2724012740
1335359000
15240765
4327434253
4122385994
102260542
2291577618
1272603830
1734805160
27528533
3075720427
967146834
3070329813
8946792
224888727
255926404
1192990652
2613952014
18004330
4267018872
614864314
2291461848
154434844
2871923260
21360451
39984581
11827492
4187461154
2374331935
8966222
1385248046
17988403
2209427972
3515257036
87153736
368934254
4009248313
768966991
23161275
5099921
49413866
2360219677
3826172357
229647076
3212623132
22449325
1471393621
998379554
2884891630
4090506819
1698080461
2970397254
620318674
14942167
2998853557
13081512
13083622
3318322004
2706915300
149831357
3109121238
68317866
379673233
3584903236
730455462
15016459
57183972
212886066
2551720232
3999966739
22481482
36752384
111323126
74858027
37848654
39942061
3863876603
388214930
3307574365
2150888232
26926073
2831382552
161501971
257633486
2930614191
893681407
1178953196
155820328
77086560
1354162879
2958455443
3702262938
3937132107
179745971
14233817
2564265264
2853660366
3641418093
2365148803
188949635
3880181953
16923632
67162416
3932880196
25060654
1580369076
3251624779
361674962
3836638103
3348561498
3259704020
15486485
182370032
526287180
271070610
295418125
2217128377
12020532
2902137894
103462247
60410733
3287180576
1344389899
321071467
3637692985
17283179
34226352
3296022998
185234077
3315175346
2996194524
3325757035
1409403655
1971561366
969275161
316342372
1579504242
246145420
32342795
261665936
1362182480
19687365
27458015
10178852
20510039
1693141735
1368884317
238929435
2999000167
2905832052
3189598812
308767187
3732378739
2532444000
3123532974
179457160
6220942
1373613402
2709589562
3101288100
3020249173
236946013
2257716590
3301299877
3015430923
66926633
1924922184
256424454
47616056
1585707228
3307632630
2433451669
227265366
18003459
2378149608
3653301917
14175784
844225645
10510522
2556421681
801871428
278371389
2892632514
453794002
427330274
245737193
41101953
277722244
226850431
2923298624
75678134
3074735756
27202067
1441357560
2957831964
3194309575
54601032
19085108
2455964036
3272302232
3488862139
2872283868
387106563
3297357766
1070584944
955016587
2371055444
1138478190
118029798
814429322
105996292
3152082535
211419571
3187287362
14051047
601791612
166569469
18502764
93781753
142708386
95067015
36040796
44606547
768596407
16686700
54507620
1442923980
416798118
3300039612
3237557428
2459506598
2955522379
25747857
145462171
91970241
457506584
3306462914
2827487352
3234257960
131420242
17290475
212113664
23540681
442763058
3178886521
1949322637
3178453651
2423403217
30721228
108097126
3420107793
885680946
107292643
3100672597
2613373081
221026651
284363441
3342969351
2947664161
3425309572
191830544
14781188
3220588242
14530062
537924108
15094290
346491432
2376645968
190533521
14365807
2703281496
88434616
57287999
51002583
3016195663
3265451010
322003130
66968442
73808917
3078609072
2290336916
114438196
25016753
3296431644
2793739887
249872580
3062004018
2549578536
3307580359
369466421
178529396
331471506
2979558225
1633784114
377202530
2985474724
2580381343
19054387
630299859
350251144
82484438
177093521
918397002
2381052883
118363492
2262584180
16843780
116924252
3240575605
2413817946
2917585904
516290944
369120619
3226133478
298927581
2452514089
814303195
359188534
971058926
22759835
2837521268
1241322109
3083004449
124308753
29875567
727122096
176343974
18299770
57042201
64173060
13126372
2514511135
1319930822
2420164788
25653731
18330141
25485913
389684781
2869791687
257375243
340624060
71005414
3368728990
2336770008
3072193723
3060792156
35446463
2343213936
2879010144
2392515212
528964342
3258107502
2951659360
2899237968
273936835
3021886849
2811458222
3336458697
270251838
473861656
330124212
286607286
78023722
1195367689
2584374986
69437116
1859167021
3238076402
2393865888
3238783772
2590556664
35994528
3226822268
326596040
278340654
283763046
736676239
2837392027
3192956324
3193472577
2986398774
3223891441
2152535096
779866255
790418594
1217287686
151444377
808120016
3192945588
127703529
17672180
1440737184
3072710413
2915302854
234959534
341410586
3009660492
37142565
2925433742
594339489
541345074
736179044
1608397028
2832732639
247602443
2839821864
2793396660
50016652
531940873
1693803193
50579286
1886031805
2612890153
2607374449
2580548358
163105454
2562531152
2550579745
1731036127
1728228715
184611740
1443840438
59711288
1144097785
2310527151
2390486108
37413737
27205263
165743832
2323607131
142941140
2281703432
2278657206
2304710856
2297477312
2243623183
2287416781
1902703260
1910240856
1587918618
1645816674
1517893628
573636001
602408600
1476341167
36079474
28442657
1181364636
1185052645
1006049984
599033571
385446495
873221767
