118133101
887600911270412288
14280268
7773342
1120200510152245248
2359931192
2410397943
3049992458
709395560881659908
32863585
14397353
147654165
372513630
1150063346097410049
263388356
2540605710
229139871
929421320365932545
1217933688853450752
1238048744400093190
715044253257302016
1143701903701712896
829515392880099329
15957183
1080833996
91443787
935124542221115392
40291925
111217362
964225392688033792
105270139
29584571
558686162
1155552836459085824
464140899
3031254660
1117971083213201408
87559451
2648921
963361056805588993
13219352
4662518417
987071315654905856
494222163
23583842
41866644
10313032
2516314615
15975573
14744668
5973972
392089625
988780607747522561
125356138
164851219
2260927791
1724543815
23081953
5812732
49575241
38182730
184188692
1886022888
8692942
1155872489555341313
12687172
595709504
15061294
80703
706910608663453698
1223587788
3781441
7886472
26332509
369742327
973910663792865281
6140222
963251144
18636447
180283911
1133337944012599296
1108154493185785857
107814611
1187153090186600448
15747530
1142047961779724288
159202826
901804222261420032
555226309
20298842
890634172716527616
199664730
823525
1160104967845400576
917405209579655169
937715702
1206704808704512001
256900512
45297280
236498168
16176965
15972080
852014347727458304
1548
224653586
1222450029958438912
14834180
763783478924025858
803515471769153536
2166008318
6488302
2802256873
18951794
3189754394
880090302383624192
434212888
938459609991299072
860707444489674752
634954495
1105069942255292416
543889573
820685431473836034
1252901
209599780
3003898252
707254393
758325923313754112
16406410
18302777
91510093
797600544093192192
827414340592553984
38409197
1206008584586309632
1134995768
3271275619
1196683905983627264
12511412
81867782
860746698
1168995263387701250
911468199954104320
2856932848
1056798001
19753609
4849847340
14417040
3381639813
15388214
8104532
1087822626637021184
5676102
93166608
3181827737
182920176
463572291
1017466809950359554
2566421
13970952
1401668707
39599584
1186519792116744193
2419391377
861702441569361920
18677659
1188982309665542144
985942797046906882
2530573304
23231293
127754332
19424799
94679158
1196607325
220103568
2243074260
1177551219612639232
76810409
1139508452424859651
17101287
123093329
813992533806022656
77487918
796896
1179848070739181576
41635446
1073388199
686993
609443164
30502115
26017790
1250460200
411299382
95570886
5610072
61233
612392519
4759631
14804841
155752348
2961912771
16795825
92523820
965638890307706881
3312334914
164106535
2353378285
3388176095
1077011760
706315978368364548
1167188939133739008
906300286565863424
1129409945479331840
274518699
14065217
1170450970142216193
1162443969932009472
898598533938290688
1086590312615677953
2806000111
224912517
2453818160
284501223
1162067744810053632
1067005112273563650
21781456
359680716
903062701110312961
1159649512845168640
1157654329895071744
14702825
1638708186
1154722707482841088
15301028
21137944
14826965
845949038683860992
216862061
806002318412054529
133359130
18986302
1142620029050949634
343620571
19482857
15174809
1627972447
5908032
1453091028
11547582
17628591
221548217
2202544020
1148384054158319618
3471901
195290789
1092971209195630594
15656207
55483309
1694995794
67695582
13682312
93544451
18592956
34722403
737477204
2264725987
62858595
1089346520070017024
873198397141987329
23180931
16284661
141375305
781786
707994413734166528
2726574820
386505090
2076541
18169174
1150406303254290437
54352804
3181970364
221954571
1046905557427208192
17899668
732363
2203357249
202199859
138990097
9682832
3326480661
9383302
860116415289991171
24409570
1347273811
8022912
12573912
63570438
1855339008
1027730815
3305797792
81543
1460283925
7591372
3401556970
878314904708562946
22590025
895046497871450113
292881074
632195031
1915417448
61569899
958767237833379841
3104417905
254552850
40149572
34554774
885147090460053505
724045466128650241
4587909500
132458932
14671841
2785038300
32693457
524956623
2589558973
728941753
112416103
39099783
94065357
18248426
15205780
14732972
914220989558423557
15767097
46661468
874424446064492545
14449033
7651302
1108139446623322113
52095991
15368890
34572438
1393103288
951314093927002113
810976499855659008
790439436463005696
19250918
9543992
2866643973
35962650
1187050640
1085008975731384326
1049287556
119088540
746576367026790400
3171346447
385860447
913393255420588032
771692527799984128
17484849
43764930
861408824
384137835
485682760
21366076
2842557863
18242427
3120873663
197243204
2882893927
64172365
401889824
105810272
2225600377
9855852
3078650228
1253141
29787490
2850595645
598707501
119369402
1034811596403425281
1078916955573170176
374529426
30720298
11902442
236305811
1001073193954762752
986622707155525633
110198955
897226646230634501
1120953847940124673
63160355
2449915676
1135180545489588227
519744095
2187272340
3380973898
939224549891198976
4922591
1127615766856179714
71762380
1122537256395390976
382489438
14391334
981035585933627392
1117423877062369280
17972404
1093350762116145152
456992870
16505945
1074700885534695431
15554858
15079737
315391695
823661
13980622
4217023737
14961859
893123403544014849
821309471557296128
767271362
47872618
3921321
94440137
4088958078
175654444
1029572261492080640
231888711
950155460245622784
24230010
204217929
758588466271617024
147948244
149782452
1044678468783534080
1107201629294604288
297967500
2247432182
840483941870104576
1101176995994628096
291323178
247999918
1030471896
344809285
873251438
48833
709644992
70608249
10720602
150664007
15271658
228925627
104674844
10821
49420481
1349786671
6440602
1104685669526335488
1098958704584638474
312881016
1103870095124623361
61646230
2380248569
51052675
130787220
1270340190
322090555
1011486025804341248
2654201778
1087914494121123840
2828201139
1045632423218876422
3347529069
13611
54490597
302394910
14919253
22751360
1003452972875911169
1095048694360141825
816954
972557485197398018
14573390
199238295
312011124
2792450185
304164067
1023469357
17675260
913494466568359937
16120736
4438481
3113786097
5373182
77908845
93163928
9129292
918804128704401408
17932041
14132172
750975440144171009
3148611379
35657608
1317156650
55206008
268827699
1749071
17737876
3224063099
1057760869
2177784882
8874622
199013671
138370360
4919788600
855552702822133761
394235377
53701448
3306603203
61171056
67430296
17200628
16459052
17763613
140786389
898484315943833600
2728372527
319277640
912332738425913345
32571336
1102321381
1090668866978615297
842863108507025408
288999876
1086068081334591488
336914981
45082498
45850900
712853498719821825
855344670444068864
905908562060247040
2399847534
22009627
465595450
1362607891
3279303800
1209499525
8004912
1071725201791037440
741589562250645508
525502908
1069793033732931586
856414772
26374271
1251785438
7288362
14248247
15224291
165293
16943688
475816699
18742611
49652394
806757
732304643695333376
38188959
79402857
11616342
72574891
718728605879136256
7617702
2175647936
77293
9542682
210534470
14196247
603449822
55993
1015584500200493056
14139773
87744974
51627206
93434375
44186232
21084672
14599035
212187685
9305482
851939348689956865
2436932576
163177627
17262713
308630786
1054523046395068417
85982656
757954349985214464
995704123579404295
15655477
14060256
864919490
21672028
10268042
3351767836
238936703
386865598
232492541
14714099
395367768
2868720128
514735531
23092438
1696301
110410385
37679359
3021131637
14577337
142015501
1054883504
16292871
212114407
963616203955568640
4579825976
398468654
493556576
3298774073
28346366
558884321
11623272
17170196
18811020
10909812
2189810816
18953865
2834703437
1041847278246477824
1913781614
293524781
769763995
156012321
171613200
2426090798
39755431
71139907
4030760653
17143946
970664893379760128
612193939
806301130393145345
35411013
1025227805242454016
752133
998272130
60813875
278807981
19645340
705153
2821089556
3526797134
28124908
216307297
761753326211870720
900527692528922624
2675014715
569563376
109086082
8304842
227928681
32167968
2756479056
759037321329070080
286722047
2392326986
23863969
38293838
12834372
305812844
703268556901912576
308389347
64306899
39554511
840332904668487680
82068156
265174083
528573964
16459579
556162290
11816472
91469331
455812853
60760075
117882877
1565159863
205677954
228215999
163997887
476662287
87145789
886588877556862981
286819419
48843
17799192
1005658672293441536
105070986
816123980717248512
9233842
1638147775
24877257
751209198
198615870
329179614
3353632047
17221274
4128559512
40904248
838948656866721801
129723561
987289867762708480
988922576478134273
1381891
549679478
19503381
2784440156
14069393
163027956
888418914874609664
1810518176
40228619
812358842579320833
50264379
104616026
110329101
17781983
10400322
749661321977819138
9366122
218373715
934980853486276608
4103066019
974324275233599488
770950734049185792
989567042415022080
1384991
51269229
987098413874331648
119903601
973295905037103104
545294561
1549050667
53778064
15300519
1091816274
1737831
1167122150
3015371
136603495
102099663
46835471
50665259
14489115
14066472
14157394
2611802689
28863621
2703322813
1975851
914725005476409344
805600
41565432
606348008
72312663
22545571
27794232
15653409
12486322
2227110192
853504435892346880
886302079215644673
258873196
858669819494678529
885537521714769920
16329099
2888702530
19244527
3369455362
960465163081089025
7338722
16066222
5855502
61957200
963845940481351682
21920304
6490602
1830491
863550314
184241690
2276111
114626232
13452992
900586158
13877992
3841172777
137885308
14206328
14585205
29824178
5435752
59911425
14943154
13479072
19078313
107471115
11484
779627
1019381
19160166
346712890
832010606861496320
435193181
793351
237321112
4415
959263282753409024
15366564
5928592
827300680230633472
182366195
153051767
16789906
4002309269
763387411460157440
8870242
99329212
4025495236
14698489
403078056
171313785
954368281699381249
951592267579523072
47350883
35661167
950373049169215489
90286855
138966937
362787152
813402
920503005253963776
2743607055
4694535756
19140927
628038698
408912987
85367596
175087899
121553091
211245182
44518100
2676547752
275890626
883178401149747202
19934816
852258448561639429
2892794997
55358683
778043404924100608
235263326
20316342
1263280639
20776334
12448992
15328174
894719812366196736
4785174920
736570331826159617
138144905
2773111
139544417
465140394
1724
17445755
397547411
2334095119
926582353690005504
734660414630432768
3033976476
14520699
1106380418
194805763
52681292
14351593
230177047
23015458
254016958
76121432
29516060
152598396
4231519835
2757854941
129029325
67247914
716371621380890624
15911738
10147092
980641
7384342
107361158
724592540649824257
1132583654
26294813
848901
65040970
854883295276007424
1222208221
42016359
48966884
321581057
3167301
24748029
249945301
2362593841
910837934013771776
2820346152
735266533564383232
905180649824280576
4034530393
166667340
103923794
51529520
34394575
30077569
625093
12305542
289896148
40449158
70703518
5574792
22120094
78968940
245456770
16628716
3816010100
18979490
16597587
17275711
872535841641345025
55242814
2850089490
817947333421830145
79052076
2739360259
202559091
87989450
199508259
280841827
837362437343043585
740389128324415488
107991290
825720046722875392
1368942547
719225442889306112
1278640848
858424361212104704
53534764
880811478697336832
880220706797178880
2272329904
839485733605937152
13564652
866714773727072256
16130949
3118719168
2581526838
3006969648
14470083
714775800
263345211
232391945
42232950
965142457
39776651
746018440738144256
18092877
16444716
2328140636
862988058408361984
15902371
2815377743
10206972
776458
862231772574044161
123564376
14053374
3315033968
284251057
31567761
5827
22572168
84364568
480087443
860728158173122560
386143777
16854584
1694961
69496707
1505278441
71865141
834077547910545410
121224818
3565601
2359599830
205117304
2607225000
40534747
23138178
633385022
794723912189775872
2680758350
19517625
47774386
2892290399
97158075
97114171
517007964
15062840
650543
14695816
54008603
1721283534
823532881494425601
2733474152
831591431206739968
2971435222
2513671
1858080769
594121498
825642145092472833
828688517962276864
15751438
14739250
71436012
17441302
1389538458
828361853021646849
6496232
15662351
718910384158208000
21313661
2540847588
32971268
28956204
823465270156984321
320939979
24051331
747519480784388096
15787066
20998650
22089863
3382
9714232
3092110281
2805867506
338472060
810976151694811136
41485866
181853199
2947866520
80523
2889218367
17342656
950510749
87717624
560014469
800718755160461316
307021396
283892690
796821265327587329
263504354
797643168674103296
19057110
47822008
2492828879
795097827047309312
742944134378496000
887702401
7340612
14246782
2932738834
723010754530566144
2280587971
63819362
3050618507
14238010
14111858
14400809
847761
31304689
18225468
88108409
984449647
3429933754
770706375441874944
521769198
790507496439943168
798539648
16696636
273328149
51164205
2881652057
116718264
1976281538
1285451887
2734238603
1995451
74718541
14055926
14046153
2987122085
217381167
6040892
1953648950
8845232
116177839
7056162
97529734
56823695
2398551432
357277761
217540336
134282489
104115428
15110240
16186143
1397791753
16065220
28983323
20414217
1247437484
776127459779485696
2588345408
769969659357564937
68685437
7861842
3235455829
74867907
2229573512
734420679437778944
14306330
110244676
27064840
763522597896261632
761153299169107968
903837349
122177837
9463842
14343068
751042935832076288
749424516330246144
719618267501981697
4874289952
34120843
37212947
22218205
300980950
4162938839
8592732
10184292
150354133
158065720
50466585
2759989021
18956255
50189269
47767926
57912723
3260733246
102500211
278256762
13950922
29116934
31252191
22467617
15704940
3055652033
17607249
6205402
123356887
1377882152
9551792
1304641663
15398764
14816103
204462223
9309912
3122157632
280477264
117989422
4288813512
12391922
4152669974
718049798373281792
1690731
2233329924
160194341
749583
479079285
239581027
707756333504679937
701726959441727488
20499145
2930507047
1398704053
3974358913
700473544241577988
105468460
129446057
697415752731774977
40880809
16058280
48657488
14815775
38335976
3360844691
9723932
38322006
4754476036
22129491
6742522
4838042896
116041517
14639127
489840666
1115374579
62963
3205314383
18674362
25146103
5874122
2989324719
10368692
20410251
2557527470
18966808
3586160236
384528303
15630703
1551320306
48785299
1325411
81222959
611376800
490630501
16821279
58031991
120372639
157749914
534852841
1530096708
525888824
841456784
4416553035
17444584
2599374110
203558650
4289639301
2423532368
527942407
3534497472
3845874316
3308305874
195105803
135286187
44900235
14647847
503527915
37200995
242632017
59161232
18857154
1062521
20505655
72350144
4411041
47905933
14236464
10178852
9526842
796983
21325333
3998881119
697893
1877714197
10688472
44104818
2800780073
15376620
249270360
14587270
14336585
14993466
228534970
2557115592
1580271
14602130
113114022
15802344
3515095048
35821109
565725476
11736872
3664537514
3628584914
19587559
3590063902
3375628036
3363290472
427429339
18846156
7010972
15373404
2816638231
17639049
13216972
57440969
17407196
2259201336
9610222
393423483
62598249
774833666
3300867548
260808679
1498443764
15643004
94133565
14421746
169368859
799722
239853010
958284511
14053355
3649181
44847206
82363
1007745956
3271344302
3107605059
156694758
2460502890
15876153
490631300
927310362
52630926
13914932
14325738
292363065
44970115
3188870788
1399281470
1865768071
2898072258
3177535976
2151073891
633485162
20624709
5380022
161428879
16747246
14493267
27093292
458504863
2835167445
399946233
69618874
19682566
2301963115
14081078
177788470
39694103
14706299
2999130997
1506321
2811458222
2927853612
324289003
2860862309
6765752
14341386
8428682
487074117
2866846942
77911758
67788920
2877331316
18667813
28148008
315415885
2543568066
83485588
2772452969
260907612
1410422706
14189409
15386956
19645048
26803375
14510710
6107872
10250992
593290888
29381999
401931872
13130412
14426872
2825837112
2765273939
2612316637
2784724310
2749231580
10723242
1533695797
16803112
1203031399
27677984
192625645
605824500
222268441
9550352
487623589
22652954
20419761
2618435233
2600461338
2645713132
1606438069
235687998
915493873
17396634
88711545
43466088
5148411
57005215
185511924
15355481
14870936
21711948
1855477536
61523
2330850138
2348764010
36315197
568658453
586528381
43850591
17383191
70590254
2215270866
1465198291
17510689
25534694
96748979
1426874221
334279642
12751642
376279632
121124190
16736953
6998432
908190800
135941083
1172492478
16166052
104885632
21079454
14805814
1544419640
1333892988
60965642
139020479
67101998
9306942
101978355
46633016
505729666
1240717094
568748046
6753582
1541961384
887841438
12964272
91485415
17685214
354115762
13538912
6342722
3846251
1245019195
111272354
82433
20593955
385596773
26798171
946631
19790815
93941632
218011357
14790909
60672665
14994607
96316430
1671811
109620841
45567944
7932792
3938341
18069230
14418892
21572497
783092
1309931
3539791
6773532
83811105
117264020
46114303
1332278112
5663922
18170045
110460620
38512745
36446672
236076058
37585396
35300111
1269646896
589747234
226320808
475046273
1222000021
844293439
10835552
18676732
902767856
399615322
133093
36691457
1079329046
436622167
16550460
171384512
5843422
252224147
23076512
151572496
1037640168
884547937
996022423
19435052
1069373598
1043082692
13999462
219126857
346776784
360084031
260021840
61147252
1015792856
951012834
31721449
14362949
106824855
54984086
279165495
930408794
182541957
1046038628
824035404
741009774
1040643883
7732082
1029477301
372760032
1010368735
153542187
546863493
465942917
263640102
4613161
15978402
728561053
1020259994
453941231
1017995040
39052371
446397890
808607306
14773445
7661142
407163243
14309640
187354174
915505986
913526743
22351111
38287683
759467
7021362
14140144
14912335
26215740
195802472
90297948
20464917
3974551
6071412
15184110
6013662
11414
173255163
5447362
3980911
48515953
47784502
143599950
277894800
12374232
26458461
43802798
29551445
16037486
833992412
246276046
16251124
382588929
89831573
737969203
32510728
54978059
1103361
630973
268499760
13024112
386725392
27160952
9285702
35791090
14839189
16927751
22163765
557093280
317950178
22981369
256297689
348067451
736172840
18152221
6877102
334596684
171191579
10678672
17175915
415874625
8205292
590946207
22651735
22411446
819359
13403292
493562882
44553220
14612142
5875682
182904990
2574631
676363
6745922
7232752
14522927
465756384
662533
376320253
5547992
107663936
518975188
332605037
23979712
390379118
775187
107163591
19630325
82068431
17371628
12776762
425640780
24049295
73170637
249475308
44717215
43350737
15372898
17960192
21321192
11146602
37712843
13687012
386497475
269516553
22508801
361503360
5805452
25648180
876061
9274272
38652962
17323359
14888365
95086073
14344155
23791725
7437612
14166841
22073310
15958492
169636767
199148889
16262144
14613142
15344588
238255753
19540528
138761042
516883700
33714260
18511651
69402135
14598432
7912462
2455
15302864
283076736
14391923
28733664
509588085
353947536
8294002
35861349
19624285
12813
6655372
15005347
195272898
21762356
519240508
58792579
13182702
484814961
66359069
22854763
8826252
12263222
16348811
19169604
16171616
145789755
106597034
418579490
41297384
419728487
16843833
15734636
2011081
6797152
23095264
