89181055
333921884
399197221
1235088019486658561
365709418
365333599
1217025026077200385
21211766
88008090
2585866699
2979966677
11919222
121165601
3579836002
1234422818294685696
1222392051070717952
60868673
351493313
3610934482
1219122168606404613
1185197893344546816
273891579
1231608033949732864
162321873
105772622
115660120
386168160
507171003
194104422
771800954324848641
586039060
1872764083
75642071
145734847
2325638366
23863969
1225665743485730816
282584708
280477264
397476523
21777017
2574612668
234522921
278458528
205460960
563025116
7173002
221323368
1000416230417817600
74129471
256900512
3221069440
153158056
17628591
21594615
45297280
1073388199
1127215340793077766
334729440
1216658494314684416
611602337
140953186
2285610344
21568602
392938305
3206489873
2895802905
544273219
49667390
72665579
1176109274696732672
2943951699
4252081252
1194189272540160002
130569012
609989751
3133299118
1157972928354488320
16222820
1370793830
3577087516
418076401
2775377147
71762380
743294666171289600
1039015623773356032
3076919411
1150505682
137457764
826526292648550400
26104664
220460483
863077037560524800
260681094
47742989
3739820601
2657079979
786207131653537792
2536668400
1129849715556847616
53134290
4881684250
1191993800744427520
16033267
1191299809845678080
1189106864216260609
250535644
1175023047767732224
3405598630
623256294
312693717
938027805635416064
176553418
742420681
23743471
9879612
1073885628025102336
18413897
1064526603311554561
834906278
217393834
801079921011462145
17209700
96435044
9541472
1015406375583744000
3214652937
20126154
331658812
11547582
72019464
4352400735
32828888
1734983221
55014104
110198955
974262519593349120
336182654
702264953
13623852
196104668
1278913668
53890277
1669859611
297915861
833199415116623872
8748292
15767355
1151064220575907840
338488801
594308308
4145525775
320984956
363604483
43017642
1129147009628332040
480261408
1133337944012599296
1020213698022072322
2207670746
1064586758837424128
15171302
624152256
47710875
95182498
404150867
519867989
43872622
847373431
2589972278
99538034
20466521
315660088
244206716
1277789822
412467169
13642942
378492909
9769712
107074815
910848844862246912
74690084
910110834759753730
219723542
88756956
872044583282257923
913494466568359937
14775566
135824015
3289930715
131510650
3223529915
90268711
886880335006400512
10383152
160950631
561232405
29455688
240843448
2296338829
510221259
1094032249899511808
153201482
751804158282522624
7737402
734804340523819008
843832011202740226
1978512078
14321067
27642559
16382892
1513110697
881127340323069953
907531594260516864
386102380
854975067507306497
529395725
843902677
2964830950
48627228
1069564238371409923
1036279772983291904
2842495313
545927996
732607408590204930
3346362959
3084096189
1583062087
1037276073120161792
1067793299669479424
918452731555274752
967819562111717376
4737328582
749301650
1954913234
394790422
34923649
710051933604728832
986684435532828672
4104706948
905744695246147588
21098042
94574135
199664730
962020881902927874
1829351234
870580443372015618
115373696
1015981203722301446
100566977
1046911402705793024
53356997
418518836
597574330
15004932
78286875
344403859
1037038583822123009
165494603
2354102591
517708813
534324066
574892424
49625340
82057786
2176875492
923271823189598213
793831465540657153
45804403
2358687621
58076657
37413496
107471115
922943158434107392
388383447
705227545
3740214921
811201528316956672
956495838234267649
96788158
455583154
519744095
19316113
1934365520
107131084
577102153
34718265
440749811
18333430
788462727379451904
911669439623462913
910437524677459968
192551928
110565490
1609565486
39121789
4804650029
2676566264
892784918488600576
114570894
102886331
840783718449053697
2616028471
263120513
257600962
32587197
407243718
11757482
854745533952479237
135806950
374202600
4073533847
20594031
111994205
21262086
2192516258
123524632
3013639482
17430491
12803382
194544533
830819895201845249
2385519006
1937516472
302318073
1653972326
749723620847579137
16789568
53170901
180485019
293993583
977878735
482948074
277501661
14269929
46158604
4217023737
17881728
779215474852818944
1522198741
1139370565
110348744
4403504543
132314308
782021060946497537
104110559
126619357
3019997598
4217043395
1329743150
43189395
74482652
59982240
769314907338702848
1211743884
124512591
181363
755399751923863556
757223365023236096
164639178
757880171064164352
40213761
14602130
21185883
206194061
230538045
585629969
82062674
56764663
98427551
714786037466271745
907924568
2342250043
2470574623
29135599
51138534
346171376
3586942595
2831626181
541026553
2644751682
39258305
193406283
90686970
2494126008
108025375
14944149
1843262196
70939507
17521765
361949315
3331953495
49573
4123767436
25991946
540033625
59483368
4026655048
177320901
4813518099
89120267
3595924396
3350565549
56417407
5309912
547693719
14218565
347125090
205425101
353145715
21519624
109851982
88125051
71774882
3037087421
212461720
4010497541
370148038
24669835
2973537670
1614321692
2949210155
93619478
637082826
540757324
3784495403
14885274
138111366
171033390
435235970
411338240
826889575
1125548437
11580762
3365618279
18191636
20936749
493944667
3039149259
94324631
194022448
12248552
2609981514
2474236014
3320491481
628218472
62176073
3224168697
3253403595
3226392165
54471266
251371004
18550512
18022037
197503858
2289906194
197432173
6496232
7684072
2218436444
116713174
1225555592
69496707
111161461
2901208709
10173352
2813206572
2887810253
12193532
108266386
55039148
2423532368
21385774
26288129
487623589
106471365
1308739496
161971965
748869649
999648420
18466576
867551424
2913932957
2841279166
2913577245
253624153
17026924
189058008
103794514
51876257
260876840
40713431
2871584085
1020794606
39218211
1635070688
1420082720
295208679
114998978
145179424
27879588
29681556
2813505220
632282489
327664137
20223128
204779332
33451984
2803590674
2617306598
848822935
349884983
185745307
2396649055
2287391838
2746678086
1952348748
478932934
2289481388
51690654
101932094
14110381
281001571
90208576
23185382
392119734
15168355
108670692
103949787
88936072
1514067662
1629244970
146776896
5992662
397518316
50616576
455714492
90300404
936564992
15134408
4584281
125421719
558421000
58246841
44999554
2467552910
2349996558
17921803
1556587082
45498723
16695645
5719682
192301091
2432175248
1308926202
155866676
289205033
21219500
2366811919
8131402
14891323
1519677756
53778064
20430048
81172318
843240109
2217659378
253000152
376101489
789297217
378457469
849185604
2149419415
53364936
143452940
21497527
201665774
84268421
322120366
334224194
2228371898
18268293
210103865
464877701
2983191
110368172
17833535
1371712933
1586255240
70903032
180406950
22127013
347275995
829031364
64410124
313304764
473327700
240787906
482390704
18938688
943206258
31099787
34372776
41100387
258790331
12369862
33611173
140735113
111625971
1208672791
488284010
466413948
138871372
472035867
1329191263
373823621
406531614
756946243
1015850490
226527346
1191252925
1153845576
469656401
537968253
323443330
386466059
126585285
323271881
202119120
335522204
214835357
190555289
634489432
286173134
284680961
42851073
451609724
216512730
742828668
746112420
703937798
39223037
309652586
28789301
262093165
282003471
58022126
326046980
48363966
567272864
30995207
241187606
135424953
561804301
57044449
559726174
557577671
261869875
386069426
515476032
552658177
109906324
472247269
544177843
407650503
533930163
29924082
289870951
374033814
357509638
91205769
322619627
504310874
412903212
279278165
97166230
491369198
109506617
46062421
52513762
32871317
407119382
209633754
234817609
91065574
426267558
227328066
17275384
7340612
68163
7373472
30193806
40887122
168565559
13122902
462010324
139195815
14323691
455933626
102152656
78887245
364152107
429807010
73322826
102104479
183151060
6623182
329681072
140211618
5408352
243203704
421223508
398896424
187859237
101531035
131098180
404501942
240621431
68740055
408416718
77206077
407177466
49143135
162343713
25330474
7372022
15316813
14156984
389951275
366748010
14410420
45538944
234843896
16024410
267633283
233149098
351453934
17306290
254069879
144974342
188070643
166595532
5126711
289011297
6411542
344008549
272947933
135465614
36013806
23927349
356208428
17755981
284696233
259985446
14321836
47359208
222858045
119194516
39594352
347783509
120489359
168694515
20588605
96211294
295487703
139060547
41735948
218528035
337591191
220677083
138045978
333285780
23736239
328428297
327422878
302817293
220307410
20636994
70408227
11993412
184580162
308953553
313302720
200849532
305485476
308373800
113757502
288717974
62884325
291564181
305438900
262685671
213234241
240203756
74982230
296735470
14973706
15719990
15254195
53491759
199657288
121017977
121069019
280606804
267402251
223841700
18751922
815661
11403102
267421735
16199144
18797793
274056142
14236697
88252359
122657489
274570793
207408044
269718563
17448424
112509133
41209221
216660546
14419058
28131696
256636222
255779742
246448669
174810936
118636953
160852367
224375032
258664413
98589654
38187876
14103106
8123772
91319673
6298422
107274704
16884088
89649126
17843465
114051188
154655896
210207370
1849191
13348402
122189487
244074866
71264298
79804038
211547883
130818966
39079406
237757137
20985748
78133084
194920556
235577194
14261556
192542785
8326652
204881497
113353016
124591976
76477204
165805312
164602009
96609954
163850022
10162502
38392755
14678436
53014252
144219975
14638297
112145716
20638656
80876308
209609395
209722424
204801123
208942022
187180563
89434326
206887400
178995737
25700782
68442845
24384795
87398687
20523132
41081312
199286398
201670103
201239339
42602031
198573891
102726764
14978408
39749570
97178207
51398378
166592347
109040719
38695774
176286941
153613644
179444611
88732542
15308643
177495367
39950418
23184910
54769767
15234937
168427198
116443402
112438953
164256237
18472758
154468881
91105252
55191541
157155906
157065809
57618307
19587559
141569900
73337725
119846815
35748406
131592711
21014947
33498558
43288383
81057426
19334760
16361436
9719482
45151505
88732834
61210434
139986317
35884349
137349917
132227807
32650587
1479861
9156722
76035919
127782922
34995700
132272533
41928953
26603208
1749311
11268142
9155942
16272938
57074965
25792607
100539502
81073719
41730022
55376671
68552297
116819182
39746049
71025426
92847291
114567549
22991405
93399665
31406018
110384893
21888259
5856432
114061709
12045682
17186836
19094534
62831266
40464682
15708445
98676554
16742175
102762084
87896167
107698245
50602095
15220902
78888844
15824279
80881027
14871003
49957834
106364904
16359850
18079380
64257334
19078982
106678271
97410125
69825966
20867171
87944799
18213135
91541690
19590009
18447332
35498252
82376222
48368543
61623604
10218382
29224401
91216760
7878622
83684748
87822900
14821718
36142343
48388820
80810335
81552743
26720849
21319138
33471542
72829574
40491389
67887333
54901874
14265652
2422741
53753333
44320986
34993509
50394334
28799864
19525954
9091262
13058442
24531322
7909322
2170361
