1235954609111232512
1096291576647684097
40122626
1210590028063281164
82363
153828535
1204281754376265729
227928681
166878955
163910816
1453400521
1196347540456820736
510439248
251585894
44900235
872044639674609665
1005027253028352001
201262607
2175647936
4025495236
102099663
3288292499
42533416
50596697
5954192
3437654481
30284263
300471596
598228596
1108444650745024512
10313032
36104435
43322527
987071315654905856
256900512
917405209579655169
74129471
14816103
151130284
15649735
2335363536
67282777
917839872689401856
82749894
756999
71762380
860707444489674752
1057685344328601604
1128246274640060416
1165215363803598848
4838017586
708065213002731520
793671432
3841838473
191276158
40514792
1187298117621821445
1176281823141384192
6383562
145893870
1139782742059749376
271996985
1145004551281491969
16682056
19301427
1145646111794835457
1857380066
1086590312615677953
926608492961714176
701764742768173056
3246222339
1920954410
816134192
2207305227
44606248
377253018
756362793973059584
623045920
17220087
2167021
609422553
13770052
153780155
985978122007957514
735474740186451968
315394303
253890669
910456963808612352
2157116108
3250721351
214685346
633385022
19388003
1151297760114728960
35823259
1046509749611712518
1139521639962546176
2439943350
1148354540623859712
418307927
232071367
839207992289550337
1143529155834908672
72863878
1117721961659027457
14539057
1117478848776613889
1132447471169359872
16697511
793351
17066309
15704940
89490206
17752986
2254914752
1051783675
15528065
175795981
38404821
4141423041
722288888891502593
426647087
299945351
117036191
48765562
15528231
1119056688617627648
836444608641052674
739271654920978432
34239168
14489751
2467890211
873129591497531392
31530396
1652827686
3008437614
1209499525
1062066912782401537
1085683907561967617
213578753
4217023737
150646351
14187464
774575
85365181
718176030825943040
1266426427
119857074
716213836265734144
955766291389992961
818980076263854081
1069620686887559168
1000588350699388928
881898710963150848
2971723233
1061719844515667969
837688510618484736
1345857582
784466796183220224
3244623526
891822528167063552
254476132
2928423659
51164205
27529180
900527692528922624
7832862
179040857
54879239
32451683
2806327033
247638367
33592589
2908869704
732202604
16166246
1012027319895064576
872756281148407808
917639927508193280
1004340985877417984
147518360
989514572515151872
14815429
964197737297272833
80410703
2317336215
20636386
597647959
145554822
26318754
21772972
951511
507331436
15474183
832322518304296961
1896546445
805079197601460224
14246556
146554716
751360519932616704
2878250735
3179487520
720204737312919552
548125837
396660034
712217783266717696
707818446923407361
300936837
436732579
4706675787
2718607536
19464634
331282953
3102891500
709156274
624771315
14897738
507896961
16975304
113037623
1048815170
214614594
427726601
180332430
20195998
