740104687819608064
42533416
628562704
855552702822133761
19682566
322777832
6440602
153201482
116854630
917405209579655169
16130949
256900512
2856932848
21594615
284192166
1099246202208555008
274034395
1217433309397032960
2464475712
1158797849020305411
1206662998812758016
16514225
188856560
1166052269898514432
1200329609142816768
624152256
22745508
1189504946665902091
15371234
837281564396515328
15168355
986517289615970304
990708696610103296
16033267
664743
922943158434107392
1174523066187169792
3065648937
174606558
96435044
26627268
1291794541
1183933297
156967608
4043080882
38695774
535365332
17209700
299496505
2724290906
570212160
24963440
368342581
6468172
711975936338632705
221323368
1093835804433137664
1063865784341024769
5940772
17656206
13234
19316113
16010573
19971767
3524440036
484759041
261871365
558803448
847811530963996673
942808997484285952
21862314
1274899759
416976572
17213807
2551831
1029078997290954753
4644356835
9753882
17972230
1026856958702374912
134939074
1199019584
1090384092
10776522
2318990509
1889851032
1345084453
1971598688
16240585
15460156
155003159
998850439608258560
351208259
118012929
3247874679
1036969747
2873672135
461415628
378445071
18186092
904732131066249216
17777121
345838923
875642806122889218
25048610
37895085
18021601
322571309
2424294720
755343
864120276396773376
111682807
362400752
718960245352054785
734750115676753921
929519132
738491831940489216
338613703
1384660988
20299479
3312342926
2244261270
154728929
934265832628244481
2340807030
440171308
923788148764581888
6624102
15744478
16931121
16809923
107704349
748853964289019904
26089498
190776954
17285251
14712445
55595660
43777167
712342904187047937
21020637
95096499
868416406156705793
866733203570163712
736186926861045761
2231652847
2806624502
16096271
10208312
756774758704902144
22264972
16026293
125090015
4495204396
128966203
3242388503
834406183469535233
420721155
53023115
2411499757
2723536086
2730147330
3572901
18903918
732538425144971264
726613
492677033
369597794
389561131
2801745772
3345421175
325100970
761230345
3344116179
14932460
734720454
4708429871
750247330172010496
78003715
805365496006721536
787414322570035200
533327415
800728449786597376
3152130724
109081754
22481275
102626389
786973806913028096
287329794
118369716
4919350494
196531453
142061738
761638264218542084
6365342
586459921
20234601
17835336
14509154
23938674
82754453
2596884324
35009729
15873714
14714934
15909805
15366608
97944049
4001262683
1736417780
225496682
749894105182920704
146203952
95649929
773732152827576320
131531865
3988262121
4201485531
637208092
50665259
760774771231588352
453777691
2511994140
12830
755098047701364737
14257537
46070900
100084327
32124032
217770338
18116495
112783397
204747066
17053097
244979377
12089792
2490399938
3817497202
719161941504233473
2563906424
18311010
20757469
12362262
168537772
1201540369
4818480742
13138
2475801
263617339
203862177
19484123
98873458
31084980
706984487838748672
1072187257
268941409
4038019223
701814903817027584
1311688130
2995419231
7556272
4921661061
22915136
45565510
19787080
696038311777931264
551321973
380863305
14420881
27102150
8905662
3611238075
15158736
240265286
7489042
19235565
12819
3407064004
890810480
205397166
20166621
61323
16735730
2238972671
14717350
48701108
142666422
6549332
3320919155
110707333
7553252
15107569
4098592715
15431580
2693128957
21499071
2834468908
188912866
1194178794
1543159292
12223492
193085347
524274357
4131040766
3239460028
26300146
92475907
328203
101722600
1438495220
488399009
2399649819
13321042
7930992
454367384
2466453506
146428363
342981553
347297521
63679167
274094922
595978668
14375294
199221485
112753821
1520477726
19024202
42976480
3324713537
400148652
22506989
56066600
13102902
2919557183
14376262
15837546
2303458550
9910452
829453380
3239206569
54249566
69103
1048649058
561105640
14586249
13717452
3195942555
72048564
2182880005
91844055
227073803
458339195
49125561
376292196
414147993
1277779112
20595853
17152092
14325820
271465687
386577344
147524472
94763764
483937136
177278172
20851564
80877749
16681777
23788480
524342465
53668731
17995479
15957395
2886122134
14722419
22037982
761200760
1464355729
14072241
525244083
19068604
1523778422
23368319
16947909
952097893
2809629301
22369702
212227711
84028448
790513
15658929
2729037991
2323307035
1741439630
17905450
13265312
14422775
275072852
2301274070
858268838
37272823
26836647
7036162
108436925
588360385
347784852
89598546
24516055
783596
16681276
17779567
14368342
479706186
14121844
2377580396
13504
20844736
12043512
1551579763
258331364
19188103
21927673
39438268
17454047
7189182
13486
8145762
18981723
163985199
20938588
2187175078
787166
191387180
696163
12029252
160609160
24383054
21224773
15127577
2282047976
21756045
18951490
360749594
570965885
1963674678
1943119567
34837727
312228862
1126792728
174355307
917028164
60434210
1152268244
1311322429
1138021675
1060306249
628695518
985232138
91241916
591617448
240721274
345424261
787552801
524540043
442687450
326041756
913879382
19609660
17880417
1042547184
81979950
257947815
604674459
468855480
57615764
415493563
637026550
17343531
40471144
228635323
305109724
390087089
25161569
18294521
111312329
817728464
345820842
14123701
486493138
306250660
372216965
287179949
145548157
19599467
101773407
602249341
454727366
474317616
528671075
761795814
89783023
704720041
17339768
325088778
322606886
620066701
136220740
14823
18508224
556849608
289311562
19546304
41771372
586589017
179667679
140922154
126287196
386570649
479589751
76591116
50445229
483378966
373914078
469197970
446053198
16676070
339649155
219638580
55793804
6930722
277991047
17425613
14866266
164366124
375582570
329927947
216533876
14328045
37696398
29985526
29620091
16897688
192607326
14560569
315977547
277990478
26977583
62847230
20951886
14276654
160830446
289226561
14770966
161634925
177929444
20250823
