365665509
1062187361243664385
2802359066
1069188143675596800
14069393
3300817955
176898325
2362369514
1238815493659807744
302233403
27093292
29584571
544273219
73039079
48785299
819804839127359490
832639920485175297
5812732
285279058
241578218
20475369
46177629
18549693
149332111
355211411
1039409899460022273
2253320970
4122299901
292877313
2753770072
18387778
1227593186241110018
237034207
20047164
122219364
157107054
722503686
407948900
151130284
8102162
308451924
14047360
974698988808097792
1967601206
177561072
378812541
96529658
49921739
1012355031549513728
390386118
85556721
42533416
10313032
135231261
15662351
917405209579655169
256900512
880442059391475712
110198955
2892219338
114405105
1029222468
177788470
284192166
130787220
1073388199
163997887
744384780
1222641804635447297
1221767333691056128
1127215340793077766
3064057935
107471115
1005804188238934017
34262646
1328014285
973005503264681985
11366122
114875727
898589554902421504
1192402257406500864
855552702822133761
16541865
2159566136
15040566
1130397071909957632
21257028
1616146291
1548475052
18179811
72575018
5737
805981577729556484
15707225
1011509867272495105
1618431
214319571
43598952
470343010
131182801
45297280
80426470
237293113
2231485591
131833316
887257803555000320
15596402
898263487
18881656
14612142
7681652
191612874
3082268925
525402096
18840827
897477491425648640
224818645
1192620807618478088
955397748580372480
937758776349863937
3388665549
3284144886
14815775
868069450062454784
186058938
14898461
1188481708796076034
2212083289
62963
312881016
13216972
958170488513159168
4217023737
283108103
171838948
109994007
3408521
155896448
1227318510
17555194
57308239
393297795
14375294
527094727
201670103
14085736
994082542264471552
49174192
14945367
805981402143465473
715759668
463442337
1170450970142216193
1859311
919368416473047040
983917611149938688
1086590312615677953
1162378371973689344
115275254
4874289952
21988767
2794432700
3281725248
714775800
622718983
996444779788435456
700711989673197568
6998432
104251121
13096242
1329644144
53907941
117723
14355359
7103272
94133565
992609726042173440
14143421
55057853
1151181467118112774
1075594963696545793
16185494
416877987
433116137
34722403
386505090
1521332509
2315641250
19260808
52475166
7340612
17057728
793351
94893733
292518772
13484822
959492782942539776
284131739
1145519597703127040
190655084
730335102
10737182
980327940453027841
46146376
52229312
13459532
11736872
40030151
3167301
87717624
778043404924100608
39377743
1114845475
22514616
47645011
7056162
1111848346447200261
1685636041
178092061
248961109
1102158580826980352
1089884508843843585
811086947003355136
199013671
15875930
3360854621
413898659
462089689
1084110294358675456
2336658282
912172854199828481
3852105557
276611977
81538231
203524205
23044405
6898072
16329099
872449766931800064
556162290
745582409257713665
1054424402803204097
3073584767
1461777944
495148382
897667658744606720
765725320636829696
301457222
19273909
253449166
71762380
711493
27917909
10510522
165273917
184634535
130999128
416050185
16821279
235557651
2255241078
417748671
1087477030785040384
62331512
166667340
1251785438
2956929964
1209499525
328428297
16130949
81867782
216735143
335250703
1036526728338915329
2557340377
1219800504
110244676
809318384122793984
1923710378
597298742
101280438
82363
959127998409699328
34698700
553557115
365601773
179040857
68442845
6440602
958265620633661440
1009377066670788608
10368692
242445577
912788064082255873
103549232
427418593
749170170413940736
555339278
1686957282
48350972
425347593
109527866
875349400930983937
942544632898080768
487623589
