1241150890544947202
2665301898
44320986
16130949
1073388199
10368692
13991632
99085485
26325828
2847867255
33884193
7662312
110198955
256900512
1222641804635447297
745582409257713665
1019560133922344960
786714415
4287498585
71762380
2350262618
3020462836
3167301
901773635962195968
1018805806710640640
2951152570
859110129031159808
324666154
97030663
288426731
110754233
942544632898080768
6440602
292518772
1219800504
872449766931800064
69559777
905975738
198825126
949512277878689792
1886858924
959127998409699328
404150867
553557115
912788064082255873
1249571202
875349400930983937
14815775
68442845
841003954842546180
1106386039
34698700
828358433648869384
870211808207962112
4363075463
2499235068
38180982
873103962139901952
372806711
718910384158208000
705694059692736512
839144408
40655158
861823086764675072
230116996
222220616
833793177849122822
826163704530100224
2152323231
487623589
376799707
783441038509768704
322889267
3089170570
187051342
775793751197442048
773378263683100672
771353023285198848
760607657761865728
14522876
4564436418
746039156820815872
4560951533
99146722
731422392145346560
2765363896
2892553233
225415301
724289429305720834
719788032262541312
1905294343
2179514957
211182326
373586886
3239161767
3279167636
294629886
3377257439
32347444
3003455115
988306446
1074554173
2471102148
3233655150
1643104104
3254084655
2980023169
3124370771
3104009021
577776689
2965855510
2923485869
541548953
103549232
604471570
2880960447
341115145
477624122
2832746595
550495369
635696881
1435608684
1075910966
2525464608
378203177
2744210663
306797582
2717553854
2668841473
343322279
2647469478
2265525741
2493062927
2454980005
2313572931
1726091527
1007537322
2393558569
2354160487
1244250206
2352423220
48564451
487451702
346198906
2240586177
431909568
725870552
2286284113
161324507
357710362
2233279075
2231839994
612088451
1968727958
410173855
119838562
1888719996
2171608811
255218314
316438816
282612567
1353002665
1967158920
875653400
193557480
972870841
1830124248
1635193766
577877002
246350496
1704001448
44992826
251306455
1447642838
288308783
1448980297
1326741583
569018955
497409925
828631962
524612993
68424194
1020465554
524511653
856605396
1267901654
280634365
211351128
1135145838
418259768
1163990228
72712806
262883902
423611350
386139035
375634131
466465834
205283764
301582652
415470802
1060724330
1058911614
885354775
286267615
1050023712
1044917581
122216155
531106526
973890296
452545087
312814517
965946906
296776598
379948791
861542900
886827468
877345489
571960114
303958271
846124578
616137260
606739354
464247206
851348539
178298113
400270354
828160538
819118760
817037172
534808225
592163218
150991124
784564837
741686294
537210748
222866760
373124001
585107006
501494972
531673503
738930888
557038888
353274381
365243586
571122658
441752546
448243199
434753653
488614423
597858082
467844169
19523258
572049370
486639039
591156233
583885508
580245083
447183232
571023921
569155646
568879491
215075971
554614626
17267662
552247379
380339230
547716505
424330008
540238511
537559292
535891282
535742527
410171522
532705836
525948457
521693743
520779060
396554389
518743577
109312765
323064215
494496408
494059883
494196040
478717964
483802876
486274278
482326367
450144526
484189189
483350301
97008115
476656114
480673736
301925628
377484489
446655736
461628278
468775744
466611314
465948140
263856677
464069224
463410114
383039363
310218717
456934280
410206390
456346540
314227855
447943774
215920895
219717926
371201366
382749901
419658708
442209075
427630503
395576962
379877547
421759725
392718885
424719844
423796962
422975699
422309800
417269589
270011594
415943612
285331564
413790995
270543139
410597460
407025960
409278438
290827763
409492129
134193741
38653771
401040560
393456017
283098796
396726932
386500519
372235665
70369262
236050524
240243022
186033729
350978846
103451653
171703908
366015104
251318974
360271587
326339332
250760743
334044903
336816519
84129495
328105804
327480181
326476961
197554085
292345790
241510612
259792428
305781933
223400862
296880557
302483675
280878431
296440733
196629105
285609391
286126597
67913982
219032922
215737732
267332600
188853794
225138514
264311212
270504703
264711607
245022744
172463644
118178184
235322812
217898052
260411150
259894912
254204987
166524022
237268787
235545654
228103965
89256536
147928880
61578166
208574986
206625089
88470515
58809331
38466068
122089221
191798336
184520638
184787148
183987146
180766351
62617523
25928388
178522539
34651832
81650390
131587159
