1242116503476068354
950811220734631937
965230214396764160
1330823593
972300296868257792
779113
1090473401184071681
14481746
1240317445153456131
992947758767079424
2401629859
1655660431
1154925045463932928
1188271734085914624
1220702788713361408
1237002328726810625
125622365
793517
1684102584
1230001670140112899
1217141532614103040
161688323
196909015
1033000248950628355
1316001794
1148302160184127490
741902479000932352
1232754194479796230
841650621174415362
1208335220098895872
863769025813368832
1102374786167115778
1232992491596480517
1209107757556805635
1180556722013790211
56314486
1225461381828415488
827119753537937408
889251990282407936
891019569162313730
1227831133682860032
20635230
59542249
325126593
1224738341255557121
1229672656720605185
536260656
915151506877190144
1131900463681605632
1229467644438437896
87989450
997127775285927936
1066623292910551040
815159837944377344
1228667681445822464
1227209903338594304
118133101
227928681
1202570753129861120
87045613
3143678601
2342245093
4471181
1224356071776509954
1160922281738215424
1211158740151324672
1200709732345892864
1023834996
1155920035917045761
255334719
1125839035287494657
797872401149206528
1161886926871375872
885496958248517635
916735129682272256
818900336
721933114809823233
1031513797956055040
9714232
1492189447
4834919436
1227260756049252352
2714415900
975801650924441600
30799501
15557622
961952632653807618
25800048
1123246116768817152
3129088497
755339375282499584
1221869218011938816
69497443
1025276404596924416
7516232
1197490283144974339
774962828843384832
3273233462
28788786
31611970
34933061
1037805423984869377
1218589027684835329
17526424
237004627
4877883196
965638890307706881
15577394
1100887206678413312
30284263
917496534081638401
760171541355171840
200519952
20637708
1224302012759715840
628562704
101280438
14292082
20499145
4099350377
24762738
2175647936
60760075
14636631
20034403
1549209552
2530573304
877833512849690624
571425131
53687449
1962985884
9506872
2924006571
1565623927
1273002043
892793790674735104
1151228027751321600
16143105
73608541
974698988808097792
735954684981084162
102659003
1182481
1195336767706148865
1634706151
1250082110
917405209579655169
314860080
963884836162342913
82621325
1342542518
937715702
745582409257713665
260798471
18326200
34698700
7387022
23081953
1142047961779724288
110198955
872449766931800064
962517114
14585205
1222641804635447297
256900512
130787220
284192166
12486322
68442845
1167122150
877046059
901773635962195968
16130949
4874289952
1074741266561294336
1219534449735585792
253449166
224653586
361824665
1106681184
2943555119
2586048146
1222500781171138561
1023641233304956929
897136671786885120
237667232
902234066870816768
1212688776910139392
1725123649
971360993660911616
2820249447
1097531188338552832
153158056
1027148331217313792
121777206
17628591
1118944294956613634
902495767
1215257195182424067
1070715425212780545
451619490
1065045177880834048
737764831177134080
40707676
92294453
84395186
878459532
183230038
14559792
1153369508943474688
227459209
741545062979522560
1052509345391493121
1214115404395601921
893306322904641536
96953079
1060548597169688587
3138525515
805101211481313280
861970769252929538
3157420957
30860604
790875266864209921
269825362
709334034
888409782062690305
1086726227124281345
26158691
771492861355429889
742498746940809216
724501622085160961
1063373689490718721
487630181
3320583943
1259574902
1072086152797130753
1041058579204263936
1196164932762513408
142387540
1199704819650437123
276914775
949448323
1201468485878063104
99240751
2466140964
2520594703
1085964878555373569
15724389
2885769319
289660412
3038511801
3332014947
19772974
244143568
198654461
1149997861792288770
1197797259200671744
1163845068719120388
943610151931703296
1963006057
89655125
869874583029112832
1878836546
3037533599
834404942
242561709
1195802619547201537
1135818397
1187744479580774400
305124085
841786994439163904
2814314986
1453049108
3120328462
2836738801
1193206633050132480
882945953820532736
925472464888528896
6473302
1192107956961198080
1163878307516956672
3126234959
1111779141454454784
938571711858884608
10690422
1191107575036682241
2210326663
3871826339
179214664
47917199
1004049117532717056
495343686
2882506048
891767286033514501
202087082
258025439
794644695481729024
8981
1179848070739181576
14309386
76479803
894086638044925953
2382844186
428058083
22963112
609443164
12640312
130791303
19136693
836678619166486529
63035222
2810688646
986603824612827137
2420820300
1176229838979588097
11066622
1059870256888455177
875349400930983937
296873851
1372674223
773404144241696768
1185664403523297280
2941244398
2931499403
14644641
16388244
338842641
62893111
1185357046616641536
805300486253330432
15024966
117863395
240353764
227742992
90794181
42418733
866467558114852864
970596409975156737
841631347026333697
2885671481
2162905592
814826774
19570736
922483242619383810
1019618084766781441
1468530080
123665450
19401637
2801682656
44724477
186096225
18509815
31541563
951078031
8335142
184739186
3429805121
117682030
468865310
835054647148752896
3243335512
53893339
1014875414471364608
1170224134535680000
1161934090750365696
4835497108
1363508408
3011053277
861358710949466112
1398876810
16063910
1085870784952918016
1156648495069192193
14169855
22247211
2538241706
4025495236
389537150
1655442620
1024068498
1100760369474215936
1006210835860131843
12124462
1237502864
795431004106354689
566064893
273374190
7703052
1170116739931213830
935534237368963072
588425238
2897193995
210672830
1688796331
15688463
861949948757200896
1032011148395249665
1168300559998361600
380344760
370060197
1152942622232797184
512129018
885033314175918080
623068666
1160318529167667202
1083906719095304193
15023041
961699726012964864
78420357
4677281
3931240040
1145649055705513985
828958842927079426
2198702923
1012686920927899648
1096882407846957057
47962707
2813187429
61722243
733290057902264320
466831228
22462234
1415799980
580016954
108830927
999157422794182656
249665093
826111302
1136274736386859009
1161591768954990592
91932634
160877807
163323213
324670680
1608312078
1586604308
1160470575128727552
853040165295706112
19149824
1155854026107498498
439273539
84483407
1157681060601372672
1857263035
15338858
20342875
399557825
842000937505968128
1156335687274311683
188192905
2787644022
627852903
1148330078457290752
4916981
222567714
915200088883859456
1009747117
51831836
20142273
836710198962188288
722266969
3887588194
104011921
1146362936853745664
804082753
3818491097
100030562
2277462703
177947929
36179396
1134092143214125056
1005031694
23810260
1051219029807886336
202239137
1106033347153879041
4031803935
434091746
1118422823687655424
491799594
985532288
515187331
286675126
586000603
732594550607339521
1143517587936092160
2167247681
984112038359306241
214420114
1153970021745483776
1032632401292406785
247690818
15766824
218470127
89387775
47365909
93743265
992800448
1129292672475312129
14800651
91169926
13142972
883370717412298752
1138812863852830721
29460483
1148178114566115330
740597986846203904
597563605
1151095908613971968
14860950
1151218840677826560
363799822
210341321
1003659088306335745
339793244
11417572
3243943975
3161644544
595599304
221032511
553172348
376269888
49354895
41409914
1596503810
1030486396832808960
3384204255
717413884727074816
1146379516442316800
3296626600
303763679
39218179
766647415076229120
1052175276988219393
155846550
229438301
1005256197321175041
859090512661426176
2603575639
1142526119532515329
1102337713171255296
1094001009188397057
859468160193486852
780311070
96102210
1134129820449824771
128587419
1087653432461324288
324784754
2889619139
157641406
932135675997982720
1375449546
1098795020943904768
2348301866
811728020662878208
18642248
427498405
222404487
1129205247820349444
164811233
15579178
1097601294506881025
1131792164239790080
34365420
1682979354
1130244772348727302
3025318863
18538835
1130836976750538752
868113170229014529
324928362
811025151231979521
56407807
855384618178158592
3165807077
2859345035
1066118097566920704
435339214
27841081
271058786
2281964312
85301360
875166646440255488
998895813924302849
41432796
1851629898
263393046
3998461881
1025076275314978816
89885591
5926092
17812913
7766872
16831011
247207180
594659134
24574573
1052548457662164992
1669097940
1080115000964993024
827211615242158080
1123516899550273536
844189432517476353
1416500532
1574566705
17612154
3096753117
797278068092059648
32216170
915170401
383094940
554300827
1050205340908879872
167394449
2644470061
2272117092
1107997022081024000
1081614942329921537
152352020
2596654898
797802116186128384
150841206
954854814516736000
1100037380910678016
245703903
1105848472161452034
402180727
2487936284
16207356
3012974633
248257409
109680951
739518211893415937
19600791
12607092
97872405
2781050449
1044582346400264193
9687722
972199061666385920
1174529648
1102846082516766721
2790534807
989912586
1015709175001833472
778119198
617243
1100480181297446914
754253765964881921
2471133613
1099676823074402305
257138676
1074415716244295681
890877019034185730
20049102
15716290
390159434
2306546191
4396819696
891303210652237824
812358842579320833
107730846
21594615
999640154913550336
16728620
866006036
1081296422216130561
3323544788
2265946524
58219371
33171605
940139732
140060850
16684191
744431959
933076157142130688
214769930
1077708146
3305925269
66506379
61280296
2900768928
18881614
454934691
31013411
2987122085
836265656991494146
1140295447
55380289
1046501631934820353
964627912547713025
8759282
147654165
1082577362976423936
2967751053
193621070
611052751
708012107686670336
4409287936
2885024530
20689124
2890854807
938041835192061953
20024805
16426333
1075720454822944769
50249929
153868551
2935861108
974676691019862016
41285641
4082690415
15276911
406279874
532115122
37225797
2157776598
27023131
1098532879
2354282114
271317246
391412531
604866188
1523488376
1071899990551752704
16569802
2734377775
713510345885745152
190195994
161830228
95685725
86671302
541542548
818922640307986432
2288889913
1068488825448497153
68458180
920300400129069056
30198259
632882600
56324190
734800653135060992
41768083
517921400
1026885892546420737
805534142448316416
635567256
777810797682692096
63815734
799127098006835200
1464314833
188352637
33033935
8537802
1064691707810201601
1036105555759308805
2394639500
1064769614817701888
998511141964873728
614440298
39066479
198902933
1063417642617368576
189262196
3272004860
69341148
2856932848
1051455930586390534
1668292843
2356617109
131325581
343288845
3305896289
347297521
17914820
1007661684645916672
467996601
2831763850
11274832
383488273
203825050
1209499525
245191224
412648934
948234860921020416
195234660
1036604315992051712
926796734524772352
90303879
1615418670
32523144
812324121166147584
6180462
751749362057940992
403987115
15584062
410480540
139565254
912624902750064641
9309912
344279239
2300614526
874278865425899520
113855109
2170380296
215543557
442073149
885235273872924673
330590230
472695114
1540108152
1428132774
1047205788119437312
308709780
91103515
22255496
851834850839584768
1329122510
1017474222984179712
857922115022016513
5754632
862784743
2894844952
81629887
1042545059206447105
1042372540239241216
796061761606651905
2148827850
155969119
35282595
1039004347038932992
4834754453
276681131
476339723
3263851731
767563121334505473
906125956615680001
16192264
3435395447
3775651
499962568
996146991553007616
2895726664
217096612
25760074
97217082
524404974
3403344802
708266384111833088
40720843
92069035
339878225
621133833
873302389
160012482
574546761
368766127
2939326713
708036907515535360
2458481064
1246285531
23206412
418128494
191368435
3097680891
518838727
985316006103924736
2876078391
829616829219762177
831488176028078082
2886581119
883178401149747202
948433936035827712
1535273520
20549992
1030260835745185794
1029274934156185601
393442628
262074800
3604236195
972995816917843968
124726713
180699902
148873002
867345651230756865
1026470156132864002
1454612790
976851139579793414
1025439320738590720
894270758435913728
805786683274825729
4147241866
201262607
555634153
957022990394277889
316970336
51110862
2586733693
137590128
988872919714619394
14567800
1021077782573518848
857970652149579777
385753789
4111968795
210534470
3845945848
23795726
21289426
2871578822
745524933636173825
2931264434
840695358
4236247752
97491602
1017052420873080834
762696820216692737
271767796
3302034628
402151670
979183159534342145
2744668507
27031193
224631899
23144788
4034147303
1621587554
16896880
790399716475285504
719633761499897856
118012929
10430202
261281450
338997822
3141866182
991722379733708801
20904490
1051050384
26900049
176024190
470613803
131782092
1236698112
117548452
2488063584
52393260
748961759797489664
121457331
741671111390330880
278738679
31067157
797835
2932486054
41375302
499920255
233371749
13166572
918304901171625984
91131784
319124822
1256144989
787298372419883009
467417173
701851101994291202
272005814
1011318836774227968
114832665
4224780507
6434632
877413360
710810293207744513
734578981954031616
19893224
2849149676
2396006202
261777964
77710421
3603931
795207442283962368
720754110
3228292729
14599992
586384665
395350850
4763582189
15938603
1580535385
1005863006725648384
10285352
996687907804073985
110465562
1176181711
275568348
3330144613
715986059671244800
893800750417137666
211092754
893918320826748930
56962423
94139216
172317565
880126586208628737
38347059
23564635
170990429
283200815
23622967
994994035134795777
17235447
529166832
1177296661
42237944
987051697821376513
225755819
12203892
296169859
934810213374398465
351049850
219435822
56328057
101984674
947870556711464960
989109079707615232
1138750633
300905131
354947385
993206714227941377
768098002741424128
876768522164162560
119842161
795956
257891188
637167210
106342573
994531841364381696
14796973
62963
46392565
715607129483304960
1733993412
831123021972828161
719673
2824086655
24027430
990141942
919959675428376576
988398834840686592
28456376
279233738
986732639909380096
447969137
97264922
2991843333
723667033532018689
2249688711
76910873
12781922
804347089627049985
754661194540220416
351422421
986660214735818752
19282539
2174482088
1296859046
2232676082
271065205
2474208830
41635446
15144532
270677303
3230575412
14577499
177158631
184445216
730076280608174080
414008918
222453226
14288038
611257544
43301245
985848682506469377
986276359
215822029
892478045424168961
417849332
14115015
48636190
885335737092239360
974716085328105472
786201708972023808
15341093
135181363
270410891
980838832923852802
4460581453
165909907
160946758
978746931265572864
22287219
102744289
134506643
88936048
865157154772320256
254267332
846289108418904064
2916982136
968560167620050944
928474448
1137647556
3397964865
389757963
970615361392529408
2152308699
799206372701306880
953688350728294400
3839061443
250131374
720586389503492096
18939450
20624794
1685888563
195442418
759334217339772928
2913998913
2147575780
36380741
877616433609318400
229095380
144837136
4294598053
2955262611
381054288
234304961
14246707
971027969320865793
968164508257734657
467159075
319082942
76810409
859969123102539777
962361284950921217
880355027843502080
2799778863
834787241373229056
456043324
478181304
101495243
963927150951727104
129810881
16736682
712026258
2198523230
922879690326593536
526231155
51351171
4584213312
2590071354
4666101193
8705572
307615698
156493032
529494245
23863969
3556632394
780734438388879360
761106683259006976
568312811
108719750
2416441287
326864247
749563462406275072
383032655
255102436
894981889978748935
831437814
49413866
326521133
15254135
43263253
1390818332
243342953
2312775529
5346742
879369534813204484
700521902
146567174
99586343
841811845811974146
2882277423
1995451
4657994587
250017998
825756193910116352
1428575976
553496081
834004632561135617
1068726660
36956198
1066001916
2283463274
14365634
148116431
3191140198
16934411
850328658569035778
915937849253523457
816578659603648512
102430073
1087346568
958649520
99173786
2886972634
788390172115275776
776402106
359188534
1886531798
28736594
169651158
66580140
19042414
1560731778
2394219098
2284142012
841542739334381569
115345793
371967674
51727147
10932452
21234787
3225111409
52223910
10975752
3337384126
135936507
942721627879608321
2364592844
855492041224204289
255741407
2419391377
1880114024
2496856376
4104706948
207254215
926780404735995905
2994024412
804385907641978880
88764812
711856355276095489
394134791
92989497
730032952525131777
136301916
355148650
2155446816
88959426
1394290140
915585463787933696
149557724
1064850134
8065002
227466743
1244114060
939101538
361319984
514379196
1354243639
796479090790436864
72667100
927671597120540673
971736103
1893291254
2884567121
2880961900
149120416
577427081
18767703
55388565
910594173547421696
13563572
525387619
15188612
831339732483325955
784135828016685058
2686226078
718449524
840002166
2583592880
1732534783
353206981
874336866044182529
2882707625
65860586
139520184
854581958
3704391
368551889
1395699932
1135224775
14819353
775647982754684928
15416816
193534490
3351551
50690435
271474142
3999149775
5815392
1050341256
395367768
72863878
744961590378774532
2384210779
14363696
762569356786229248
728175042933182464
194263041
17843175
762518328
1376981
826502557988163584
380205172
2370627199
753358633593925632
42558652
67529128
414979077
808323501794934784
904656962079662081
2981013099
15090415
416157021
63587061
18638210
130490305
2388383697
188833865
111093392
2784123889
2821489273
297073565
9377892
409332669
17638298
357589105
298704421
354187232
1343132275
18779156
202546169
59495548
3534480502
628185670
726389583831830531
14229400
1410437030
361808281
1307614093
14866124
2223604478
66642602
764003083567312898
914571353977708544
56599314
55498554
1097599040
3409386358
2507094433
1143319274
316589445
23945759
774355128484855808
4260181
1527972253
2330701658
69802423
917386554280239104
29847920
16356796
852946903767625732
434020661
3110830877
3241536574
53560219
3605414655
913912791660077056
900006757006815232
907633336767668224
2742098774
904352329767510016
872399434964979712
910000685948612608
812440259577442304
3075051995
909437436270432256
53887085
248353548
2170086701
502068188
2221894584
842050828601069568
906878848733777922
1612233594
437591452
232351349
329179614
463746645
704769925
14517051
16590335
422839831
1099203565
588271226
809483505759584260
2563315838
2825901442
794462244436344832
836526073340801024
56786888
140753054
902424751779471360
884623525385916416
897671152780193792
884344709048446977
902425753408512000
866574587970154496
3303931304
819927704850038785
2813510514
4002309269
134744790
1581362257
15086068
4917922363
18031588
1692662522
326034810
1598571691
875310564653903873
538714687
103004948
611721065
237650650
45439114
136325501
22023030
14880915
826472066270498816
360258516
376155979
18100201
3161318880
2870188611
782075573740965889
1081042932
751885664283602944
20419926
124202458
2475490934
888863514491850752
14286491
71557700
2299595928
14341386
632591287
3443391621
4096182496
450538269
3370996024
1247692027
1692248610
6977272
841497890
1138409204
25743783
75261668
208988759
214136752
2395983818
30698916
7005172
588239786
17645638
121306161
732160738530234368
715075698101096448
791070237949034496
876952214928883713
434229447
12432262
2966741836
37054704
1729586876
583180584
3438381214
3032093667
210520672
755418732097335296
24134942
197170829
2596884324
3727547352
222511909
357531535
4690407920
37989702
78835016
2384314538
7988912
106580083
14862199
18979543
780088844993585153
2462104106
2825051
343018077
1206145507
1560363475
23425713
216356099
390195263
817003012489150464
841994936304209920
56355855
4289053110
796751403289034753
746883798109925376
17602517
1635599076
1700564149
26800968
843954689125302273
488480041
1435074373
1947387703
618077657
2461066782
39351968
417885365
837704998372921344
3649181
58756672
45571759
96006213
34247411
84825820
326665662
17804784
21194270
791670
750316611240951808
24155737
815904922646421505
359590432
200415247
619144359
4709584942
3865005196
222622201
2785100110
812713896897347584
88929969
3189001238
802095069729845248
558686162
6353722
501728390
297333518
4854823233
3297723020
54528491
2258577665
188423774
2444552486
146425220
1362341167
2415902426
443080433
14717154
213838027
2688287185
591615216
2864031515
2186816167
3267955411
3115624582
14375294
3824125822
847852292
4331912008
2758588703
196556977
935049596
606576795
38674384
1859803790
28458730
3010788942
3412510383
258401539
552721256
3252846416
2882672416
204789035
456041950
73369438
52463991
1625999196
2947716442
2928089674
96431923
901309855
19965271
430854225
1174202388
20664284
20584880
2429683542
58061681
2427118393
38875070
121184597
17083157
1259013008
2498902501
17736707
2498267994
2490449852
19670112
6123962
104574796
1280338848
1307550480
