1045009031922880512
82363
4886466298
1232754194479796230
2394678300
2159552496
891019569162313730
1034745380
2434848546
57450506
10368692
819927704850038785
85713423
16269613
811989608
17638298
38490023
17488992
965638890307706881
7340612
60760075
177760845
386505090
745582409257713665
18326200
10313032
177788470
284192166
1073388199
1142047961779724288
23081953
2856932848
256900512
153158056
110198955
14585205
36104435
3595439354
1119910555249197057
3129095903
407782973
1209499525
84000178
942544632898080768
793351
6440602
14815775
253449166
9463342
1905068233
77073780
69296987
110244676
12486322
4318561
109086082
71762380
14898461
2756479056
897226646230634501
