2247244062
1223233364775309313
25101519
128973434
2498981522
258949755
94205766
1008516989453664257
23470583
870753340157808640
3375218719
519631932
38118204
3630599306
256900512
871067937137885184
983846125265457153
2370245768
505635561
301388127
16721589
68356711
2806000111
1123160235412283392
14580076
2427800093
42840767
16325071
158735126
166667340
609543
110981072
1966901077
92722865
173829535
16130949
202677808
22545571
1147425733
970332005513728000
1622277744
405862837
1009241
723520555526307840
2603581315
375625027
16804180
490776506
148724485
778870455058837506
1497716610
446219427
1048518630072356864
635229119
84933049
2605714036
5853712
1021961589933502464
59643
2149667820
110626738
850253895821516801
212687059
33981089
711330831
577298820
88900322
962356717
2164993487
987268392808796160
351732170
446550414
34564568
14813573
69299883
852836712799547392
98362525
1011818557
147953977
175055600
116133142
149862414
16698088
952929239011119105
886810890896523264
157655783
123229431
6817652
721500373031096320
2886788601
589433548
52417359
369511850
983257999
16667503
342284834
158789700
89178437
281136865
224987906
13043662
249721205
97416245
93751227
113993823
