1582931312
1227090939518144513
1239296160906375168
308752922
763954783598227457
1046373312685903874
338463799
1232068592230895617
772076964849061888
883178401149747202
1067926271856766976
199238295
1168780015653335041
14588785
104115428
3089064236
52393154
110198955
1214127903362826240
2887810253
120731356
957082419424841728
18117814
3367725615
3325481026
1208220999952601088
31086169
753575083566886912
2150624720
17466375
214828389
956875477280370690
2524586282
1363956020
345195177
104764516
779373961951973377
1167991472068497408
806598100764807170
1401671882
129164282
547613117
3312805083
810227672303300608
20620906
582628160
39464268
1169419862202040320
17589614
1074113707188383744
1157972928354488320
1165897268756713472
1139953594071953408
1108999579259813888
19790013
61029469
2458311870
376134395
2188193624
2350834565
986169788715192320
1491259940
144292164
3881325641
807789612751912964
3837342973
132114265
5820642
3161141173
737740053154172928
711904845863776256
32456696
2882570774
357551046
2582928984
4876300992
723906655881023490
370733163
2963950472
3401425575
2664232891
392021199
336607452
713032569407873025
45883006
1921230745
903248562
402211360
2756173350
196891774
234507510
258316739
4096076232
2180462630
4612087467
66146362
16824146
962936228
3714596547
841043215
2549674159
701870608515256322
2997910595
3066203702
4745965015
2658697272
4017918388
4015921445
3986792045
2967270661
3010220138
3297595130
100069194
199237859
548514158
394377635
3172058021
224964544
289848649
3099495832
3059909610
393462640
115726137
114284367
37520258
1450719186
35417320
127429066
