2664239108
29584571
26104066
1214613375520518151
335965862
913494466568359937
31406874
745582409257713665
256900512
1219800504
2499235068
130787220
1222641804635447297
1061663235059916800
133359130
1154619031
7516232
283108103
236806716
7037732
830016422
1622701
431804559
382489438
1047799693911183360
71762380
1128964979154194433
397200160
4814080167
703250627929878529
1036301909815189504
199013671
1099658204
2651386772
1100500471310151682
15106711
145609779
1095292979542220801
9526842
913917590375825409
265930336
956875477280370690
15079737
1028899424565698561
430306392
569563376
2756479056
947328704958656512
901773635962195968
3167301
12486322
12193532
328428297
778043404924100608
964729960609890304
16058280
942544632898080768
14714099
337823724
7340612
17735070
10250992
243331145
40720843
959127998409699328
392358677
1673748432
2805408362
1750015668
14069393
57912723
912788064082255873
875349400930983937
154814665
101280438
742813105944723457
398660364
2707115215
867008437783285761
82363
830264341320527876
376658832
3408521
26288129
144106781
14911927
26250653
33923443
424944881
769004223564361729
108111812
49420481
960429174
705694059692736512
903837349
15968688
117989422
702231457553584130
223837188
718910384158208000
261488974
12691112
708325168959987719
696400514045583360
80543802
2148312943
4893301211
25224317
5874122
21110858
3174090999
17825597
17676279
19525954
3694070123
4191814046
3806842396
408424191
1074912314
3638154315
16611706
284494225
2772535059
20254407
177788470
2429621095
2256552440
87717624
230286303
14898461
970405812
334955469
41631552
8692942
3334939605
19587559
299911080
3102151031
301565543
69496707
14388078
169129420
80272953
107471115
408912987
30253755
19825748
2936438317
564607037
9723932
14695816
2175629756
132633030
2899549360
2937484739
1898305189
2932596677
2899433877
42851073
784165
103549232
2864409147
2429261591
705221179
2694023954
40655158
2850769070
2844738271
2542415534
236815789
18797311
835799354
233281305
14246556
2435424819
338255079
8719472
1393673562
369780498
329232463
14509080
70631156
141110788
127375536
1516311932
1690197438
458655380
70575645
87074930
2276948067
2217387641
793351
29029221
103949787
26388996
1586255240
886328054
1600646870
237630206
605772407
717306677
87906268
21385774
19583492
1923710378
19973515
813402
306802570
201670103
60839007
320671087
487623589
952306724
11439542
166671850
1542518485
6440602
490270529
212584032
1488090350
302825047
891332370
50359506
892958762
1299512773
1182407383
305609727
1125548437
488894635
14297266
47735734
152773076
20720688
61521621
246229685
108005731
15376576
74766127
584621712
66345916
553557115
104618592
27064840
6140222
229139871
284680961
250564638
372918600
9861002
292518772
112405759
78353612
71575169
254149815
229104969
122189487
177357848
25047461
234977799
222626964
229451791
48332265
192542785
84587973
199645867
116028071
106377667
14555828
60108006
128346870
162283749
158389676
5680552
142435362
120601912
115360864
119846815
68442845
34698700
64762538
106689073
106678271
106385010
41486415
61612426
61980277
64011382
60791927
65576512
40853331
61385889
65259344
60682732
40650451
61726743
62669761
60791902
61134011
64379962
81552743
31360841
29469673
15327586
39419782
59275906
25711302
61209351
14433595
51434624
14821718
50958963
49367112
47645011
47150185
44320986
38492028
39100114
24253645
9769712
11403882
17077653
16558988
9385792
9381862
15414339
10368692
14824352
9091262
