109496300
56190696
872888822501167104
332681505
291158790
985953564660027392
318309116
23435027
2175647936
841148971
5812732
1198650592933097472
14128892
1233177340441776128
792491359
727719655
7516232
24877257
1231027574442254337
97383997
766931097657696256
19900927
507579745
84680033
860707444489674752
840450240692015104
1548
1228710504404856833
704287081384640512
1226970216787087360
1221564277007486976
755339375282499584
540074540
9714232
74129471
726936681543147520
1224060833589874688
39472539
2783873257
267661581
255517813
3404450787
3649181
728382570249981952
18326200
493958616
633515539
10378002
713267753373675520
1205138230707929088
14237627
1896592808
235161388
817316555960762369
28571700
612474451
2735041498
20499145
21177371
346557327
156014730
58517320
1250082110
19042012
23081953
118674790
1197491772294778880
6440602
17628591
29843531
256900512
45297280
962517114
14585205
1222180174961070080
130787220
539442961
1142047961779724288
110198955
274632397
14630982
338612530
2474936167
628562704
5973972
17704908
2189834263
534774891
1124918073784504325
46478856
10313032
111011528
94138491
1381568233
14312659
60752716
1099246202208555008
917405209579655169
2461642446
902787902
86172466
629503950
20588605
244925283
1461103561
750464384
213550701
1096819278450487309
1155499243383209985
4083607336
1212774952870371333
3432923415
1201352315510362113
1486748048
1211273102094557184
50678515
2695304078
130963706
2634213932
358604791
2924466266
417203581
221427169
24140785
3128443408
781907755640717313
1973042528
1197233454754226177
143883946
1194250480496631808
980257611344785408
713070658121543681
4491811
1073388199
199238295
37665322
993934809650159616
2856932848
21594615
2784123889
96380429
304880098
1255629012
1113545595967295488
1355323237
455759813
1121817417846599681
1175652128846516224
1168172858469732355
1734983221
802599082736939008
1156755114818002946
969998278698795008
3318730704
54514761
549236829
1433580336
858313360869404672
125075740
4456200220
3246501189
886537209695748096
2647506512
1151947782615420928
2472825588
1153816660790448128
1153733969906733058
833161155103252480
1151420731747524608
85728072
846727576273891328
1150290702191845377
1049787181919817728
373939366
122141282
257842996
749661321977819138
805954294683824130
2966197143
21585168
797872401149206528
196184437
42018126
636978298
1437862022
1130564181130981376
322103845
2731615638
19336492
992609726042173440
818980076263854081
1062443042
139025141
138966937
202870951
715443893442101248
1125381972510019585
282931337
2864964553
733482885001412609
997514322195730437
3869950517
1083298280883273728
4775866229
324935612
1445854807
1080772901681356800
884213118674620416
1104172274339459073
1112517206783508481
955139171185815552
1002041773915504640
928195115729944576
967481243762794496
1061185781753135105
19316113
3167301
2387504474
1106697130201280512
950521135925428224
2488003418
547272702
633385022
859692915055968257
4915100442
61286073
40885665
2763080000
63901522
45339943
1706160343
182744327
778248351288594432
827506034
929013267573411841
1082125174072324096
15049696
2463453668
1076878811084541952
1074582637203853312
101184140
1072419565890650113
1067959624505139200
100153083
132946463
3064380647
361825938
16956594
820718198991572992
1052638671168569344
600297900
1026499279156858881
209633754
71762380
16002997
1879157586
1024312770379042816
9305482
2436932576
1048329772130922497
322252745
3159945730
4498862713
2366790787
962020881902927874
119225183
122550239
540619144
4918467891
1043859248722178048
34135168
4185742098
2734048628
3131013179
1025964706450886657
992576220725481472
628218472
976103109947772928
377594179
1029822986927398912
14453057
3458424449
59911425
263280721
706113137498578944
834176371509297152
244701386
734010048712675329
2492711456
3380973898
186744632
1739301840
20423427
19261800
839262625791893506
968472942031134720
795207442283962368
463746645
37413496
977400058378252288
110244676
909989685040005120
3557691135
1239433693
389634390
940514476205289472
15791604
4030760653
3139597447
24033072
362380525
993160832178708480
2935145850
24552780
843177666517852165
732737955962486786
376552820
831123412600909827
2861823135
867925695607046144
232332740
987346256254132225
4481067028
17721801
756360549022240768
1401507799
1648633494
2892290399
2806189923
2559372096
2555891761
979993854643523584
304164067
5465562
795438965452963840
27724657
192203495
546882832
3383333638
883304497241608192
45535365
409350581
379400246
3016225556
872085373328936966
886392173565890560
950510749
749983504197443584
1467737210
2583148844
22339476
821883765911851013
167425934
2594870871
958610674749341696
899327116847841281
963361056805588993
942478335342456833
949615678629216256
12486322
1157552360
960829840537604102
2305845066
840483941870104576
957640284434677766
923795083891171328
2149329072
181421156
16596200
3283774369
144109374
2257118142
410538965
950373049169215489
914725005476409344
393535384
290403847
1927955214
948446552875520000
1513156410
941511448903213056
1833407964
3034675706
1310749225
872407203675820033
14129373
2677490070
933732113731420160
760154572627316737
820460
484707924
510439248
518342679
20871866
2610429015
4457991797
395784274
116330441
10325302
775567732188155905
736999301025501184
2950832747
1691925396
11091402
247186337
4621291035
149218594
10688472
892067551685070849
2450700013
18225468
139081653
2446931507
767658236090675200
126256373
113646008
14248405
922153779360817152
732227203929374720
788315617
4366225575
920422761113276416
916321899118059520
94574135
321675142
772509162
2245279764
4082677529
3283915432
1340313968
55488737
55716599
22808453
112406475
897226646230634501
8184962
3727547352
3290113471
905216465636401154
53360186
4068707884
1245511586
903370139063775232
166558202
714065725074178048
594706487
897400928332128256
109086082
895351930356195328
894596297721774080
894888409121947652
3022318962
14119684
63486910
1235126490
1256538086
2152839685
772080865627242496
870580443372015618
169597767
21098042
2730751810
888290092221030400
2311720344
51277081
863689711528890368
734161955401895936
2254587655
883342705803264000
252195926
14088591
861635704467722241
181383158
3184085245
2378723204
190033308
875993371440971776
1679874157
250174596
4905241822
873846332418641920
873212683243356160
72876075
826150120945184768
2761053045
97959620
13231382
830759767060656129
749689078812147712
845232724617125889
747616276898447360
324840243
82188596
863569334026850304
1355771341
2186485331
862696264235864064
67639502
2614073449
2720112158
41894782
841215912682311680
814817513422856192
831006495101816832
853219505035784194
845812833178726401
768164339450687488
51656510
2866905314
851461955562897409
12084222
850671356043808769
54008603
804424432890454016
23347441
54989866
322812377
68685437
711349603866640384
44370665
16725176
810241481428660224
463799217
4874289952
1468861788
263202276
764145882275078144
844089250031136768
1585179678
24994586
468501731
393450036
796461
838836616517025793
838778605698166784
726763236809445377
838282845114236928
1628036480
835057577713094656
2899700281
1027160304
804600625342382080
8091982
1403800784
1032106730
2739826012
3288969152
789156727698579456
30521731
309731951
2262294660
16329099
161095425
3901331355
1829351234
224584430
9434082
90483213
23627590
109226758
3236315973
1603173211
716493889
28593671
825385437820772352
824616290040029184
824582984904900608
122177837
3290151960
396490604
21872350
98489292
4867034081
805126867116314625
2267543346
2853310376
756021019958190081
138561324
736915438345588736
3347573391
317858863
4833699165
1694850048
818347625028210688
2312619944
3425160160
4017272900
1588841
41485866
814167079293218816
3355208381
2287056136
811824919822606336
1394531923
163481148
811209998902657028
103988625
759437043550318593
808966442922037248
1534020865
806908936750174208
23868962
738018499407273984
2987122085
2413188084
1308141607
762068158450728960
2825719507
1083286970
310254083
2334498824
781186153231880192
325737446
803230003651481602
789984457071726592
325686439
2321041530
4479839255
703411120850210816
2500427640
789890557799723008
704196260
11092282
3171514779
797868
1877714197
19587559
2955717424
749242830728601600
752043070737227777
378406754
3181879279
224000491
137520613
716013038936129541
29806996
193598596
2646886886
84364568
776738133518016512
49921739
782057670714937344
3840873372
3092173295
2906219071
635711987
1066246525
724592540649824257
4125162389
331575521
620794756
4843391011
140350676
71795977
3232121683
2154414159
245299700
3130472701
463234822
3225857515
765287589796540416
2485914139
701267041265778688
222116088
249385195
17639049
39340873
143801925
772301057741365248
2237969174
719365530377973760
16331539
369948714
426645631
770641055511347201
360522992
3145199379
110033255
14452322
21936691
142758257
741127461296046081
52867017
3294383029
10191332
150621067
28231872
93455698
758026174350098432
417622957
15881746
14562638
96179624
431420754
756008376677507072
3318200353
61479041
2887997012
757697895843831808
701949019455668224
219723542
1978487864
45782565
21168694
3408215901
17495132
2795250787
751762081679106049
2423257964
748906439691759617
744123177127796736
1666032876
165543370
699335033530753024
742045687282556928
539349431
731107050013392896
319169458
3150827154
738535375325548545
4151822825
737784874443083776
64491983
2518723292
736721358529384448
736608867371585536
735564901951938561
723860968724377601
2601910506
2408018627
27160290
3404373503
3817554437
2369849120
2179764548
732023074703347712
68883800
4141684343
2449803130
15845428
197525506
25569214
729422451327815680
20273656
122569881
727169840843231232
199664730
294616178
48843
2800780073
16854105
2910652490
59036562
3287948880
722918456815816706
241840562
15507545
716566763190624256
716273036610166784
18996424
35816485
583058205
79744724
584673330
1392209648
710559491935219713
771470
242188836
3389831200
3937203585
1019381
1384939404
706564387738243072
1170636272
2757947820
9610222
3590493377
4527822204
3374245273
703425626036838407
703313226243690496
3244654465
702450994496606208
907924568
1072684286
701817406017171456
2860848910
2821089556
4926420263
1386038012
4919000756
4892124171
201262607
14434947
117058330
3222410820
4846059755
4838826802
608161934
2837737737
3313805582
1444063028
44781853
262546505
4741088532
4749388955
35121912
2361563994
2696910775
1183684093
575843297
118720159
4163994555
44104818
14226206
6053842
2609369144
4365763936
18307596
4173635361
350289481
24953840
4319694681
668033
16130949
4233114514
3881260938
4169788715
64306899
1291667971
4092904096
4090923173
4053153262
1108108962
206778031
1519489188
3318669524
3960669317
2603800248
3321414541
1170358182
3297007979
3742448122
387338021
3692096296
909504854
1406979991
3064971352
3369711891
152672164
547617986
3425128091
3228644566
3419551264
3303625489
2846029407
3383519313
3388631056
815937517
334799055
2280305304
3255078778
26556665
3339367948
3365259131
264812938
3271113397
507485531
3354940349
1588988486
1465255260
184189510
87048805
344105924
2463708284
148167176
2249324024
3253095073
3340347075
156301553
2185177747
195945256
964541606
326483361
502502327
1540335980
3192868045
2690860669
2466113266
3295405678
626459846
3218246002
15571077
3172079912
2999222950
462427912
2790873820
450991681
2955387119
136883051
3116204967
3082443796
774697982
2722420425
2926006155
81527365
3017789010
36947924
2835699415
541222881
1181156263
2560306854
278376816
1272826776
2896950569
2636247721
1091226066
358361209
2374390404
2822159323
173226355
2268571952
48449037
581567467
18765918
2805511189
394889504
387507300
1305940272
2187323694
426158523
2703916531
2249553812
147437951
367063655
1717450573
61853003
2590471272
127644290
2293690946
2327650344
369638336
2553933476
309160832
2284260145
2606674871
2490977682
2490991345
2482627904
2482625184
25182648
2258550001
1978438118
150153314
84770319
74292987
1060256048
1104762476
1080260042
961493942
993991687
902914542
419179592
729846644
36488310
340601756
607397615
230548784
454569749
15462552
344217837
18752789
253248061
239092024
