2568897518
15119867
7223722
15233333
1233683861931995136
34581135
1382279029
784010721847832576
386476099
1249608224
91438333
2250704725
2737625061
19263624
43598989
158516358
1565623927
142412926
1549209552
1151228027751321600
102659003
3027952631
820974386551341058
1219994550330122241
778965226880393216
231884553
32857705
19649732
1203206973090619392
999383775644737539
271325112
29699004
850772838
246277010
19471825
1020398883548073984
4127633057
2585386675
736259052515266560
1403148618
560293873
443776185
2875110016
736113730191265792
1196401702255116289
1168525478170415105
2367552985
1863158185
3111383093
2755098383
385327991
1728826350
487527671
1326295020
136676452
50182356
1139488650763395072
43668756
1155016546005258240
1008836390640025601
36630982
1055850644513398784
54572504
1153248523191816193
31270660
976832990566330369
1148902861117579265
886177960583200769
208605567
802064034719789057
1136930831950405635
615469787
960913312312676352
1137421487953104896
489234750
40047821
273417899
1124659144743690241
956467360587796481
1089173850359771142
1132954384533524480
1102869466101223424
281133557
1464967884
1129007708005371904
195457898
767632775323213824
1118820276454739968
934794609699557377
2170970564
1100085633937276929
1081558131191279622
199295931
14194614
950464289227321345
221169429
1109940137872510976
1106543564983545856
811100173
1527853682
321413055
252968164
13382952
389045352
566643339
986544095031185408
1035491537243832320
16240214
191096050
1091773296335568896
996303612702797828
840920443318075393
588300065
1102587276075429888
2407927880
53169976
507613628
102642901
1093535731606261760
2273095411
1093917855282880517
1091325785179340800
181363
200522358
1088396483681009664
964629696418865155
1482692473
112177301
1042757545398599680
1072544319708545025
464738832
109898948
13465632
721726338424578052
931201926238220289
2348130104
17233
351144411
240880218
442073149
866289500
1050698127932571648
1006573434866946048
1005000407804854272
2711592139
2217494096
1032599898456248321
1055058991007629312
6652122
1230055411
1026427492255637504
418783366
781261103074537472
799214852896129026
1056906472611868673
2174123833
297508246
4009999396
3420716327
364158917
1011016580820623360
775044148659298304
2337217035
1050380241506582528
1050385445295726593
913362996520472577
1047818117433442304
944209777009283072
1068968430
52393260
17177403
16004228
200242881
68968534
954492988595556352
2278961311
18811482
4727992288
895711140
23758472
325082521
112989360
768421898480857089
544003511
2482683912
7433882
743540416612601858
312576793
1017706181664624642
15579918
710893184889573376
441838192
564115341
15724284
4663326753
2791113340
2621163333
13992582
25264464
2944046135
263124812
50112561
42386575
806688116
1008602980042596352
832539588090593280
2410499372
292492558
1030732994586320897
297554304
1022349033795403776
2891883185
366174712
13091752
973550844825276418
582055558
1011384785133064197
1020754415668682752
799655029552676864
39989995
1252385028
47760228
102738229
988419251101929472
2468420658
415643
788668344853491712
122424832
851958697823789056
804198890
122083764
982178633564307456
4181949437
3522667877
29296370
4928751610
722334039844237312
4594892533
819842166797307905
971074438778294272
2154425119
862571332885770240
925301843382632448
790493861797851136
147318156
403310363
744138866039328772
1675857618
23921530
331581703
32340034
3569163562
17841670
77596139
767472485654794241
20426930
2383421250
8099802
288317902
739737827513126912
985834265786150912
739810407137857536
516944367
913409907470237696
271298935
982622212321456128
142277798
984217004
3619192517
171425730
710874047639392256
947802530163122177
2436687155
414784611
202232610
308726233
92547187
972116159175806976
882505790799699968
771049884740886528
2534335505
3421847237
1243380204
57366821
2913603219
932509147
918813895971753985
952634269033254912
956820258236588032
956974181282959360
3157007523
2833678108
884834245637701633
3157595688
14958458
18113460
219248860
787926504214827008
529326615
710909960
951096727813095424
948929217265373184
50325701
945425842460610560
910563965771665408
81443453
90827141
938475606903226369
2199918469
64372029
567200458
935023920658419712
16149409
735660218483412992
2430172994
920568941004632065
741257748
932610788749139968
17775069
216427227
1458049069
2267783023
5764482
386456311
14451873
14050248
192717530
495208752
4465813457
245279811
3194545871
3223121239
707878128643874816
108979400
7409472
41118561
861183998315417600
623740578
2582766585
395198459
850705100
275576820
926368503191531520
923125344843988993
921094392550707201
903560724705882112
148746128
404150867
2821044153
756497632269336577
91159914
47369265
917769103267463168
2273715134
3219740708
25753638
482064865
786571798167117824
336675896
852232885956476933
957070236
4782604808
915542443608723456
917313192346443776
907181642619527168
836513073263427585
108829439
329166068
915973929054982144
914803914540814336
564064293
2192503963
4082613496
719830520
123273323
912938542254510080
820315526513750017
733987391162228736
877150424041742336
2790935251
910823439224721408
435724869
778545626464325632
910574203274973188
909117342583582720
903654124205559808
51406027
852942696192913409
902820217792987136
51194455
77514418
808974138329202688
899839869752496129
840099385681702913
895558716610666496
19910424
4560088547
778175843524894721
1734715694
2219467801
2315181966
320672362
863690329542844416
876832282279071745
847355660056510465
834761571717017604
52013293
1942027146
4860492721
863183674753339392
2054261
3159152509
10937042
4189512027
430585079
68312086
203850561
3012619438
39727155
863003920318308352
1280629945
756749587566759936
820619764154400769
196707416
2853969629
786614594978521088
250962139
41024327
842140035927425025
352332119
239093229
844587567546859520
856540680331685894
4755986007
857874344332210177
26086594
31152678
15841047
856777649846460416
856895150844465152
983576322
28135159
493007094
841955698506379264
3888551709
471375000
261729278
17490090
153158056
838747646403702784
844198583876358144
100750551
55544294
709319419202244609
161749029
789117961076346880
2278867404
2829171813
109549662
2935461965
494363842
2199230268
719881347687387138
2341971976
3353065114
3014204237
2620638460
474773229
121402771
163020958
4016700033
832902002749349888
35746950
325100970
369712226
760356437763756032
808693412794957824
1965099246
783010181844180992
2396503874
97631008
470225279
485559856
1570290288
834386141088464896
223106602
826707787010936832
1069494138
224631899
987495680
3871826339
6663162
106170251
415598662
857649535
344705261
188824810
807641415136096256
74773290
525360318
2799595996
3325137321
141957261
460162135
18269561
825382867177979904
702169748621004800
743800723989618688
712724734211919873
218830003
819682860252692480
182834724
483874158
616930649
2592720798
122319646
801715028357447680
242157832
131838592
3365618387
1197194102
811702859561451521
2923220344
1300617468
493818564
253962725
87567632
2845005724
810762637067845632
2838995756
1392295759
749023228941725696
121350665
205335147
2273150478
590026496
806582126346964992
3191583106
3365723841
786163521725661184
2414532403
1958390815
47835353
3067488669
2263010881
2791578158
2971657685
1622690198
23069726
3341774259
3114341692
776169874557116416
1125735930
121098500
772541454921138176
799271757035278336
798891308148551684
622155727
152360033
3291066431
3813475229
17131390
794593587522654208
774944693037723648
2235480437
235657876
3904580138
2865838839
101228553
971811954
4002226895
2525391396
733381137607823360
3836541977
59752956
392111338
230215900
789376358547853312
780691021
1388690760
783659074491744256
3939324677
4699440014
761974059387215872
407594771
18815747
3126758109
782542701996761096
720901536965124096
783759661468090369
3630411
781492057789652994
135426553
520761551
2313358621
373001578
3805600275
3353946022
3001610697
778170215058305024
221340086
527300916
757607335988752392
23697020
715843944467275776
18264020
1966352515
815360436
201833102
203092370
278010113
130518385
6467822
1269163838
694976900536614913
771839105319723009
266005401
770436394334429184
1970972708
767643957262254080
731606659055951872
166734673
766015287036706816
2681051635
231387913
3240666099
751054720031129601
756047450780164096
710470176307867648
2304888170
14984997
2353353103
71293589
45127876
675253
19212427
2881275086
877815024
18798707
3331227004
1023154022
129285037
2374059858
2539965996
366164161
3395914751
740642167941648384
735823623940870144
727068950379528192
2320601197
192870855
1077116550
223892557
3812730196
10773502
1329988891
203062315
771419696
35444414
2804091961
66945512
345838923
10339172
1384653620
2449997298
393464607
46887198
215573269
2552182183
242230204
2828672430
58522589
1570759093
2552888088
245337205
17421326
714501725227458561
732886575743373312
504531683
722693059541131265
40732876
150330715
80926577
729954559846580224
81583498
455644962
309810029
424263455
3380589436
717756647456841729
4642314976
253131301
862820672
3025369419
316731443
915407946
721004185718779905
20637708
2781977628
2896449750
47430455
399310622
16912365
14463703
2905389873
25488985
43192699
720163203574079488
720157509894455296
707256806
2853300707
4588464915
580204595
395232208
717998072744251392
3378533615
2493859866
68983672
716515896840339456
4725089613
3233092295
555420646
384409374
152973764
17673654
87473564
4859470839
710816615923916801
4074525645
200109318
4429264660
262829067
3317679270
706484631776980992
703958999146893312
705794441592832000
701142192878915585
20279437
4825329653
2330114736
2217406250
150233956
4054740616
4915689010
2305930040
124512591
844119002
3019968215
2929665105
1156670371
409986502
4816359288
4882882559
4877395289
127497906
4149615093
72333133
4002680120
902007122
253150101
1908827720
3018210917
3409939157
3553845195
43354368
4830228886
1001556258
574779512
75293491
2348598217
4816423275
2817221550
551849329
28117848
4765104377
177041252
573721840
246297403
85041727
478999614
4119032061
3143436868
204365009
4362096497
464627160
434314854
108260784
44221988
1946723772
331089107
2203395499
2929509502
83116880
2780719273
4362738796
58017094
4357130538
3005493797
92972596
4120739363
3473906057
3803944522
284424104
4284052515
94083014
2503425537
985248811
139999000
3318995189
2783794860
2865411225
79277941
306176941
4053376048
477987368
1431394800
471110513
42266314
2862637919
541603803
22343928
110808133
4151858361
2967874013
2894736334
22488077
985619815
1694243137
4165583141
4148266228
1037440128
3415384030
4135297707
141120082
4076247335
3992807652
47443656
908171886
1979521292
1166907325
4103431773
2172358994
42375791
273395435
386060095
266776140
989269742
471795640
2327479146
267933848
4017394155
3897076995
3987454121
55484781
370710571
262587200
2548102369
3945503015
3456685516
3533159117
3907492343
1153613744
3883161977
2847299884
2496711985
150188028
830669438
3648394286
13342392
3351196954
1472406061
136700685
367846775
3673953017
69239004
3354706623
481948572
3545091977
592080722
45533696
3576795975
327973982
2845851755
2793868895
3448093272
2186657853
3320648012
3419624235
2340699980
3347029258
163129928
3491288902
3066005681
39540243
3450152620
1656067734
236965642
124747701
89443431
3425972140
396840071
2474678676
455837152
3317467258
2791260240
3233926778
1930342778
417798470
2529484057
1540753639
44090179
740898505
40892332
2444002711
3331564893
3027035074
248589228
330864026
95410589
450634838
113311992
2458324904
3332372687
2653735944
301039584
784571388
2570530285
2873656893
2821603288
1889969232
185406037
3319684691
127073512
259814870
17733344
2711729874
3230000115
2315967207
200502746
993385472
52680614
611006672
973543248
7560912
2204701463
3227747216
111280029
539868987
402446700
83098838
264888399
3127094597
169431157
389355831
3104366902
19794033
1471618454
2228777293
155942103
287736990
1273200217
2444016871
775862287
6865912
253977804
16512734
3092387110
18165988
91801782
2179877184
348689074
2696294772
1456635864
2191525245
2875064733
3164201363
976063483
2937041499
3166006779
3155700745
267834923
3033652992
1608338880
700723363
17606558
1442420347
185104125
2925891965
1423010131
111305300
3101260983
506388848
3007566533
2665179644
2571050335
375359508
40845629
3099320392
2560981274
2352248322
136900327
123919266
49940788
93053467
2651999623
364846039
3094110442
2873826970
478551706
10380672
558951393
3086460550
2890962737
3087688726
1882252663
2883819498
2266070239
222395832
368986005
369992446
19338665
96762179
3059329210
3050311067
109384660
773487900
81465649
2193880344
197729646
70680945
2994226197
2590559454
387071742
369580703
3020478303
3048977289
3046278977
1978806614
1515131166
837376374
151818792
214940740
3030226989
3011791975
92285649
307581883
3021427823
2980948145
1209755352
229595182
3001906783
2549269248
864861380
1851920533
38338695
90828164
427545621
2957840059
273402698
478695542
1389774169
2974333581
128802190
380286941
2827672548
2953475291
2952097079
2450116226
529231021
257843379
815199498
149792986
41871085
2929543265
17736851
188037112
2303214714
2864470723
2922577751
474594485
278536440
332973069
222530187
2914260933
1667193876
53880771
76337414
245703091
17366903
2920513710
78255726
2919002682
2649080064
7613522
1635454141
29434385
570121496
34253647
2473332562
2886975899
2177693610
542039722
2555590795
2537501640
360503921
2892376557
1008858955
14880402
532067033
22012277
496429337
2862208594
501843557
2611635684
267292241
273534472
368369643
2876762565
148318525
983244540
521715629
2842611232
396773921
66984917
6807782
2832023628
2840642771
158532376
1035036474
349860525
1264670707
263785543
40055040
320768998
1076212921
408702259
2524625713
892866295
149827730
23460501
2849536312
589223517
110372589
2805760050
107768130
1311819235
291039533
2840615007
32376481
203487822
2152698218
903465902
2833952553
1585250293
2831419445
2822165630
2782575585
47669449
2445977659
16402267
126945707
192915068
2815069786
31033695
1565403014
2823950954
1950049338
52058430
33270692
237705539
1912253900
2773530133
10380132
22285952
2816824422
2517881420
1566644215
372850341
574014790
1728586027
1272627402
2729537484
17383861
968430092
405685507
714446231
1481730300
239552736
288685488
577195836
14580756
2801554526
1660816866
43766841
96119851
418567117
327242014
2787785276
2565438026
418204733
275963234
82916047
978990458
5871232
560678334
298705278
397461524
2351869285
2438315684
2773031996
103537224
1320350498
2282544230
103593912
2255110231
1018560566
301662227
2751669458
22940460
86908254
193008941
2182346514
8981
83841437
2747126783
376795934
20468045
1421151
239050118
618991591
42410793
228752026
2734059540
20200505
2724194172
123242558
296338857
122381757
16592723
33021037
872224994
2412247982
214467029
84339363
2316915835
1212702367
61277032
474349509
2493939576
97437976
2434266294
28691665
821099486
14103321
17493696
1203988381
2172117833
17659852
1530470754
154111145
23072453
131248550
2425673028
2586119113
581979766
25487942
77465524
2231184056
1558298720
480575248
2530897881
16631932
2190813456
31805620
270426224
163599963
58571000
2296494109
472164055
1548713468
47960935
123269171
755713274
273368659
196150202
16052994
222610868
168997901
80668591
166924142
17383851
6454322
18174248
2547686708
268948080
51005367
2203609967
999194365
200797816
2169260617
1228176440
16202855
98600389
481937787
552178010
112824353
282193879
66669383
23913983
80905162
298419159
2396464098
2524395056
11912582
2508428551
119909587
992703870
2475292705
416305455
14954698
90646544
2152995848
42909794
2499319176
22767646
481192255
452391630
1975225386
2362608816
1112880061
1234162537
18943229
2375686836
2369232374
2471312268
17991939
2469837511
16185901
1148076709
2194309944
1494461
254066598
123263377
563979427
343244430
120454760
1941458840
90832208
579726535
1886985482
166971267
561184783
2337135570
351576783
483836129
154142743
2294734416
101782595
2336083684
573601867
1399337628
194944112
14236210
37626100
2353432458
1101544950
54536685
2411023202
2322713755
2399418368
2300393442
1966320763
2359266800
7129712
1017094844
1857776814
250218492
949459032
90042915
2365556737
25661286
1286740344
611614404
498766336
37907547
608989350
117511315
2292953485
1496196480
2190294080
2320728438
19021096
2322473654
239405051
2319460866
1201438676
104503165
967691870
122954804
1885887090
73764446
2304750763
2298452347
352833175
1280620753
154095684
216130493
413011535
2287062002
273501818
323855241
82394944
2249282588
512514301
94881434
1949534095
2190435408
1011396366
2211255776
2231755272
93027614
1197122688
250049089
440252940
224302805
1354208126
1704732528
1070502703
785477100
1083234001
1960839930
121058406
381027517
540817711
2209153963
2197955503
1179925333
800065208
49319793
562897430
460033517
2200327962
1343779440
1454035838
125574683
1003884404
2186379655
875250174
2149766582
398991096
617479279
120825800
1449801487
991988875
629607053
1530656780
1859544331
2175837252
398109871
477760967
532597532
280184671
17150996
1962858559
1949207082
1151243402
524502183
29448675
254114325
819611935
1979266585
1687272078
415023121
515498059
1718162934
633159573
413243692
17291364
1961612046
1337432480
18851609
142341049
547906181
707367271
318421236
363681283
320217326
220015445
264156313
1938540012
608189287
242882627
754818488
1160336940
1919477628
1900876892
369924224
1882978722
1908945685
54226066
14264305
855263270
321321858
28534219
1266889494
1194917082
198446818
1653449780
1685884908
1860815088
494153265
17350474
19884434
181944245
185711615
840618132
391344693
389720183
75271256
620019300
262827953
93399589
68397531
342582067
1700992040
16712327
185128725
75234792
8301552
701031128
14220219
558558735
2987351
1334478247
1681473961
454234551
1662671880
1339241294
1543443434
759000115
1646240263
385640353
1581034482
249409863
1629910400
1623104786
53781501
1037130846
571409580
104708526
1600548054
24812348
1583530800
890600420
385872321
1545240900
903872023
328460974
1481477791
289371013
179876826
1092765470
169892851
320816658
618883789
253015763
368997509
19645545
361191858
156777228
40312405
133734117
1359496068
127861457
90448604
211885777
41411726
83444397
1022224692
1483059949
245966166
472986109
211273276
574573656
75002834
1344203540
545907533
1481643085
1118850397
582718491
117442301
1389769544
48322782
1329005888
109005144
951816062
1456940150
140354364
340596963
464843750
17429074
52101350
92383541
373797591
794424775
219084872
13765172
121191861
628345914
38454215
257067915
150265940
220907597
18896800
342407144
388645758
1260641372
228761455
871991282
37439619
394284164
1379702198
347312048
319546011
1341414702
1363782084
580776360
1313557346
1363797638
15417945
99295868
203639128
317420413
893751974
87973682
625473342
17113511
1019189528
390086163
225039120
1095471420
471854548
288465294
1342645381
1264820083
481422406
1324030135
1320373068
423832011
599070118
172738274
1266466160
1310707237
120031318
1153070047
465385350
287583214
246991604
426488575
1276152253
519339691
1219186206
491190863
856326577
1251704064
8139222
395408651
15191814
1127788717
1267346108
297384096
414162422
184782890
99911779
259247146
6933352
376057589
1125356168
980262026
429965036
46555048
228409644
1224293574
51128085
321897851
594651025
417142143
245761665
323829543
29750835
302816924
1198023379
634832275
618697496
616916698
234686214
186229901
579449079
1122881612
2801571
211812845
198844290
828713790
415415907
23621839
286059983
56119518
96118817
1089035815
48037018
332961641
936904806
859626583
631224733
50687588
728299712
590137326
455665484
1139664583
6641892
1137656264
483329801
24672250
69276546
127556894
213050251
393868991
39468878
14424892
1097718182
1156181
18394126
567230134
189915008
129800013
1070557772
330584829
947424361
126082597
578365660
15099199
265939568
93933184
175369223
512185361
125703722
451998794
154154360
22609105
17903074
404896248
33893121
68360963
555121714
295860420
957595478
254035452
213017690
868445204
981225696
57284715
847453560
860888472
73394268
957304758
244222965
110669703
934075428
15440232
48413636
416376292
123210204
859849098
261237954
943259018
171092976
943983216
946525771
216422736
966319542
47620013
964562558
77454645
135270566
418836363
285286623
889645279
798764178
388188318
134816219
619092720
546054240
78707819
196961748
6831802
368226845
110550189
601028515
119252611
15133690
445263178
75507060
7366862
847446800
546082388
220634508
266728686
557048288
891959719
98410957
105512010
90048502
617143
30480305
177650136
77002320
23449094
83861740
383869958
191584559
888967387
843454274
512238080
877428871
271131739
559403754
37676258
621073
44112567
328572340
870533904
25072552
524173524
723021318
405777742
52750250
143542394
520653357
775389858
101020535
11512162
13981242
437393689
541856809
279956371
401344066
289372158
94546008
816948990
218006153
440664127
809715606
137793439
362321956
200199922
184686082
106408587
561065197
19355698
140579525
532553176
14836659
631241014
524258368
45626991
726085622
559633590
244256151
564643788
33688811
202126309
147964509
520405382
633791047
236768170
590105412
39984876
407723335
281065293
415441899
625557658
622704691
16294577
124165079
317360287
534134749
338982348
75312549
19443183
599611221
131790019
15255220
587736388
52010896
130936130
609417600
80533340
608382543
401817158
97467734
123917804
360792762
73164939
77252148
24715707
129845399
585651632
524673382
61218477
237202175
499097612
31443631
11719402
437074139
52400848
296732883
125984803
105098053
501885749
372963643
595105232
274019691
83407425
51138534
119048849
549095452
92602276
149063824
88955170
580741369
576190250
1657941
577029421
15631840
522353137
19177286
566262900
271599635
390837362
291621295
184686723
376105669
23588187
25517339
177295687
57643122
75240590
15891145
149036837
434351824
242259482
18097655
540825159
126251351
177344177
515833347
377999601
14159631
45795468
182754674
231374928
438625793
182534097
120756217
193665177
19024159
317647291
14330959
25297021
6851732
63092787
498816966
26223700
53693639
402912545
23412392
538075674
479754067
91541961
21843141
189501005
473996456
222114433
525857037
416995396
350445653
417791655
454402246
526367545
212740448
242700854
188411214
412123491
117361084
390808738
524127195
70228527
187171813
168821578
134433524
74480543
399389127
343862630
417051383
503507295
360647323
12963072
16110896
33491046
131485420
312561616
47348084
248704421
10161492
376821053
448027506
327423685
352998234
15045170
270932058
409155288
111338773
132100089
62553762
15041728
481209427
250559380
78285333
479346176
44954020
474748471
304985223
20497437
140090398
20116228
454310498
467813369
20319217
93966147
282043277
282012873
275113540
393606805
15494859
23599962
235533977
80629558
157275505
366703828
436515723
436531389
425090604
19059617
13463792
113892250
28354090
240722276
15997450
143559488
288858391
420591885
415598551
271013036
178665545
413938383
14233770
137632351
69290710
106386592
293395401
397134920
210954876
14597927
156639865
35021405
86329248
236328435
6226732
393481267
235552504
14646569
82409901
174133783
21763843
92838930
123200314
134547725
11088492
371406699
381414620
243579900
277359862
260968686
48300142
29946962
104536458
16088889
259666467
270886027
19558615
46616951
291680884
321976765
263604365
14152066
254570526
263056902
83538375
14645718
47710875
41362639
82290916
13429122
