2303258174
2507792768
1067353618750279680
25694856
857295874342486016
1070047332
3076791965
716996639488151552
767112384
955540580955840512
41122128
1079167468571148290
359188534
218492375
1389317498
880409474888069120
584070484
870235378871148544
1187717223210782723
1157661228891815936
3353127743
852483087275630592
143308042
535437560
2834256743
1126495315882926080
941815611541385216
168918859
739129288419627008
1206923486108803072
823109723079798784
712203030079414272
1000293497365323778
27508146
390233819
2303856248
515066573
257757365
1125748842035593216
1232348108308090880
1235229371394412545
174722632
822189523207495680
45550994
3542812289
747055898
81856402
946151815
829811897935548417
73934802
360014220
1232672703062081539
126756449
996178225758965761
4246212499
17366511
798676078592139266
349864194
2401903164
921720194
105590827
223044036
1080518363279970309
1030229609692811265
31547881
29861866
2785597477
126578626
2222155096
38279076
710193707253948418
1587534164
811462406
2209394976
177695119
750600476601774080
2724597409
1106049446691856385
1230705835891781634
4511929815
456168729
408143504
23046189
855958294938099712
14299970
294275945
41586025
222150724
985944131028639749
37193
2333917390
127255698
1027890949853085697
2608216442
1139150461599195137
1218241456076460032
2545016067
1172509674299711488
1549209552
223987120
735954684981084162
100827532
1073388199
21177371
1086558837321203713
331961006
3356084488
1382304337
911468162260127744
885151658245861376
14629263
1161976892
1276770116
1203023509380882433
213317753
198965749
3381586313
348698090
842913089955774465
2728283653
391317985
2158171155
193041181
2214566114
1046602053894602752
3000185672
1934099412
732577561688068096
14399585
863264277037109248
616875244
51798900
892973483159822336
277468200
22260054
2307900112
1189126856810872832
6039832
3168227518
376059991
77987273
295837706
1044237855877464076
14351134
556059195
2392176762
1215321996830990336
549556092
809868532515270656
1214867879675469825
1022088572332007424
1211077586601725952
788376378714521601
4721012178
2840786109
316413128
239151801
712310810932936705
4519490416
164007444
1210994177179172864
292352077
558460050
1639889605
100075676
1206847142628855808
943855774253510656
2211120535
137488499
2714634352
1116773708570349568
741956977
1204824997073698820
1334779021
50363816
15662021
2432421012
1284058508
3290129133
38796604
1500667399
143197395
2457285319
1203663200656482304
863679222497370112
713008489719865344
266762558
1202173810167963648
1120723496932450306
907955678769065984
390974334
624133630
273776370
80250475
715445287347732480
2199659064
62418804
2967178209
1192178435998781449
4202940148
115806053
465938779
2567686548
205276657
4243297643
706483155436335104
1068841655984316416
753858934524575744
2954798433
17034301
2810559039
1195298739524534272
829472447061704704
1441031840
142026857
4034079677
151381806
4891950371
365640245
369720430
603045114
875924594468802561
47469478
1134918657698652160
959424245490167810
2990000033
1078757552165408768
1195761799754342400
938055192221765634
1050012228483776512
1183729007096946689
1968716382
194575253
380527795
1189887448618328065
895921649429602305
1118966136735924225
883346844440559617
703210339693961216
140672254
582273332
51145303
790875266864209921
1135153827223678976
2836564485
295018313
1131831402763313152
2425323122
572490944
285268642
967717944
1155282499309846528
732551694
880044309747302400
1253515686
988108494707421184
3317693716
376831266
1190629430110162945
3296626600
414943174
124808532
884745562146430976
1138797360975306752
1148872497124823045
938494633478443009
4916083686
1262930954
424453710
364244689
1187720238701268997
982971805555154944
788105434536214528
55876525
1186992073205047296
1138045904630497280
20502835
994382748247785473
741653561314922496
1179447535087190017
1170448946679951361
310714574
3293205675
1471584990
1071049989483319297
2504655211
1168500748797317120
862645760
40634313
90631790
253246806
1036288237659201539
1052394057484431365
2319349641
962308623723528192
1178606825186496517
1179346712667787265
1045315102025617409
2706695786
862831980177575936
1156864631467642880
1045412515
71697102
77256928
1109429181266436097
1178031758454841345
702463997954674688
40481779
1012148673923313664
326706254
3416359102
308520123
1158272334
847808130100711424
171271650
1026956125030084609
2562697230
101005899
874622013800886275
101526864
100458573
137019259
756385474856484864
279084729
775711443404619777
785599463184211969
3099116801
253479394
3119965684
4179227134
1156425368133414913
73701384
1167166647519633415
891029184902037504
15686478
954470050727153664
907105045874860032
54810620
481909963
2215287728
74761019
956590380
248534008
494776159
19116133
54482107
623269836
1085624395891130370
999375133121839104
730438775130705920
261651684
801800735482662912
248872621
1112504326059147266
1388112362
15380171
505733478
4850253903
1094608003817443329
1243148846
2167201254
2969473642
30028887
764149201349386240
1046090642
36761972
142775247
125325214
196145892
3694649001
1124280852521861121
834542012
956786506202574848
417594962
346069550
844630975028105216
1930060628
14368584
217464316
20662908
126416000
365572619
1014318741700538368
120151894
1103815540596969472
75350463
1168984041862893571
219944185
253412938
1133824180263280642
92039349
1731832298
3425309927
793826235675586560
2873187046
15940287
764041058
811081735
888164636
734661080715255809
1165314053641854977
1166047166554607618
925743650
74379532
300863315
742584653731794944
82574094
606240117
1123291994661560320
564593532
1148980152019275776
3307430155
2345532612
59044451
1051497940009840640
431693451
232942450
1153914060003405826
1586604308
16483060
1041710250963812352
36317153
1098134400527671296
741389941389832192
1096486637482196993
484418893
1145814361711218688
955886522099818497
37803843
36053523
283044256
4594501650
873774410
1152547069263056898
2254324292
1117761021438038017
192712524
1154305961827459072
997537012344279040
129847976
121618146
1013870336952004608
897279190524981248
1665580856
627446768
2243591245
941018171955466240
1444468237
101800957
57725439
173910626
325050469
1638219037
902654355651923984
886933561638629377
859085395
1419783056
104729030
262074800
126841404
441311583
1149663961379463168
3368908029
237279906
14682030
3409170484
398100183
36409608
751708440293175296
1090645654102331393
134120586
590006445
3082571779
1005105382023421953
829107875633049600
117357223
391624104
146398905
40813700
49695027
606193743
3226848944
722007919944929280
2191303739
1148901748943331328
1147951868091518977
1044937544209760257
2873529995
3320792903
116875364
3046086729
836102877365989376
878308734602285058
68340540
4869834339
3354999513
1908277165
3418341688
926512204547088385
3397791
2414938182
1083864750117707776
892006500
3863291697
558455231
754517918
1114346021507751936
1139615259176636416
24298794
1139979717849673728
2845798764
3291546188
330588903
771392881336672258
2380944854
1089221607875375104
3744653845
877868908757299200
2924184020
4572855007
3342954622
6606412
190503044
348152742
18409794
423847851
1342917127
2184556843
115969666
274201494
3075273392
476948564
1138116130940342274
712322592720420865
1584499134
434394704
71759599
748241041019527169
41787529
974325825825845248
45303429
1133109823560667137
95763032
425238081
3066840847
1310373709
950739938974322688
904220789859373056
1118930886777503744
251367234
1126586961236566025
795965382326677504
703696303419736064
868404100936945664
211122578
21812316
329453407
1134823421500637184
1115624891179458561
328833542
755077970457493504
2805496556
92526801
1069297356510822401
743317668
1122728251036557312
700161847
4183015948
65863799
1060570788754059265
740591212562948096
18073232
2876657352
29183975
23010579
1125745201631322113
1124393826871795712
2343031489
278157149
1722573750
1125304964690190336
767399191
1055434618365767680
822097837995552769
1111920541
956913255183732736
3016051375
724629243045535745
1128314766840291328
973486593909633024
1125827635773308929
3224401
3776600722
1033085881203273729
898040958037753856
907543369
94910867
858781736
109463738
94556900
871201608834613248
1409253486
1031902310052425731
1125886031230898176
428016970
715276533284356096
3092381638
2778112415
711054356
334461893
828915258211303424
15157481
881733699615707136
304358043
2160220768
127449517
1950808320
2329156807
38308539
2181735444
173330451
1086401294338641920
152566684
4892431637
66619153
409188484
191951266
3030004444
919129111
2282282899
1099687641539403777
1093304542928797698
5693432
918192386429341696
572476928
1485767712
307570221
1066079210
2647645732
971943779816103936
849571500986380289
14639541
3337818389
3279884461
4852134711
921269952
728279911048355840
766706816
207904640
1100419821043363841
769616000593428480
714286505305317376
60508082
101244190
3647683039
1113904068697706504
913678214832128000
921044893002358786
339870282
2561693710
1527248360
337709874
758541530
303308853
2665020530
38517804
3154153693
1039182970832084992
1116939878
19216766
973289130473000960
1112279657670336513
709858434603212800
920904384522915840
253539936
732695379288961026
948527720551649280
32283900
1332409110
846046596265496576
173865377
752192078327742464
722073536735670274
1106742604287406081
4344097883
1566929401
914843014551494656
1155631
75345274
930376408383270912
2507262852
71596667
992414980795457537
18896983
3428451153
371689817
991970053942898688
911278238416162817
1016255135637532673
868103080725884929
769674701211697153
1073288671342792704
1049618204614627328
931042575158513664
2252633193
333062934
1099294094969298944
112501968
1418310463
300545422
721829381207887872
1239258962
162189374
199338402
903507217
3320318445
1904357113
1066164163
1116244993
66843277
854078134102183937
1069568709533069312
954345993453162496
759405552892010496
14995061
38346831
475286992
46858298
238267939
995975741262221313
3362985364
532108678
960807860752990208
14118116
1000160701988724736
2728657237
94418498
3213333952
1960491
29555455
3457421895
357689527
1000596944824172544
189329209
373452763
1070606894677528576
237051167
816021435357478912
2875183165
934170774704934912
1319895450
98350389
800447204020219904
296895671
964629696418865155
3842811057
149162310
6275362
73403072
1912734679
27090553
768422235048599552
2533947620
83862233
4174206743
194351775
3317113202
122196846
73331490
105556785
998511141964873728
3004258054
68948542
3369278873
349555677
558592378
568603800
1166879132
1049214506881224704
862314906544218114
1041112284762787840
2229188186
82467442
2983087275
967170163702366208
1027585001708310528
14958887
329352829
855770413560975360
166979637
990643968252743681
786712676
118573146
2345878393
129399110
14193673
974647717111660544
948687702957936641
995746910291005442
906225547
4545188686
13580272
59846510
109636687
345606136
464636983
9071932
4708109019
941463643
3115038935
1409000828
718093822073430016
519943592
2337751428
3705039560
634009609
39387668
2832470440
160083636
34212306
2481513078
966448677828128768
816229960469856256
860851604731424768
492463980
61120178
1388042742
254016958
23146495
234141928
218354756
633596180
291518839
3327885427
318391302
2179114005
310855369
968776816340152320
165062058
993543662805110784
52940544
2870511189
1137897840
742379544309567489
39351968
969241635031781376
1617509684
591945759
806144843156221954
59655036
1045196157306068992
2241384326
174258432
2554061088
86300448
43186378
2206266896
74744393
1391209044
32538361
380945634
2173958762
115753091
415702392
895241283681300480
437982061
2488798050
815281692072177666
3091194046
634995870
894598652840300545
14094906
802130074271096832
454467224
1025041587221553152
1054430643348738049
1977619399
136243905
15500043
866781204
14757999
1011438486073872385
19700732
3184518342
948592087783673857
735627367926890496
151420991
955559863899344897
798911304278966272
2533357049
134017888
25728895
826401558
217343784
2435967874
305339799
1453667940
2789279406
966204377391300608
1012272470496292864
44361445
37707242
974328008
4015313583
15090415
155848569
304905021
933813147244343297
119282289
126196506
1041803355633451015
3234404271
491959891
1031086400769282048
972018746708627456
2899541234
909713085354643456
17887541
2877855699
915130449344843782
177319515
408513513
14299332
487440914
46027761
2611807297
184747255
930036628432805888
1019124429010456577
279153549
913471170795544576
1580535385
934743954234531840
78865528
2382238262
84406503
4838484454
825820629534437378
2908502066
390175423
107434007
354879076
4416520212
952705014077693952
2650574588
88021083
250978793
256562308
130264443
1024723241137565696
1917266364
12465762
235698448
15903152
1022721227515817984
978924734296535040
922478130803200000
1715370056
2382676952
75831717
1024192600306327552
321666953
1309056440
752916253568827393
14052038
1023842165854797824
25859467
1022585088381530113
783664819467583488
2223719509
61190451
895865052472815618
39092173
1955602879
150046344
27699326
475853989
831838653286580224
6006592
2273310253
2720809080
764179838
124870873
2565129803
352726814
2532491503
2565648657
899818353706938368
66419567
100256197
940304770253799425
3125079352
261562594
1121364572
810440592631234560
725643611069538304
4675087285
2852518869
513351911
960966668
973608987001278466
936835012451737602
821795905212993540
553499534
394662851
88209303
308006574
1010655874073939973
14909027
231959424
270911629
75227025
74747679
2782755278
4766681932
401363125
1015516068717170688
2296494217
958878710379307009
1014818353859448833
1542778580
16019456
2423583841
309178568
88977722
620912620
701737024
877607959165108224
402714712
81178866
4107912749
2375644462
130791303
964088911
924929802410348545
2900669790
95383647
32090246
885799700
60901510
2685884460
143647844
523216510
264735943
99353729
2247685557
835033343842529280
2480650904
3012638943
1947432638
1012568059649970176
831471575484477440
52288736
224175250
16184748
254382351
723189142373294081
783921780733935616
169384914
226088003
805351033241223168
3431223075
267653323
823891815208275968
4406840266
714612211
719485676291547136
169565726
850121857
859902784346501121
522126905
158618726
1571967648
29217958
755517198102388736
66435928
2922364329
1870709658
770943875968098305
296664658
859485987038273536
2700807170
2810456458
286976735
890873712
59108774
28849496
959476728
2882951925
745875017263681536
1393814610
3300390725
1309971
2904360851
419281436
410771918
335823089
760222838
932855479
2550405182
720242111921041409
2572330747
14145371
1641065208
2916925965
3387393707
3355345034
789963081820561408
4004999007
363143381
847553566025887744
790726546197778432
196016207
903985255459246081
93556226
1364032286
78933760
1230095738
16344033
47332433
739773414316118017
921152217305858048
923513734831755264
3096838877
2801411814
1362264654
777435871654141952
868665666
69713671
774998477759778816
906831842438995973
52393260
368551889
61374105
2777544783
3315374161
128275616
2499847579
823983228432355328
1940849628
783636316504354816
980931485808168961
39952454
932283874868125697
21828411
831398755920445440
29447693
15254287
19429174
7213672
895582901839863808
554485844
826139157047148545
246199876
892218849696796672
3598640993
350453019
24328557
958375728231469061
2741402129
486568691
605248329
929276953
527596953
2872535697
2991896697
4065963015
390850308
236907703
126762692
830059089011040256
535209393
951145574631387137
111943181
127606197
327258156
148518970
14888109
538974303
3051574946
58277920
722385416729542656
701504334341734400
155000023
18603209
734578981954031616
2246313892
250903155
219078550
15724284
757676828664422401
2865404679
1353625675
84618490
935823614074646528
933004573056405507
932375234191216641
1245369026
2277101191
16004228
15834260
245217900
974561756
103516223
927233674193629190
105530526
893330990285959168
393334207
1549824859
741250029441126405
829365548068782081
2467794799
1852084208
3147397505
3044686542
750892662224453632
890829650733268994
560431626
