1114701838186635264
884294964
1185713110549716994
256900512
97540778
155896448
760751633051549701
1184238815977918464
712569956936916992
1120953425707986944
15375483
15439542
21557232
297870884
207203895
3066081
107765315
367017809
40832200
913421750997745664
38043230
1070010979185029121
1067060955979358208
16611414
19181194
1061624129621766144
290976908
592871843
1192957214
3405036233
2559296363
89280349
78659545
541058739
4332404727
730333006368399361
1610881
840894199637643264
1069056794
1534227595
155295938
2687283164
2808663574
533521303
2629165053
3107106266
133613636
225566462
2230369620
68422009
208161591
13821572
390362747
164651150
1278459644
1270489716
1179874664
19045696
712622732
214921688
