1035842622051508224
89217424
805258807815340032
959127998409699328
284333988
6650562
82363
29584571
116910115
1572766490
389454051
1216776920031023104
473043684
71280613
3410044971
3138616010
1222641804635447297
894131274
744384780
14260840
34698700
20034403
3167301
1177551219612639232
256900512
289302097
942544632898080768
1219800504
1084299482
86916604
769373268989968384
745582409257713665
10313032
17628591
110198955
1073388199
979447789368246273
14585205
231497386
157288608
40547933
29843531
491548236
192763755
2327742629
225452490
1206641395496300544
1442240323
13351772
1640328248
8660312
807835314974760961
793351
2185871515
598228596
384593740
390167291
1125114209178505216
1201645496152014853
104629160
84000178
808448594
203106153
17602808
118674790
297864800
19682566
1133359583043444736
1176549712243113986
970736820
7017692
1022112996
1159507712134320128
3355208381
14336585
14350041
1025991
54008603
56673187
110244676
2399911876
9463342
71762380
1133337944012599296
3089306084
354070257
17200628
815599480498044928
988565008186359808
44104818
17057728
84925212
456711049
388416466
14553730
151938963
143797171
1144693926957162504
70419072
4827749026
47412457
1054191402295402496
15943921
1122822013763059713
870698185429098496
2338750718
15079737
3937060223
56967959
52625630
139776062
46340299
31456934
245664648
196637145
121785854
270043664
901773635962195968
186174112
17433918
16130949
6562672
15723022
451145898
769603650180096000
224393497
169505740
61177267
12486322
1022089794900381697
24365166
15491013
774575
220698773
256153191
19338007
989677795147051008
27794232
23443243
3008589194
22246130
881288227
30190052
152740753
68442845
248953639
3303158242
3159116462
18121975
6440602
409332669
17309461
2801101543
1019893986205585408
9062982
1209499525
10720602
949121097135415297
860607863839891456
3979348821
737105405906542592
47995198
31252191
4034310319
40080737
14434769
69357554
35867115
15952841
822743748
23673018
17016750
255671152
58391207
127927950
48501717
15482338
14170999
14081078
61581914
51334286
