1003569695352590336
48689131
1047436356031602688
348698090
1217742690055606273
568564490
1042043860594110465
880409474888069120
124860697
474773229
1958390815
527796755
1897326103
406406941
1085897496465993728
354566384
18935294
434859056
239285701
754976054377345024
1006970414789259264
17473812
1232046203409444864
38828622
4275421283
1148641325547511808
607675779
73039079
3871826339
2897749941
474145944
2208454384
855389933661499392
567517353
29189930
1974197936
110128312
18691296
1202882949634576385
823237973462241280
15072690
385091505
2339513390
1549209552
296653722
2953853654
863832278778208256
96221583
524441253
2812817749
805126867116314625
931566669150998528
1192103719330037762
247263744
801800735482662912
1180159660126429184
2268651158
4545569416
1214925440160346112
1218178054071226375
71577706
89283858
2755147315
1571967648
1000055398697709569
823891815208275968
1004396991156236289
812589244929765376
392223127
2925206440
27898689
234836761
2574724378
1212225111220051969
1204804681286979584
70946877
1131257014519259139
1101131404929392641
292140816
891817792378241024
2599442545
1181999240484139008
256424194
1138045904630497280
962308623723528192
922845064707047425
1202776565412745216
4916083686
106353716
95635626
933869771153690624
251216823
3184371765
785180298329792512
285268642
1192178435998781449
108928400
21433653
540774170
1003495256367685632
589182828
175492358
951507542538162176
475638518
389821884
69559777
1191599707388284928
1067704569378021380
973608987001278466
631266495
840988322407284736
100458573
1565623927
821629886
1968716382
803164922158915584
1164005874
42232421
37406217
862516978937774080
11880352
414943174
94556900
790875266864209921
2914782592
1185823230587654145
75350463
293417657
1137897840
1033085881203273729
130792689
1181634036629987329
95273309
1186695823939297284
2447642182
894482529931202560
54331822
809738775450554369
1091367812315181056
3428485468
1184214241856933889
938055192221765634
217721349
355083982
1849742131
1184084678602563585
993534477757485056
752490270105694208
25297021
824614141549764608
66094588
610995109
1111740249368076288
392912527
1092374271509319680
1477950534
169384914
317965625
1035417413586694144
973287633177796609
127606197
775623594571337728
1933736952
961203209854316544
961415796
2217460034
235985941
1176861275411898372
3300877743
103427407
2851298441
32696488
15351839
864519286810914816
4099372576
196145892
580053438
251827696
851461955562897409
190033308
274141211
911084513379237888
1115624891179458561
198464515
336675896
515544669
1171182379479785473
1162013659964608513
252227871
202440450
1098569775062626304
973486593909633024
149162502
1168196214761938944
444577154
2257090156
937694817248841728
1134609998980370432
1500739106
278542212
902275671942205440
329938161
3376516821
978830641524592640
617889291
422781117
25579348
473489012
993975986717736960
215998260
579209216
14898705
82573468
2873187046
1523747005
53404814
760094405369946112
855011828669325312
1054366461374939136
2150859030
1909185565
3291046983
2205978287
334660979
2190741803
1298602068
1542934892
257598218
3023916441
322103845
2446887116
228487019
407397114
1056022554
904220789859373056
108989193
1034898673921130497
262429770
972338522
306954122
465938779
185723728
869096568271589376
1143927426877206534
950739938974322688
746344914225528833
1065134626467794944
1629216979
128804246
909713085354643456
2198358416
277001509
4572855007
1093578051542241282
4284834612
758906846
603848764
4863651155
82396043
749153374919155712
768386760216805376
992738168
1600995199
3641471067
1068390524
4669435267
1153747373627183105
1107642826408501248
82574094
89273994
1155536884589899777
1126847790901022720
595435782
4208405834
353860007
2325971057
1586604308
303068202
818403285778497536
1150054093139795969
735037901231132672
961628034662092800
89055120
2875183165
39952454
613835077
1045330614923284480
986344013824516096
1154305961827459072
919505868
1015516068717170688
2868136207
966930575897473024
2303554286
1022585088381530113
2813021412
3847623678
25895783
722506920
121817606
2815435245
1060640948529577984
4438617915
1451780329
3694649001
294510068
65666740
859485987038273536
439510353
1148381475303280641
3975299597
21812316
1409778128
161410873
189172089
1147859643638566912
3246167362
1042468362918522890
295018313
785075392847773696
1144620116119904256
886231
1137074821488095233
1135092081511272448
237051167
99353729
973187889575153664
852232832726556672
379515849
1580535385
342582067
36123888
704808885
1133109823560667137
85539709
719265156870619137
140735113
195802419
495425905
225175389
722158591877201921
748241041019527169
171005177
1117761021438038017
14291056
330588903
45303429
938494633478443009
606327450
1536665708
281577100
1376400336
292987458
700161847
74959454
1715370056
219244327
1130814645818806272
524827769
1060570788754059265
29183975
582669593
1023842165854797824
1219653024
72587513
1122314163383095297
78351642
1121100730553851910
266246862
295837706
751148918
16417300
1109429181266436097
3096838877
21344379
276195566
2217734281
2821111431
257682823
906225547
1965099246
913629075419299842
3337818389
1118905514887401483
499097612
57276576
3414480081
854008708233396224
2778216364
38512725
16319727
1379682277
1091641736709971968
48979874
4552714514
3574950912
335823089
829811897935548417
77265423
1104619094
892006500
996303612702797828
1109482904856473601
567611029
461140968
961552122549587969
1060628967617650688
722186131891187712
801161988
831838653286580224
732695379288961026
701504334341734400
1116244993
1109745452830916614
958670282889289728
2889663263
783726517008343040
1106742604287406081
173865377
1066079210
1062118688869019653
462982647
722073536735670274
14334354
94418498
929112928476786689
3290979806
32283900
973955318987210752
802130074271096832
199338402
16284661
18896983
3989083817
270911629
827259977651720194
108881273
14286229
26065273
860412366323933185
3353338156
4702751894
808015576769642496
835033343842529280
4796017895
3320318445
798224149495869440
2247685557
1096486637482196993
62148436
844109224598818816
1904357113
78844730
125670948
43186378
21869817
1029121793993465858
334568439
357689527
16670985
982971805555154944
137019259
381118369
2367649759
1081394690405093378
788105434536214528
66843277
29077327
228561278
217425738
855770413560975360
2543576312
404842416
2748513836
4901707277
1633122344
1084354113717059584
1062834660630294529
4843651330
2435967874
359838444
1050008879407517696
390175423
1075730451254382592
2354282114
457060311
2975510977
127255698
1056924108246654976
325559636
74747679
532068010
973988299
3129224627
3890708435
1000160701988724736
1069568709533069312
873878090874851328
2845005724
3184518342
40915230
3099116801
283009745
14942340
56612205
973969800
1041854014973980672
571518016
1468376030
916171872579985408
1064480326624428032
409999122
461337585
4076308019
14351134
4062373589
424459639
74466305
92966425
906831842438995973
1057578334681513984
1011438486073872385
19700732
24026736
2927030483
973971864
1565094878
2635613952
1505113003
1051455852094210049
18991793
55179374
1037065946626752512
1048111062934069249
848050489661022208
1045724691128897537
52393260
46751719
3598640993
861154117091065856
156124269
2899541234
891860334461337600
299556150
3702303555
888506409838575617
40476869
987924553811701760
1818841
974561756
3852694092
49695027
177319515
1947432638
130606415
748109054183149569
3524205856
957629570735394816
74619035
15254287
1031929013877592065
768482879957590016
750738781351936000
770300597908234240
889061936222142464
468845902
710495684156366849
758566243280584704
235593783
926548750906134528
2441365442
279153549
25250587
219078550
231035658
3307351553
443734784
1022903262037585921
841301673574318080
1971740078
739773414316118017
19429174
150154201
568462808
1407188011
151381806
905033749083152385
964088911
237279906
14867154
524509414
3744653845
359188534
760222838
805351033241223168
1006183509143228417
906247644363808769
1318797181
176597595
556725345
156385890
140743800
1001234631751094272
874195109922955264
956244858758488064
909338628924624897
2994809134
2477250340
226088003
963501761636876288
98452655
976481114108907520
375754161
730663860152217600
2343198944
770627302950596608
64692035
111365089
986536899102887936
109052600
996325599458283520
742379544309567489
9589012
847872828267536386
4785979707
159238467
262818365
121881576
203422096
2788124949
621066604
703681967
2826131838
47332433
113052359
120716595
774998477759778816
393334207
276819143
4675087285
79974999
3253754380
2440258777
303128313
282732046
723788933721653248
42016359
907252300862906368
3236226470
225236194
2314296497
354221958
492926788
847808130100711424
2959515489
716993438521155584
207159888
246052443
253542148
2696425821
1477854732
716019497400971264
198973490
203631100
109915781
966894327577305088
227965066
932283874868125697
1946121433
6268332
1169402570
4529059043
567053914
2320192038
962547525713510400
29455688
938571711858884608
935823614074646528
269294137
722546777656848384
2301390144
112253318
469710098
954268419045646336
882514351567106048
2870511189
865434285062225922
3069464218
1279917380
55216228
406640217
4869834339
2935275869
19506537
731226453950509056
219145409
851193277084819456
944404436
2467794799
4437731176
250903155
949343301924204544
848521106
154615744
50958323
734578981954031616
5138661
55637275
1389317498
11963792
2586040044
947752259038801920
15724284
44578269
783642479618818048
2740525944
126762692
893330990285959168
93903085
892655536801550337
301687349
757676828664422401
15995904
795965382326677504
253754300
25843776
4872940774
750892662224453632
265460384
105530526
931042575158513664
935785700351504384
704455226120609793
933004573056405507
2725351
2265759702
14848469
16004228
3044644439
560431626
944347004
3323332149
859053665906307073
4548953541
383667592
856952755046449152
49413866
381957047
2154919087
633272965
1596212425
35838887
385864711
14145371
86834315
502826293
82467442
84618490
16019456
2814174887
376061172
829365548068782081
22326653
752383581893251072
98915540
169499714
216626375
4919444115
2776031339
747055898
443495870
2868176019
167797236
84004577
59108774
116091128
2629383321
760421271817650176
101308232
204703790
56764663
289888941
31947851
573847560
41116696
2302174415
881886274726105088
18121126
743405372526985216
3559287257
