122445022
2507792768
25694856
1043798586188812289
895497624408731648
171945600
805513613687586816
857295874342486016
1070047332
1151355039136526338
273776370
600797176
51212764
1199703991279652864
3893039631
56101005
873638847338475521
3497268500
1228948889694113792
2709084589
1230084949610508288
1172509674299711488
1240937176663314434
1041465493343809536
218492375
1338404659
1417566294
857699969263964161
468348280
3307261062
1239997411113742336
1237339108034347008
251313693
88027843
1193972539158081538
307012324
2387241097
1237498839671558146
829293108017954816
1157661228891815936
1238068049317695490
3625495992
636859225
14059451
266017792
2623730909
842177307141787648
50783813
535437560
1093858042163150849
1237667996933525505
1139045774640242689
1174329307113635842
2375644462
2834256743
1126495315882926080
1029304169381994497
941815611541385216
865579676
231195860
105910091
1124684009387319296
307570221
87969746
1250252076
1196263962314182656
1195331004589842433
1182394492973977615
1025785276730408961
629774732
822859884861394949
143308042
902654355651923984
442467332
2300614526
871808485167702018
282815200
1255498680
1000293497365323778
838760821303848961
234102029
41069942
165070316
932883418962190336
272293845
51896377
953947878
1045027128255950853
2280036840
320070079
1173657973912199171
1094859146
1134499152451252225
1223266711
911241181132214272
474089793
41655392
847496432
1232348108308090880
108201576
743431404051120132
1235229371394412545
14950841
1233435216666124290
174722632
1432419186
2902364503
845360700
822189523207495680
572587086
862309681406124032
817190209158873088
42493839
3542812289
17212696
81856402
3185671238
174439278
1202989783095685123
47670112
73934802
1039492482835394560
1140405260437078017
85272449
879875323785076736
1063894733595074560
148776016
1232672703062081539
1222528538487726085
970554068899790848
1010115087934410753
989916910593761280
993789585028190208
3181280472
966247966909575168
2730040530
14304710
788105434536214528
115739711
1913013433
2991922598
2845005724
225175389
1132436576796073987
126578626
2222155096
2975472005
745028936
1108498799754919936
3279884461
1012233591281991680
32354756
296734210
750600476601774080
1223798731981484032
233841306
386316421
718078489627328512
826401558
1230888381456044032
823109723079798784
1221802718609711104
37635522
1230466214507446272
187418589
330722673
988129597177978880
1229150447761534977
1224904418312757249
1169602070632108032
1186357725850148865
23046189
38279076
2380321226
222150724
142026857
2647293930
590121785
764785081084940288
2943486332
1222210964696846341
76607101
1226554634296266752
940344068386811904
1189175302947266562
221557649
909075644390264832
2628503329
291568207
176800034
2796674822
971375869758443520
760933874763493376
1218241456076460032
951851591761563648
28479459
1092086648211296256
711845298704883712
259331860
1223178659395198976
64854709
3131693050
1636082563
2239814438
905540966
33646890
121898208
442802532
886231
1223816327514808320
1277805942
1853293284
153158056
1073388199
16143105
4511929815
1086558837321203713
797866425511714816
625722067
921964510503567361
910532628465545223
4712615715
101711550
3356084488
491676363
23462082
75958753
827996690397462528
331961006
23668286
4034079677
1121391748050243585
8871072
1167830411277287424
271413848
1044570077989949446
25728895
249346770
907955678769065984
2915044008
1053139159651639296
589054199
257138676
1737336854
1214729229419646983
2321122829
1153664983508639745
2229505322
1115472325242048512
257757365
3042187599
78321509
63732672
1222517036674273281
2991842698
25602845
15204321
2815061928
885151658245861376
50363816
1206847142628855808
905167927
1148250846695690240
1276770116
213317753
585649183
250645467
1181219776082911232
3381586313
1035427629372006401
75503557
58796318
2868513899
1395579505
2496252829
3567333202
1158357768983764992
204452018
785250389029429248
1096891039489638402
1218286457124728833
1085188306927681537
86009358
50216466
1057577630696988673
187900448
17366511
94798271
1179939027346026496
358389259
4908180950
1073161966263394304
179601613
376772101
869484980916944896
523081689
719629471
42035200
17099278
808784952594665472
1902034597
2957151735
92223085
1025579907500441601
1164533269821571072
1182758500461666306
65497009
317177234
400694446
1009256944501174272
248796721
253499939
1321154413
612584720
35733148
9202502
63484763
75607596
2999629584
19352716
789542328700641281
860662986268127232
813950956035567620
21382739
49325519
245966973
66818765
870015787
55167100
413309197
242146981
4498642409
78832321
924796428215508993
1010184317467856896
1189324654495838210
151625221
979522812812677121
250807956
3309312769
132035698
886591279404011520
281319897
927938136
835709252
2214566114
624631399
68772329
1155163627931852800
135785513
389986431
955243876704509952
195480975
918019398274863104
742943390
19696908
817775986729242624
94928858
23735583
2800705539
120510049
3011804639
1207169726280941568
2894244093
286976735
1161592698295508993
894160058539552768
1934099412
984216972618551296
4571517035
1111636551228948482
4866175114
863264277037109248
1138491744079753216
2203330990
2905624932
87332906
51798900
2332216194
1098990484305862656
218522977
223987120
277468200
3547593449
22260054
151813788
3219607674
2599972052
175290204
1484912978
1202899182962593792
7237342
1019530905633935360
989080950
433964451
3297531311
1729536043
1129846453126533121
829729224927879173
989977865931448320
570691394
2180511132
900460381474365440
1203106665551269888
380952844
3266286745
852344970891710465
1217490174738866177
35927327
319745170
297328498
805387516295712768
1065643968346710023
1054011210
1174317640468303873
232970235
22568181
2925628729
115753091
2283771
992848340
1213381164381032448
1082080010771619840
376059991
489218084
1288362313
295837706
41586025
106102425
1117917379978199040
811996461797752832
3242080279
955136339007164416
473263232
1079711631242940416
1125748842035593216
2392176762
81951182
1210564728004571136
1134459596012171265
1215321996830990336
8647102
809868532515270656
1020212525894373376
1120767857300791298
1022088572332007424
2828069280
549556092
1101907598998159361
801646298998784000
1194609612323987456
754031378950451200
1213786178563923968
1921567207
239151801
855138162125012992
69055997
274735614
712310810932936705
807231572495781888
910883679706259457
2967159043
347066360
1161002240645091329
4300093283
1212426711918211072
331169623
580784870
92785090
3353127743
1114346021507751936
2901818404
1210994177179172864
1190666335988125700
988662185873244161
175392770
40265341
1569650100
15662021
770343097326645248
1185289937068781569
815169124322201600
553412903
2545041925
965555212537638912
1614507745
1197211843741323265
708750288
708360074016608256
391588165
1176304450501300224
16415611
1047033070275178496
218558476
1115979723581079552
863832278778208256
998217491884269568
302057282
2751806106
224029838
2221004379
1639889605
77442727
1202559268634927106
2158171155
265494348
1203079969108365312
943855774253510656
1428219692
320608347
115806053
2897749941
2750427137
2714634352
37870990
1128323410218618880
2277196087
767306828
1116773708570349568
424353577
137651972
58096190
460986166
862314906544218114
1334779021
2545016067
1202266000214888454
826795181974380546
373939366
969556124671401985
464632166
10814462
250492538
362541612
111578199
75007226
149912395
117687753
743083397988376576
2411718253
143197395
1204404088181538817
347536519
1194792421118246914
2933519596
1056692921859215360
164007444
1169664737426231300
1142805575375314944
1162484306062794752
1202897009734275078
2204062340
1032002515125129225
740944596
2271829824
788376378714521601
1061646079882682369
831981564
1099771031290593282
117205672
952580967994191873
2199659064
1161976892
1201300701869232128
923691412666880000
4243297643
4472909133
394572442
4891950371
1200602075954122762
1746954571
10967812
101463274
3369124757
405167596
2954798433
52234689
20496989
168122037
977931685
199338402
17721235
1140965416988229632
1019378103678881793
1441031840
57433763
573425149
20391913
1196808121747853312
227998218
2979652581
132557026
365640245
18018137
2967546935
1046775165550497792
1062020126277599233
78935538
603045114
984361555172184064
875924594468802561
2540847192
36034664
1102700093591965697
10784182
778547520
1154754932039389187
3075778559
1458882972
1160308371989209088
1144268822213529601
51380018
1050012228483776512
1183729007096946689
3862680976
44375909
19536668
1097980379699408897
1015680894663909377
852483087275630592
136408591
1410190320
1670132846
140672254
1148609128006397952
3869498103
2552114780
51145303
1135153827223678976
1632635971
1160187321238429698
944231
70679266
379171739
898040958037753856
2887391531
2770138752
1155282499309846528
804386912597372928
916384559457095680
1253515686
1191017588144275458
1976763326
779317950541070336
188839854
1941350029
1051839409585352704
1160517484597972992
1123738810276356102
364244689
1137322428915494917
4519490416
1141981743152603137
35844752
628398695
223099074
792754171158167552
97882888
988981011093438465
269455000
2967178209
1187720238701268997
2356701938
1024296440770768896
1138045904630497280
996832631693209600
152346540
1135162782511443969
880415902960730113
394268933
824739782727188480
1183670189902172160
747162249651982337
1033801632079904768
1827861788
846131399270846470
1179447535087190017
151681444
292402877
138222192
2790263000
310714574
308006574
1440886406
790533556892295168
1184444838625906688
22898491
862645760
748868519475965952
1095085929281122304
2768883504
1182580888330067968
3323788169
1036288237659201539
23458760
982333327033090048
3245951193
1044874087980564480
1110937264060813315
105464431
144868499
75965553
990337275182624769
1937978154
1003219782349590529
2952467152
1182339423981248512
3086457659
144782254
1081055750
1147962908590170113
2586402277
1079330639525031937
704648112
1174909198150356992
962308623723528192
1178606825186496517
1129781905602297859
1182806982354333696
308528996
3700791
991635529719574529
1049719167534927872
785405479228960768
2920282893
14557297
210813234
2534691003
2953159073
1163285980616560642
4873877531
1138526462942859264
1045315102025617409
2329156807
366198326
2525803543
1119528680810844163
860716338
951960446
102683171
1170448946679951361
3975299597
1060864585
71697102
77256928
853712738224406528
1158804204338569216
61055660
1156864631467642880
1179049026643058688
1178031758454841345
97687398
1034898673921130497
703843771419484160
26120077
353424716
1156425368133414913
889765074394533888
3065682268
256446342
248872621
1917680526
896366375777841152
1028164389155684353
954430813583695872
969713198449410048
4363856175
245193655
1012148673923313664
841219954376622080
723529331700568064
326706254
841955070384181248
556059195
144188597
104099164
308520123
547881634
187641505
1062609375435546624
1392462955
4871900104
1178670644256530432
545061661
49442134
468920604
372806711
1076265673
761363839866712064
1046602053894602752
2186228077
554485844
964075067691937792
2562697230
1110976719324884994
934768443877941248
3049205199
207283971
28528850
398997849
710495684156366849
3247078302
1059890567948263430
1175140640532901888
3099116801
187815361
998675667838488576
32283900
3202308903
1082469550229151749
711471206
439625883
548928168
897449288162267136
339466554
233250986
184193373
756385474856484864
414943174
968665034837676033
16534741
1550217337
1084330411457540097
1171127788461547520
891029184902037504
101327874
48997174
907105045874860032
4698012248
235367572
1084932453133926400
160227163
248534008
1243500486
911537870
1094608003817443329
736937076
54482107
1093173716475891712
903197321055399936
1085624395891130370
1733993412
999375133121839104
1174066479345651717
261651684
1038098888966717440
2549978671
61508722
317246674
995746910291005442
15615670
71341327
443303008
550920637
1151430277
3110368151
1127961868704808960
772883313551867904
1173151735843606529
125325214
324458317
251586332
2728283653
992401169506033664
3305209498
324074474
334198864
48290673
2237977869
2167201254
2328598922
346069550
1171759126004867072
59519514
2617417546
126416000
1080518363279970309
910953595809361920
200142500
862844773375365120
316413128
33033935
362675901
737310750264418304
903322727897071623
258440542
2788859973
266652562
2706695786
955479398018420737
208137920
1119497009004797952
1138822334423412736
925097763372593152
779287181823270912
1605374798
1169687495799443461
1518081007
199429208
168918859
126123313
1101575938708553729
42612553
1157727955809918984
1016719331420508160
306112134
891609553502060544
45565875
185182370
1168984041862893571
1158361540543811584
1146744817491304450
728531183080898562
89378676
3195530090
740402780540702721
235026456
1168500748797317120
471182560
219944185
21705842
2230347670
17656270
1163945007176462336
368869257
14112083
3425309927
3108101729
311355919
18191577
3426897713
1166964214679969792
831801596
1167166647519633415
88651169
12104792
199269756
1018298306630438912
1069297356510822401
36761972
888971388
224538982
67347761
1040275779408617472
230853386
553619199
3958521686
15901797
764041058
811081735
888164636
969943139434860544
1162413022444318725
446043077
1166047166554607618
1044018973652611072
1209441564
3964548552
374420755
23938727
304144128
1953297788
1155226415907758082
376364648
18786082
1079881669
71234717
970633921607192576
519912842
75227025
977899618750160897
32990114
2163164798
4794983586
1125457875428466688
18671177
82574094
26087075
1073288671342792704
178723881
3094488874
1137480860444348416
1123291994661560320
608314164
2845782749
1163200782340100096
476948564
1084462938
30470554
967819384633856001
282671614
934616832811642882
1529597803
1148980152019275776
1093222720987291648
2345532612
1024585904629972992
148917627
811315231947419648
184097589
1244340722
810618104929779712
450913010
2175699042
59044451
1022894596345536512
75345274
382377918
192381885
1052394057484431365
1039293436661256192
1153914060003405826
498394401
573015258
1586604308
1159417954204889091
946730804423557120
855958294938099712
2975376741
778800386215845889
4436696897
16483060
2886965962
1041710250963812352
36317153
215619304
1098134400527671296
117511138
2402338537
1108509854002339840
716213
815944365449314304
311975129
279153549
4170090014
129847976
484418893
932838569948995584
956555314807164928
1318615369
36053523
299942719
790680199142584320
3315324666
283044256
23454613
4594501650
939183456055066625
1149033606398009344
538403772
1180084963
2595732191
796067281
1148455835120521216
753206672089284608
805944220066398209
1670401616
536567786
1097183214181933056
3306992047
2795583106
1134062404969684992
1137236091503882245
712322592720420865
45767372
434870788
458441098
267589781
742584653731794944
1139961216816885760
2254324292
1100812595228041218
947735533404540928
776308874739679232
1126748383056502785
464802395
2582330244
1325683975
115092587
1148456420918157313
42303649
1006488016158937088
192712524
463267597
1060852756028776448
1154305961827459072
997537012344279040
1088733476247953408
2753232592
13421892
397231775
1353463706
732310506925654016
2217734281
93343530
1087911805391908864
555020970
627446768
584842022
300863315
1148477814477393925
1444468237
3963982865
1153291451213725696
937810910143541249
538585336
4828439794
101800957
337213424
391942954
57725439
64496701
737997821299838976
4616390712
2528925553
1370308758
1638219037
2216609720
3886543583
1139615259176636416
882111665529122816
2563361521
854008708233396224
31062098
1148635812856307712
625144731
940171049458720769
1148373785952866306
1148722629706178560
25393648
301272345
189191328
1101540504766955522
1143819128974774279
69116537
248143248
715777691455254528
67154338
1409000828
253412938
232942450
1475188322
101005899
835060025936654336
941886614
835542435371618304
1549154568
1035859120035979265
1148872497124823045
76923523
137213477
791336873700438016
14167183
104729030
1114883024552910849
258017768
262276452
974561756
857745858158354433
757499103332925440
368079487
1140358003993935873
824927169029795841
69227084
1945469546
923984409837162496
262074800
700161847
4145616733
1010498049058201600
1125745201631322113
26430854
1186202364
229792396
2873529995
948284541625683968
2409001651
31677142
1022675009783787520
441311583
1149663961379463168
793810702079258624
2559498690
349650802
921102364240515072
724601313321955330
17934470
172708408
2599385011
859657190
3782035187
243788676
916511758201868288
588704988
1044937544209760257
1137084631763890180
911981955952103424
764149201349386240
1116450066112360452
1083864750117707776
398100183
2797431115
45824392
165401136
185697554
91127621
924446670867312641
751708440293175296
1082979266541830144
955882038091042817
134120586
53831508
446569030
3082571779
1002297455814291463
1886300706
45784325
105909935
829107875633049600
990109473199996928
960595058801160193
1147889963196923905
1555988078
1036331583207354368
2240342150
862707846462541824
99907121
192726967
4810471528
2383849117
1483099190
24194295
2954980581
425238081
911957047175974912
708594718255484928
2794167683
1148562608322166784
23779718
1099979087123238912
1065134626467794944
973934038254698496
1148901748943331328
963640782
902847004606427136
2332135298
150688974
1148886385304264704
894164862
1028657586730659840
1008069724612321280
418523315
286090553
705872286239186944
967721054587191297
1027106068596502528
309852090
1852882494
1111991629
139720537
73167112
2801146452
4213961833
24537620
878308734602285058
776541216
1086011047511842822
352348340
1959198050
759662018483847168
68340540
40813700
132011268
4344097883
548399962
2184556843
64049701
725919426785071109
294519002
21395786
1055183028392222722
2990000033
11497782
62418804
764018936572628992
841190394
130539908
462823570
954022352152645632
323257968
2874558256
1000855773034024960
3292854943
194533175
625435985
733327572843515905
17634179
1112507833852067841
54779884
2801252524
1022402798183477248
17550862
396203407
919299659797016577
890611701493714944
297748709
381531076
189172089
859085395
240675832
1908277165
1491123014
75593029
63106543
1137365985491673089
3397791
346320631
1064161986
18760734
1133547355104530432
2924006571
10256772
305201900
4820804277
2414938182
1146278157965770753
903507217
229617233
271634270
2860433838
112511269
1533139448
989546785013141509
75350463
3101685242
558455231
3007443631
1618466749
188360288
719209102933499905
924327958751432704
951707748
328833542
424408635
899211248692318208
232504317
851684598
19937269
194575253
949283156225650688
880290498375688192
991113172953239553
91867003
1142476410575097857
1135996045920481282
1816391731
515681396
785599463184211969
330588903
763240056
144832175
1124281149486821378
890931105809006593
723860808036409344
828018015946043392
817403127980822532
731464175055187968
949346198581899264
1139312222264598528
1052610775720681472
434394704
1138919260133179392
1099694742596608005
1045282976433606656
974325825825845248
1131910454123651072
3246356105
4344288797
1728787710
1121958429692694528
925487717282172928
1072386522
111132067
3008517696
1121236564271685634
721508514
636716418
292352077
45452558
1126846492138983426
795965382326677504
743317668
868404100936945664
48463068
331182178
1072073208239718405
1398147602
388207783
1382992946
235261861
959424245490167810
272842556
47218404
27699326
724002468087009281
829635773691527169
258341053
402633067
831838653286580224
2873681752
1859644038
107396432
362908341
582669593
4202940148
29410850
138534477
1111355911350730752
1136012116744388614
1048711683462651904
813548912942415872
1047808118435053568
1002868508571635713
755351925302910976
15686478
1762248738
950739938974322688
1134823421500637184
1027933223278583808
2805496556
2344129716
148885832
1001847004140593154
1093196851359170563
1134087258397728773
1107600495558971392
879251838305959936
3029032707
140291649
1485767712
51097196
215988823
32750274
278157149
922513421026947073
856163760859488256
2620245419
474145944
775747826819006464
1126830828330409985
85539709
408446942
938494633478443009
920737969
1092060278836117504
90495617
1132110858627084289
98895636
3598640993
66943837
861873514252443650
1122728251036557312
15340176
267307873
3029524234
727310366565244928
4377557412
592501633
355279465
365386350
1085998734159302656
923513734831755264
1101042024579510273
211863041
925989238189019136
277901495
161182490
751165759934562304
1011865461422772225
861395312
69648469
18073232
2876657352
739149338
1115624891179458561
81624303
979692248756637696
1124393826871795712
890405820
2278794943
1129832216547201025
6606412
4375700177
607552255
14392901
767399191
95955480
143207675
13831552
18155468
500564553
3308496509
40880222
909492010322669574
49322678
822097837995552769
1122314163383095297
1057961151504498688
3152062444
956913255183732736
575651882
926512204547088385
1012444081
2682284000
21704370
1125827635773308929
567537377
1259749446
481507046
1594279106
83911554
109249140
171271650
3776600722
878093447273623552
251367234
15095613
93507355
858403246058164224
979993721742782464
217580050
138103381
14629263
28602661
1126586961236566025
356942090
428016970
523324991
126841404
712002642952589312
1271103720
232183319
1653264782
1125886031230898176
353638045
99347779
1011652583340068865
120816884
108165439
25220849
711054356
77987273
147121342
19811577
1950808320
345609141
354566384
3032345062
868103080725884929
3243349785
726138309005729792
219330417
4892431637
191951266
1093306304578375681
108719750
1092552773592367104
15940287
940838371907252225
14103467
1052334860642054144
14712107
2994809134
1085897759322984448
3795983247
326666046
2963688074
2900669790
1114541744656461824
596862449
340640966
143948644
1099687641539403777
1656527838
910106475103744000
1030201352297824261
262679842
439347329
52697739
5693432
140757340
853839421
798467339062747136
190179815
291890944
910275394015817728
179253834
269394117
990589734924644357
918192386429341696
172675246
748241041019527169
6006592
15160866
407244049
866355496688771073
1103589562486538240
880044309747302400
415983364
229564414
14259734
94910867
2778112415
83514757
177994741
1111264524156448770
722146306567880704
767406478730854400
1096821166659067905
446727342
1096486637482196993
2460651483
2858619915
3428451153
69261982
400021253
3337818389
2895821985
104117929
135961674
1047861435311767553
1068390524
117357223
342604327
361383284
41731386
988940083
791804252
207904640
928376650797948928
1114172981654245378
1100419821043363841
1731832298
26720751
165890661
1117761021438038017
236554816
719865592258379776
66208721
769616000593428480
1633122344
14209719
1106523116
50124034
141118788
1449538302
707250331814662145
335641770
60508082
575242664
220454916
2218575001
531384722
799210940
3647683039
1070772196388298754
913678214832128000
927928456855343105
147262617
88731185
1000128541642690562
339870282
23776856
1038422334548463618
1206473059
303308853
734592163
3322459368
213181423
2854636416
1039182970832084992
4044637947
1055814516083064833
1116939878
1114528903308152834
20260000
1111707013162172416
145237373
1049033272754409472
181334153
885073003674992642
741154694706368517
314845003
1113469156479750144
3249565141
7433882
996178225758965761
2307900112
798676078592139266
833543270
1097572460243943425
276968857
4764574554
798926232
803473584551100416
100075676
741998231714828289
868601332982218752
1004962160
118799492
483307777
2919819041
468133901
2574723104
1007366423595843584
92330822
1065026609240072194
2727623578
1105636921756340224
1109827346381635584
875276333592571905
1109745452830916614
118426938
582273332
1106049446691856385
2306388445
930375724699082752
17725123
40428645
544281093
1081527235125882885
490284041
200062637
1274872207
2851639594
78459415
3226853798
1106742604287406081
408944267
813792081172975617
606327450
19095342
821389085864509442
1050436037632245761
211807376
3154153693
13598712
1069900659049332743
281431726
2402014591
331877221
2199421213
954259002363441153
994203176361328640
371974097
3741354209
2478065851
708292212241489920
1093500699416113152
595286659
2585282131
13541462
3296626600
331616845
26662225
930376408383270912
411215096
968468900869496833
772177369000009728
2214097639
246888795
779756002220441600
64316206
1580535385
56291065
2749184703
853613770429562880
1049618204614627328
965755667200884736
1236726956
15257944
798224149495869440
83862233
615592590
836603178959388672
1073690685407158272
112501968
1040143453705916416
1094919129969184774
610323
2441693930
770264370
3369278873
947671695816560641
1095009870305218564
2972592068
2362570112
1048000341608992768
241012205
152564001
2791039583
868573043874029573
1066164163
576157112
1061033078
991970053942898688
3334261125
356287303
635518217
1440738030
4697440136
36445181
1097211418032640001
2918857394
966204377391300608
854078134102183937
870605305998135296
241807596
1056024360442507265
233748559
718776816
903976497953767424
18330087
5405512
955776341118504960
1054940897211756545
1027459902858391552
180480003
1660773732
603980531
1002659384386826240
219064994
3362985364
300545422
250998451
18896983
1087021196
18667311
1248655314
751271033282277376
3929637676
53438257
1092516522013143040
1029913429
1720066448
532108678
967170163702366208
14118116
59127153
2647645732
951169512925097984
1051455852094210049
509849786
822519831765229568
1086286600714084352
864791528606228482
337321190
1089558730214121478
1080373731107786754
1003740471687045120
123905060
44996419
376127830
211122578
1024853829123272704
1109882088
1555151772
799315435908907008
1116244993
38346831
21709050
797218427970711552
373452763
121804311
98350389
93601981
1084374216693239808
53305860
153851852
770965463631298560
296895671
15452166
149162310
34260029
1085191382917177344
25859467
979705274993905664
896639467519221760
371689817
1912734679
83696815
16305667
2533947620
1074053096828035074
749475707651170304
35179636
428526720
788438468783382528
66443679
1022447007896678400
1000596944824172544
884794643619213314
68979983
362998454
21812316
776118512884584448
94896982
997138255719161858
307393396
62355366
615463144
1077043315969847296
2654182764
1083447030893236224
4923056817
759405552892010496
135584040
1070606894677528576
1061655036034375680
1082664046602657798
568603800
271065205
844630975028105216
2207840180
1073323083170238466
3069584914
2185035379
708396011
1916386849
89607240
50477598
1166879132
421637677
333092591
196349045
88891207
75899955
80397162
2540832512
543981616
19700732
986344013824516096
292543297
900237846
1066928411694772225
4794506954
982076064397574145
4558061
3697434814
3364079261
9735202
2532148986
992813829317853185
869080379608764417
4609703235
2677992763
1079227401467584513
786712676
316382193
170793415
2348301866
477692696
121210473
1077697652295389186
111166277
1077203582250876928
2345878393
60901510
1420842806
1076462793430319104
3115038935
2782755278
976418851452870656
1002754575336595458
2354282114
490618129
816597795557740544
39351968
124837956
929276953
912663271
2886933512
265030322
933658775076196352
16728586
521604232
720214362552537088
464636983
445555872
216471686
359188534
2337751428
749268408
2210358941
512895129
366244774
868775301463060480
2608779027
1180314332
457994194
1069568709533069312
2851428611
421280460
41317825
3173460448
2481513078
921269952
1011865096975511552
1283919318
738920963836780544
2206324623
134686081
816229960469856256
754976054377345024
35621104
2939324062
61120178
1388042742
170566045
119157442
1071049989483319297
254016958
712764558
56366995
855770413560975360
285551560
23146495
65666740
884774818465423360
2951908043
4916083686
1023321503209803778
234141928
3387393707
218354756
4488384014
4371274035
4120985057
494438645
810988785739689985
9853742
824693878422958080
776001306238517250
4187059888
954360159379382272
708357787508740096
1901220008
2588261739
881814052221136896
54455706
989702908349366277
204985926
10047242
27186708
1063873186478080000
998511141964873728
303299594
829837339962793992
1729898162
1036268764436811777
874622013800886275
49683966
1281012907
1040189138262220800
933150925
212827723
1000160701988724736
206016191
629399145
68664020
473041711
3214853734
590006445
1018277822542929920
2752014070
1004822188107550720
1037857490644422656
1064547502463074304
830837585622634496
886449899700662273
966448677828128768
1021107255356329985
789056936067080194
945309599128629251
1934997678
1021502492981514241
897526350331994112
2940736259
806144843156221954
329777677
1010151737418608640
11016952
1062620884433813506
910139318
1062623554083135488
1059974385799446528
94418498
968776816340152320
153726795
932692072838123524
2379151669
744190535578050560
1104619094
176938366
948757150523736064
1750153970
1449810919
499476803
36681138
36548221
4134001360
1137897840
964991380798914560
283515334
1225866163
348599195
833524636709183488
585319205
1295857088
1008889656191025152
317495785
963868525294219264
850342206577758208
191428112
827260120878895107
9530372
742737889809838080
131411828
139861761
1041112284762787840
14441750
130151919
1617509684
376775124
42015609
845060591500845060
11963792
158376005
1229240521
2960149205
990643968252743681
755712107728044033
408513513
84592576
2206266896
451260166
166736696
92526801
82364810
361733025
2544131821
2497979228
1055654976104656896
114703138
125621019
89283858
703901988766011392
2488798050
1053019923738439685
3368908029
855369567304130560
40036220
105107000
978627252480086017
828915258211303424
40458142
4183015948
2742894479
712598138901643264
365572619
893039571394580480
1014156201477771268
1344578197
991676946491887616
564777731
2300495568
3906041850
137632552
1025041587221553152
1054430643348738049
1054401354800816128
901057406188367872
36077891
1053270528415416321
26639274
136243905
1042688984005206016
1342917127
1052642821415624704
866781204
2382238262
174096782
166030592
50175076
44361445
2399319962
15500043
199537969
95763032
97540781
634995870
633700365
37748912
735627367926890496
718371139983175680
1651665374
2370798012
86300448
1009082481696485377
2399546512
4521557776
708225732732973056
2744148717
151420991
989175831812628484
249491663
251786093
134017888
1047491064368717824
132675814
92522992
1034733787031199744
599700562
858004774372876288
217343784
74860873
14857764
1045684788252880902
992414980795457537
317965625
897640412004970498
637268587
297915861
77686244
865241485427585024
781566057945391104
1045067504480079872
974328008
4015313583
844373765635133441
1046141939291181057
859053665906307073
1033963042768211968
817469927363932160
1045723955368087552
1352769876
2626047054
437982061
945293675701026816
196145892
850121857
38407927
970699357149265921
989035658
4796017895
18353044
81752722
785075392847773696
926548750906134528
2880601650
41771312
93775185
1043939155359789056
89552222
304905021
129771067
591133467
933813147244343297
443070952
53928638
3266733445
884253117251858432
26513384
224101935
1281115543
61833122
1359886196
35992399
910624024841080832
700008674
183415330
126196506
1009632509703925760
49693991
962275734931861504
472880026
1041803355633451015
5931762
3234404271
470962371
819175705087016960
972018746708627456
73842221
31805620
835505878820339712
539626735
28317466
926333181380481029
713458177174478848
1037669752204754944
491959891
107005645
34593313
38796604
46858298
735037901231132672
713371128845172736
811239588735909888
1252607024
2642225938
736189299293626369
954470050727153664
217464316
1512758058
44019622
17887541
2877855699
60906404
75908507
36752136
1038143971825004544
69318044
877868908757299200
965469422981758976
334791797
885019717433425922
763894852354347008
390722263
999238686792404992
1035774955294580736
1036594991467048961
1111398612
1036369460372955137
781283385872384000
1035604757350686727
1035090685223940097
1017662107444269056
920904384522915840
123002218
14299332
815564595574214656
487440914
380715199
408367060
880018787579375616
46027761
1025766197491642368
2289819648
1001305814978641921
1031865041350344705
972893099319013376
2467878368
211113062
1031477190913867776
925288380878876672
1428189362
2611807297
2477859290
21571946
2838613512
1030434580443090944
4138014887
785762461987155968
387824700
228484254
403329732
525781563
1004994777073373185
113295978
891871634
3291546188
370855297
773573846091825153
31278810
979265658583121920
807563374565462016
237517036
198048481
16061930
995580526537904128
328430931
2870866578
964125830883442688
879777626029555712
2999368819
154793244
17583158
177425559
19940239
2510049044
427259199
385740838
279084729
1018142654960291840
74494726
2512873376
4207676733
3307541090
30871180
847553566025887744
3667683077
1027454289461927936
932281953742704641
776168757613953025
3091425670
1017985038980403200
2464400905
65573786
460762051
256562308
976442558414032896
958816975567933440
1024723241137565696
2875183165
12465762
3873717249
4637131758
703571724667908097
868822922525147139
930550404441624578
177695119
42375455
238522875
786236044895150082
564593532
746344914225528833
1665499891
20578638
168491256
560513188
3368610088
752916253568827393
231035658
21290014
95069708
249498213
983402245
791719318320979968
1023842165854797824
126488567
4925177381
23935538
1022721227515817984
96279099
846046596265496576
3128384108
35463122
828602049868730368
854923926018945025
2543576312
1022585088381530113
785625192768806912
42488091
390175423
1022417517992714240
37773464
982173920806617089
3152326272
942211105559949312
452666665
368787991
2223719509
874037091629498368
529929255
592113914
374971370
967880862640558081
2180105816
229969811
440138503
98533305
1020673984390664192
808696831676850178
1566929401
2532491503
836406681437286400
1243148846
3334828595
47949264
991897508623331328
315993987
1020308758365450240
1100388908
3091768280
906137965725929472
2242172270
99727228
454467224
790983768
287173976
2401752447
394101555
2441365442
1542831918
234268719
2677388395
356980946
1010542274428719108
3184518342
4545188686
936835012451737602
88209303
964584354834886656
267593300
721607307545702401
107434007
83064557
2663926374
979368666474209285
897522797123186690
271133970
361332002
3893800997
1018036004203220992
988802288570413056
1930060628
877249735320621056
870334333197975553
958401385732681728
114057786
220529839
62060128
17432163
83393491
1003731877361045505
1017363769633263617
35038449
1017143014706184192
102161699
1017072729516720128
3125079352
907543369
28297622
701347323977203712
2664108726
2296494217
958878710379307009
1001808087886548992
3354999513
2730391948
40960699
4175087607
732217484972048384
93237386
930207541161877504
1535102286
116875364
401716813
1015516068717170688
104736753
262998971
459555604
2535389053
173865377
9475072
3078989194
825244669311328256
134519416
3360482757
806983891705888768
560652449
27669787
73701384
53214914
933604655170498561
915130449344843782
969256969377808384
261805981
3004510880
249470402
1857353400
973287633177796609
275884760
49390005
334553913
1002924292567326720
249322838
2423583841
566452545
620912620
789963081820561408
724308764
1477811
2654417848
22838969
50575429
165062058
527596953
839511717822496769
2247685557
846114552165158921
333471022
342536651
4078126581
475301365
376137830
339021332
11094142
95383647
891286986933317632
305339799
377578645
831471575484477440
3356518798
288551988
952378145520234496
4022535682
2480650904
773592691699490816
33860910
419185498
320517153
302651102
1818841
1012568059649970176
166986914
812916565
280570180
102063160
101341718
2891255595
2802843016
236641004
2970691647
778991111763271684
2916018974
955540580955840512
14185151
52288736
340137512
1452812479
145177098
33671484
401363125
2558046720
726753373429575680
224175250
950407533033934848
514570445
20109456
1525358192
18228351
1072094977
397747263
817773937
938571316831105024
2785681072
884569282004344833
1279236668
2411967800
80428539
72536287
927461804405436416
105512484
1005950454671568903
16336127
350361923
3188368765
195816506
746154863814414337
3653982203
335921707
16627640
816635599
3434693241
4121876782
636953
904220789859373056
196123851
164746615
2362469199
1167806341
16184748
470842247
456134688
20064269
254382351
404107193
834542012
191572021
172507196
503154580
106756332
284600797
999842025670311936
21344379
14080668
17906918
455894480
930036628432805888
35751609
1058778044
1460459298
135073914
19115732
244526805
1013481272
86587309
25241916
843015379983257601
998875612025630721
762132127177596929
1008811538059268096
944495127095017472
3356038379
19731907
882358328986288128
38859751
1009066747939512322
3258035171
780192104
1454114618
4866132263
4172817117
1947432638
468811543
1172000479
988920586750619649
2781050449
2685884460
235698448
116994249
521851227
1099186016
462870490
127910074
821010873443553280
1857184110
20890395
391624104
2505271093
3711754337
3218879970
137488499
120120843
1556386574
250042946
241976839
2635101344
719485676291547136
46008041
378221680
229905951
182754674
334152980
17704540
2815950346
975786175830155265
3253724370
730294279696945152
999276569381228544
573025439
992210434898907138
559276262
4690833206
237832528
101876684
36602303
787916342376689664
2340527012
1003165003904499712
37097007
342335179
823891815208275968
993040200
14303171
1933439244
108881273
999632836956172288
996409834886004736
4822409638
1001862519546298369
948103112039989248
2582857229
2237122358
270247418
16737124
1557461126
1281193802
505006346
919356922926632960
359838444
24867004
954582751
800447204020219904
1000475327657803777
23242773
1974717595
946352003457859584
4352400735
56227572
16082089
3012251411
352684272
2541411
822076965591154689
1386475080
372710787
116186894
301471260
131096287
939970163344101376
997835059360083969
4863177699
49971114
745875017263681536
2165203542
927175202999537671
1956337231
944347004
913076408502460416
917755503429738496
4823538082
808015576769642496
363143381
2202815731
781682880
1663749698
1071267919
2922364329
523216510
906150390370066432
754517918
161815794
1240280636
1876797361
787377876970696704
893531843441590273
472104120
236657925
3046086729
415880287
781813283707817985
3693824417
778799136283897856
843499634517594113
37116662
2557630364
2700807170
216252880
2846595424
14438869
851071465
709355866181476353
3261052891
977740982748958720
264735943
19429174
974647717111660544
582230582
462869811
983964189176803331
3234111028
4865880904
960351574869524480
979915604894371840
1362264654
952491875943956480
914297664480591872
932855479
2550405182
117632012
572670624
835919690115481601
601106681
54421495
546662853
184747255
988304169885978624
2301804396
1126377522
892615692436025344
407202238
1230095738
233936973
520676300
3290129133
1418111
421213288
29168005
492993689
169565726
928186185712668672
984815398762708996
771132868483571712
1922982428
944347317586612224
52940544
1074770804
4854092086
104467983
402204069
81316410
823004400
827978137795432448
1168201286
40626279
777798930
52393260
563216019
79974999
629960169
1682819497
944318730212921344
714985283490451456
240126837
249452436
1412148576
2777544783
866585485522685952
783636316504354816
34981206
362787042
92221473
15903152
84634151
555536131
120499548
261808141
44107701
474036616
760915289886322688
2985464775
2811677349
860202353575813122
868665666
452625403
3307430155
27955535
2959515489
4273226897
10408952
2836564485
800337514229690368
4912826616
313862835
879279125919346688
150285577
79602420
973608987001278466
805539526890373120
973486593909633024
3372623884
940488384916504576
3845529861
967772711564038144
14698049
98480369
839804970614538240
15254287
36713203
22658204
139216359
199127482
2511247075
819773201005674497
766123274812162048
203631100
2162492609
2357198588
957614162758197248
3199856542
3202054277
967487201566175233
22467617
968845751362244608
131461878
284205655
946084929728806912
314000143
793555018523828224
2635510360
2752350632
758748757
99159244
2941597189
11336552
964053815342243840
3024580316
54199732
800777785543299074
725096220570570754
264819164
334461893
103638498
746800928586670080
2322714780
961919730868252672
107150164
322341040
753529326
3869536593
931042575158513664
167522862
73175592
14941706
776888890225418240
956244858758488064
958860744157573121
3630851177
2494340462
961638588076253186
833815382427316225
758553995447242752
720242111921041409
96593599
721089036450979844
1977619399
822520668583587842
831963645693329411
90631790
122196846
3046189738
65414325
959240231684685824
2649382039
3040063289
959054801073033216
722186131891187712
889610184385069057
884598456215646208
887977031983648768
925400739131854848
221983464
835139026432757761
2464949712
312886283
708305890785492996
89485851
867121718246223873
954345993453162496
1858811192
780319726685786112
902830748834701312
3001349463
406769652
2651047838
536322855
2735946421
798911304278966272
952705014077693952
103516223
1155631
301687349
29861866
163145068
956620860365910018
2343558836
231219780
796536153717542913
859332874482442240
137995420
955794540732043265
734457714567438337
40952530
199761969
746107609741131780
1370857472
2730770906
700707458226847744
55150936
17463902
1364032286
944773816387080193
158450277
701428234441904128
2991896697
2245656932
838302790757699585
1557763692
2776983121
423397207
1679310241
3754470497
2149200998
30344025
725006657424490496
877365898327187457
3900399077
36672457
712027213709844480
852232832726556672
927080232791748608
236907703
231668756
950777012469288960
390850308
3026019059
65595258
52566932
53963585
367885445
606020049
117345550
715823209397030913
322189217
68089183
408382117
904636879265558528
222233079
288769204
275597880
948687702957936641
169183963
950423328774328327
127606197
795931251748139009
1627164620
927994071796404229
890873712
41676231
23123243
103672409
81187491
914843014551494656
59655036
948592087783673857
4345403860
175069523
565508453
2565648657
2842258707
249577597
16967039
887437154854592512
2325499655
102778993
3320673862
4108918632
586102418
2360023249
757140896
37839262
3092381638
98600711
14193744
3854935588
721486895860051968
3222604800
519294175
889062238715355137
876638407744786433
178748449
125315152
944702291558486016
2579088997
513351911
842854651569618945
3108278402
837559990558863360
3124430358
89965141
119282289
711895786645278720
2697806939
387912190
725643611069538304
935823614074646528
941404567937396736
629369958
294307204
446860095
35460946
349555677
381957047
888272125127122945
831398755920445440
3091323765
270853035
807247412217548800
482597233
750892662224453632
259703022
3038666106
799536840927825920
311640613
781605720
2435967874
887059884973449217
810433166192312320
218370986
59507236
936265794199076864
83964264
152965565
2243618973
456279015
2675177792
3315264912
1701823658
230403822
2886463715
1548335810
3070187416
2644596293
6483972
239325662
213724993
2565129803
225157187
25561406
835806679
117384204
14557372
1123986931
767729637585813504
724493468
1265287416
1365352358
892400694162063360
61374105
923736463350439936
933372320105852928
207263313
932283874868125697
3167026475
795235992
582834654
1388112362
933875912814104576
500319362
176847357
911262145198874624
742379544309567489
759409857103532032
1625285718
2247698478
933086173576220673
933385604833914880
866598352577867776
33178160
835033343842529280
757463743596990464
933004573056405507
2805604747
345606136
3122879063
128854137
41429040
106152908
237565945
899203548965027841
257475149
932396509735288834
932375234191216641
15988840
96573557
893330990285959168
802130074271096832
136925727
1158896238
930228801518297088
821409503736373249
61516341
930074134817755136
49608011
2586040044
6146692
1113079957
137526258
57019803
809461400
136820934
243885652
390920226
878034803026673668
802882883111231488
2525581
120665900
339954400
225236194
772601235325132800
3241022823
918759740116733952
2688273217
234407054
739062054754111490
924103811458785281
14719025
908950206863077376
2819497018
920638151491715072
2656299584
281175729
56893721
112414166
591945759
3590367319
856208296663015425
915142213067141120
322495330
1197960900
3374138973
918694688281862144
2549838792
1055694698
798136760
41859658
127793358
69878549
93210652
920863228141465600
369125475
231908712
814933
111873703
375397320
880011945725890560
908659274473246721
843102126
2417278069
389361357
4876896573
3705039560
8311872
18834117
920564921867177984
1572058764
3159013185
1053516696
818366244667748352
337033780
14626203
65340656
1417832989
14450209
193041181
1937258899
2784123889
3253754380
1419783056
716727928587825152
506147365
829441436739330048
776377781483634688
538055016
212126858
358043941
704680369812054016
107293057
17062693
13743752
4242520577
917781536874868736
912221092500197377
794534308048412672
47983023
7561822
770610843042000896
712272086190972928
1548895230
327430793
827669434118578177
3245290260
1079953903
3143396517
410189852
915636622342762498
185278120
312948491
22157682
806549269582909441
901108962086584320
66136628
818355990
3891607936
4107912749
761255329699094528
3295866697
4082677529
398315508
749957726546034688
895241283681300480
217439108
87211790
913451640975392768
3374053174
952032715
33242339
867755575672807424
912729456476868608
909497947670196224
2913267409
319038326
17505966
2833421958
2194899314
896627770662371328
844327366239379456
838904924675125248
374101219
907959475193004037
77463039
774998477759778816
877235959083003904
1443891559
952271
331204947
52094149
360803104
3258625502
826864386
901895237785845760
909855638376853504
906831842438995973
739773414316118017
765837009999060992
902705152276221952
232795299
909740137889722369
847545839211790336
895242257745534976
1500667399
908846161649442816
827607979612585984
23051272
14148482
758301113661595649
16019456
100795496
903907999621812224
3139305314
840860792421531649
3148759416
2801411814
761034518316797960
747399734936113153
748054097077633024
907756995893133312
90088030
94534735
850028740881068033
2419033884
982280934
176608663
895026516496703490
72215777
1254401624
43252821
3544168153
802089598671273984
856690234960097280
2875113880
788280502125944832
906799779778318336
1328949324
14768330
132747287
3026932738
30163254
803525989364023296
3569251935
4746534743
2827440362
76545296
17216859
4757473295
3296279346
866440803270492166
313597600
166979637
228250390
917734682
378704531
130433881
96996316
36631567
814079773
1389025596
833006801243172864
280624416
2949582959
32913689
134223616
493039624
212933044
34039629
2673153325
3354721047
975473648
25037006
141010061
3863291697
715877178
14555846
1952975701
515934802
2680126747
1584499134
54570563
2443627428
241812546
400629994
737058861006213120
1439272374
51232377
25103459
787579181827760129
609668620
2222212855
67960177
803550121203933184
42308615
98792382
813495747865935872
82534544
2593554955
1241814552
2777471661
718436410093674496
114716810
138074483
3031253003
739103773
28160132
88476877
320750462
743782149589917698
100366610
70187373
20156989
730162224011063296
3822493576
1412118956
133173020
82363079
3371336771
3535064414
20951859
2537414108
18028021
3948344480
397535840
106438334
2412334885
192145972
904199570690777088
3020396769
789249687576379392
23622967
902191040173674496
242412544
16004228
4361928854
1585054705
902509716533891072
6268332
925743650
46295991
201292742
2303258174
194641668
2939252733
713985997
900425380175241216
852071277162618880
24514075
817298322868338689
1690868335
882514351567106048
1641065208
1309971
707950676
1528464589
2187344461
55656093
296545428
716440118987464704
15422617
2973406683
752224908
727819240489799681
777505366825402368
328439695
2429091232
118404262
61773783
474823395
3666513149
895582901839863808
148116431
890829650733268994
895591511768813569
735089363026083840
368551889
830059089011040256
894912623271137280
2458684194
223348930
2983087275
124849706
893571337578590209
877278595
886290277836742656
4857909722
891748059998281730
868226517297500160
3236708672
890283198588092420
2504655211
106618656
886031138195722240
82467442
1715370056
3152656170
32538361
885067940638412803
204044387
717263660419313664
827259977651720194
1434439818
205276657
3435307737
869530006183190529
1596212425
1948927500
889521415384440833
2475884912
294988608
22921909
278849221
179084639
53318181
846651252033306624
759927446972030976
66435928
14095645
173330451
1695588793
71549190
56472746
16382995
887523883741577216
286854766
881887729352683525
476061980
800651291072397313
2925888557
175335167
3321739006
383301858
880743180483907585
49877495
417228193
791725057739456512
4722341492
1191219085
14351134
553564756
45459119
817810646
62687409
16344033
4901184795
536215340
14548635
2329345411
451754688
19907166
604721529
1404035617
773118223512403968
598767783
29604796
1331454242
734661080715255809
281393100
174525863
3351021501
16284661
1856657101
238528404
3846146780
881150798670970881
2548779734
750690452857323520
53026512
1517466942
74725130
1177014954
795912768582991872
2872535697
269109731
325799389
24893795
489561139
49695027
388640370
349996855
3064788093
451779932
900473359
2696657696
803277073133477888
1474553736
57595399
367976819
400578723
367058267
859704766141747200
329329713
2398600128
81875531
461781592
28001958
11295992
371938440
1570937846
6656402
2600092572
130675527
36875861
98708962
184543773
13567742
23116322
255437235
738207323831701504
323935608
20798392
192086031
230967933
45215477
91617077
841605995801530372
3252863901
82462529
722588617231769601
173267154
2638462108
22272633
1601260951
767802566998568960
41409914
1571967648
73725103
710053476542390272
106119197
769283866112716800
1309056440
359371974
701528295230218240
56855585
2695641107
2352602189
6039832
333115287
190111750
3246255573
89640356
4668836776
900317802
2322899086
52825386
19667012
3762838035
169809685
2208826677
126386286
1823987821
53318351
26558102
454292482
877123430
146803082
333760377
295501013
880492010301423618
1519035121
25196811
3096506799
246978077
719580545743732736
300193494
75429598
19379637
737228760
40848331
309330498
3299188775
813363694398750720
3306943245
159474803
606193743
720500113043505152
245217900
255087949
810440592631234560
876789258236964865
728969300766281729
2922240691
92966425
4791371
560431626
724533405485010945
152566684
622145189
877839216687927296
218325995
169384914
129399110
248453313
36409608
1940849628
39952454
4762056678
1088356490
872533823287939075
190016849
436255679
847823083507462146
2192847344
3304013037
9961182
89952267
51259846
2179114005
158715504
505733478
1694343865
25260440
2714529040
15155867
16017874
829975272959123456
257617164
15982668
709299897904852992
2494308528
2953731127
612939706
42016359
872335138121805828
1570081303
3169345330
834285348188467200
485174036
190987043
869287159035039744
61739052
35958500
845464952752136192
2865404679
4882136817
767554442648363008
350453019
454466822
787160127103041536
2902128603
818798281283223552
93556226
329359196
2174120259
861365603075932160
259884618
2872063941
866831227529175040
3099528987
300503632
15246964
453785465
1693573142
730224810
851015308919877633
3946225394
820690440617951232
1596400878
2593634844
744328644
849280231
835433399770824704
87147602
776204630749487104
332285811
1326645300
2168940038
1004279869
2810062112
61190451
1092867511
270710292
2574464266
3233885189
14193673
833544882203418624
156271689
2301973272
27330241
750147985430851584
1295422680
1927465123
774749726898094081
839825296958308352
857672864534802432
854676040521838593
54632538
89029715
4766681932
794217453811220480
3312900076
1624505732
569433468
906225547
771031736356524032
1600995199
835133232576348160
335823089
850374982878232576
2528727363
805351033241223168
48672633
851352476636905472
486568691
84618490
4568662641
40754053
267653323
1418310463
820308161425014786
1459873530
94636106
105565354
374659701
85295633
9863332
3093922623
750010358958530560
49413866
1666788608
70288940
800997735554052096
710279977
714604657704710144
67566051
794598888107708416
175572152
3287773746
752445341178458113
58277920
844132830850564096
812398912711651328
3347974492
4911181019
23568476
2766212044
109915781
844615763361251331
51829915
792105681553948673
557922483
734578981954031616
3029481950
12296332
45550994
781166432356671488
2753166459
361853445
835082784981020672
720552256630861826
79894735
2766559802
488781374
760222838
357689527
80108721
760558448119517184
505197854
835418283281166341
778473619357855744
1683092186
740435604970852352
829365548068782081
1254046698
3096838877
368237383
1735428722
836894576979869699
4126472945
877586166
263696156
217154200
367789296
98347499
1469312004
2795481396
13813962
28170108
42818205
4034685058
91608548
2828720887
252336607
3300246153
232881648
829514861738676225
322646593
83804874
752741253754810368
84890916
2459496234
3129011971
585583485
829811897935548417
792669135125839872
760857874364977152
819964347514425344
1114010173
1335366913
828603214996107265
828048140024504320
824907392215248897
21424540
2761056735
3147397505
94237853
314492994
481164619
38308539
2595635133
22476328
7967612
262429770
2960158983
475865182
277232710
2963731611
826139157047148545
1392826357
230806023
824367331610685440
822851102915891200
552767357
711157932394553344
601687797
819601778543050761
1830719179
1859357905
811242491877986304
819553187535405056
387359269
2380944854
4289114122
126082546
126762692
709032678213992448
347261357
289842229
353541551
2968046704
18328612
801792750106578944
752192078327742464
2791981354
722073536735670274
29447693
101798644
2891934803
307955711
378454293
989960418
4078044731
813469536359948288
793771796340281344
1690737884
47826854
811162985108504576
2956767550
156370885
3297928452
784888486813892608
3669391695
807690646358200320
42666193
15280441
4296874880
589782318
36184609
3336811103
170881229
20251899
3596154496
2343643404
156322375
801707554946613249
5412972
408888633
785949670858121217
800954908249911296
785875794002337793
302013086
14100759
358647853
219078550
957992101
476678759
3376516821
2958560992
3354752128
3088479586
477189489
1127496769
138283502
696315829282062336
76924181
605248329
198008272
791287437880360960
703259956330496000
3995001
91913937
92392402
3320318445
817733894
1674149876
3234960634
3030004444
1457669144
474565388
1324960710
1197842984
1538258934
146161185
37469319
714003031
522126905
4257634888
783014080395276288
73039079
384327395
155000023
102157333
3841527563
565427957
160897950
132845482
491456745
3293739485
881530736
78865528
127558611
270258889
781175827
771955203256057856
78052731
200498525
2293992245
389260230
3018841323
370886219
3193359335
87706747
3312451191
1066079210
245816989
237134890
4038219677
43186378
765493055180996608
3395590486
220350083
3014798908
4818147785
783366686833606656
87935335
7558612
137019259
77127025
760448766646378496
738790942417801216
770943875968098305
782275893888708609
383103853
138169679
153834772
441917082
546474178
320757474
78495301
781236013083533312
21828411
722385416729542656
2246313892
132054607
492463980
3091388188
2612129473
2904360851
131181946
2792512074
777930207508434945
751320618902102016
770377177296543745
772915843013414912
724505499513835520
941463643
757676828664422401
250903155
20520190
3012638943
2365564315
2330710330
2999992556
20611764
2813217542
756552196737466369
482324496
2494212979
753858934524575744
732501965070995456
2500190936
4145616982
214234155
17372544
18839834
1400489058
613835077
317084707
219325488
1420994827
296664658
965084683
15636210
633596180
857177724
1401507799
770490229769789440
1916802210
50280786
2995840894
37294789
3314811411
293496712
481371368
715688726563799040
3079929572
765311247189291008
1076954588
2522523884
3235052639
247978087
236764761
2665521
323729843
352726814
1727976966
66843277
166510795
40189989
448408740
23611168
148779346
1291259790
4675087285
309178568
45691039
361413872
2455763407
1907891364
270911629
4686586766
41787529
173972706
733211483430064128
486582290
124808532
112135616
4853113847
140772912
27696744
393334207
3374422992
197662233
418803806
91206387
219932455
411694934
721305489380929536
2943924593
128275616
553541610
9589012
3473906057
24096463
3229315943
4174102942
74670737
47919865
717312300529618945
964088911
2446051891
58590298
22929534
723189142373294081
17415903
457517520
3244657035
2360774646
111943181
1337030977
1631554556
3402736161
701504334341734400
237279906
14328698
38670441
2552813983
103819241
1904357113
389780119
269433997
1588853412
39950581
2988003075
727813255465414656
95359050
555031989
2216572952
20939204
725853633024151552
191029020
2331747024
2797602696
122451753
703425253297381376
859352378
493096389
19988870
3226848944
3377569990
708559276596453376
1222236583
2903006241
2802012373
3192402548
2875682379
722200598943309824
46751719
4863609262
4869834339
410771918
725021406468149249
290643086
105530526
1389317498
3307048890
15724284
600943290
198965749
308226281
166540104
1349208278
3367336625
534563976
4886662091
312295459
251653097
1412899759
538974303
234836761
37675905
226088003
4424820389
2226342349
84310066
949429674
112981628
4202469371
360014220
4798172883
4447292753
634644684
2467794799
399453572
