83745728
988780607747522561
3299730071
53831508
775773068555849728
8939152
1134362429704593408
16920358
2819790952
1214613375520518151
544273219
3300817955
72722761
14069393
29584571
891019569162313730
5812732
121560352
119965940
14946838
1231083003801210880
1175331685346488320
977112482
134414689
1136985507152388096
1229672656720605185
1095598611767926784
1206902976150982658
351663167
4523280976
264345179
1186216596005675010
73724257
1133337944012599296
1213403170950352896
1003676248491610118
22344824
983285068025167872
927133262
1062883500552990720
3200001
2361141498
32512628
1125114209178505216
8870242
135231261
6998432
1157972928354488320
10313032
877046059
256900512
1222641804635447297
284192166
3890756789
224653586
3064057935
1618431
110333
58148168
74129471
400441858
872449766931800064
5574792
827661113156390912
3350498457
38551598
246262879
900771635707424768
153158056
37030214
42927417
252227871
15049696
11321
896272124394049536
1164455502878781440
1214601108171169794
1148624248845545472
34262646
742686310666805249
1163929008368738304
390386118
730672240795078656
2326749248
123440295
1085313876537868295
3307273203
832639920485175297
823841944589783040
737510278963691522
24497309
21257028
45297280
2231485591
1202120061923708928
852146266930905088
187733092
1200110893117259776
1199720646869172225
1069564238371409923
200498525
41806514
348925658
1193429691744604160
376319612
253939528
106372434
250085789
239317520
135824198
1149326674267271168
618524601
3302542954
216377224
3084096189
283108103
1186639332238602240
1035988892
7037732
351927492
126118407
3739820601
31163074
622159933
760751633051549701
1178998050129399809
71675767
171838948
1015584500200493056
1073388199
1003944397707280384
1170778732568690691
1091747100868661248
772390128052494336
1264361426
1170450970142216193
632724929
1135786865745784832
1169517957396848641
1159755680632283136
23863969
3312334914
122455228
1168205047278252035
843320296706781184
3030988839
202087082
957962727913328641
1166982075024470016
1086590312615677953
3514624529
110198955
15656207
775757399739211776
1165167956856201216
31318889
527094727
830016422
1037209291
1066725859602632705
1163741512695332864
2343436488
2774217111
964016240162476032
3022827950
16265631
31456934
1012355031549513728
133359130
308603327
355084956
10636032
52475166
1068547920
34722403
94893733
14311035
386505090
67460426
433116137
1080959152493481984
3120873663
142923388
989145553656336385
1148986177778642944
207033967
18197477
2800689195
988465844
19143849
360930099
161328883
622718983
3388665549
1135180545489588227
1113112945502892034
277651002
14864615
1093100900204326912
39377743
110435867
1114845475
312881016
4217023737
1116684883148058626
397200160
7340612
1125489642277675009
962517114
241081108
210001639
14309386
1681422349
413898659
1089884508843843585
199013671
628218472
382489438
784407772393865217
616287486
618889136
138175191
531636485
520599240
46340299
15875930
913494466568359937
1106141693638782977
381694831
33173981
2450432070
3063739155
3736371555
841060904456216576
3068585442
745582409257713665
1099963638041976832
2225428574
892292314667905024
1055151640175693826
17365756
982443027493896192
54330159
219723542
908042492637040642
731914182178787333
2898301018
21546351
93434375
1090472649921163264
965638890307706881
110209268
753121639932497920
1251785438
19359893
1598700925
555226309
315454535
1031650526549757954
55059505
2525640956
824337439191891970
17057728
940176651052138498
3415311
1028840660
216735143
60475482
1075804155355250688
352473555
774575
289107682
110811798
1067060955979358208
148116431
153544013
2345632429
381202893
141306279
192688828
417748671
15438934
3407271
227965066
8363812
116078585
1073619496575909888
1427751732
394859771
69242434
1046013582410952705
92120874
1313604180
836955260887379968
1715967223
105619316
401885694
358761087
2329466257
300900314
170767443
932898811625836545
58967608
113007557
3082268925
781140547025141760
855552702822133761
1289421
813451060924809216
314354231
21467915
265930336
1056003633563619330
2303768583
102099663
1014049190593290240
137885308
821309471557296128
205912775
394674444
1003616379264741376
227928681
229884706
1045986072361136129
51164205
736962501020135424
2834703437
90863210
106411489
221033500
1031870573041868800
18374969
860848996276998146
628717092
899983925493280769
1044789780305899520
62103665
801425190605438976
745270193845374976
956875477280370690
2843195441
2160357643
116851655
106997697
58375462
69819418
1432771627
18726488
702647206562525184
1036154506705162240
19070986
2752690975
359934608
137457764
948284586953494529
130787220
3272004860
7446092
2551738556
1088809854
1035612826503720962
259716070
556162290
13452992
708836744792117248
77073780
10268042
961714446002356224
369840299
16558988
102991660
253449166
2956929964
40068619
974644346917085184
2270760943
12530452
388135200
17781158
16464539
2901406514
569563376
937433516438179840
3299519009
120821393
9366122
37911179
1018162111611129861
432589047
15517683
196599046
241818213
980495855831732225
1073785519
2615531136
177201645
418588499
6496232
311642543
795207442283962368
18674362
2362593841
114405105
3296854501
786221627306483712
187977156
3373812033
43510423
105237750
434347816
2863851994
3138327909
109527866
14372823
20688355
902972375465066496
2756479056
3804659063
975928270008082433
742944134378496000
830765147803308033
4030760653
703564890
138966937
59367706
889510895344377856
770263160804737024
185279838
823848359127642112
891060206033096704
4858563561
571067478
901773635962195968
2831516752
253449018
797541242
840277655308111872
503396553
91220535
610058607
274108918
3557862274
218182055
779032537037496320
47927725
19672085
405049811
1913977177
802073442837233664
2219678298
381749333
118374963
710553857793851393
19244527
313944515
3393986513
4445924903
424099728
935828191347867648
965328174728048640
142686479
4360440253
4858065226
984795067
778043404924100608
880012241877127168
2751499541
40865370
14262678
9610222
302486949
136634602
905689884890935297
132545261
2405417546
303469041
17333065
1219800504
21882051
208038524
289947265
2910652490
959127998409699328
374973978
917644224140578816
225782086
177788470
953555663682228224
314577171
75250737
392358677
28893738
332268497
2267192342
396115155
942544632898080768
6562672
2402338537
920503005253963776
14336585
929259222335758336
82952699
1469224374
923795083891171328
335758992
913334439974965248
488329510
915924716363354112
923105089971281920
211113549
13216972
2784123889
714775800
913420794197397504
4289114122
872752524729647104
301095761
3439280309
373434092
13531122
423443658
462775681
271887936
17298958
27193035
15088842
115189519
912788064082255873
762144638
33684788
4910745194
388291828
2411706840
435231444
2875835692
11101332
611257544
413269639
788294431317364736
905180649824280576
157702526
48843
908390021488549888
888357489959424000
325717116
118179075
215442501
481135216
35661167
1142170134
304262217
395567715
1474021
237293113
2378723204
2528079138
3952123887
116823227
16562906
875349400930983937
8958932
102846289
465656113
2571138750
888509028799717376
3674042362
901620098699538434
40721492
2806968349
2302878367
898104233018478592
198702639
1352549288
2395556180
23480557
863694001060409346
886988462322274306
250535644
874242078187954179
10325302
4163273116
836879759317610496
5549942
117808459
882717861789278210
243331145
873083553034063872
15982862
132153450
784552933945901056
859110129031159808
2775278188
35746950
252907811
9769712
21370983
7876572
17085813
628562704
352439277
404150867
849303668549709824
2540715720
811968745115701248
483382813
4874289952
168665212
540543766
14898461
964111688
770342177486536704
26836397
863682020987240448
2513334912
294566196
60492755
28188916
2499235068
44325212
20965661
7861842
77212326
861124578118164480
10206972
854745533952479237
54114888
2331312493
408084829
854668847806369792
725671020678549508
3304204121
775054057148907525
813836175937040384
704719237059878912
2797719321
188669876
2990893721
17439182
3193950005
270033473
378457469
801118821440520192
65340541
779627
187051342
144106781
809218742
633385022
302665361
778670262694862848
393297795
14911927
14238010
288229911
17046868
1373062374
71762380
389277333
3035240599
701858659995938816
3505902977
770333470476369921
138240126
4892223764
14739250
1669444308
2928153154
22399963
294101019
828361853021646849
340640749
19264632
52104057
17913998
1478871
3365643201
128130967
744384780
827540844190244864
372855203
127774379
164312572
3040464442
1855717404
62318708
138551142
814852349885894656
4240337595
1557763692
412233537
769004223564361729
16695645
38730763
150655553
822444234091483142
3408521
821839193701838849
334520055
2589972278
372806711
785548547362004994
905975738
1935611414
4725255521
69559777
126862524
808718389979947011
2696572512
370288737
710108049613135872
485003330
799236942080700416
28423426
632699796
9929622
548335075
803255421934911489
801534182249943040
2853429959
17559542
14724354
14542419
155896448
2588345408
60839007
719946115810992128
239708660
1932119924
34698700
242006989
14121084
3295586991
796821265327587329
89185308
17342656
1029222468
145593471
784137327400615942
2375775440
4033608695
263120513
7056162
761396027446398976
108111812
791070237949034496
5666852
1968883592
110244676
32650587
738545122426519552
6898072
119529050
3260968232
2987122085
780098197196800005
3222410820
732325399875686400
954034410
15005377
104115428
616827840
470203845
28920053
2648549317
1479588612
144558288
56076325
75265321
58487472
219833797
3024432505
20410251
3067472637
7506022
750499627766542336
9463342
3386599185
178246115
14685034
710818642473123841
128244576
24041281
166667340
767810525078155264
198639504
730772254536175616
1546261020
1530096708
528573964
61233
23061561
743073543919927297
3473906057
10184292
2584011
17698732
960429174
791300
27093292
2327560616
280130288
390991209
13611
2734377775
17676279
14945367
45091430
705694059692736512
1453169504
328428297
55504566
64668800
1481010043
15375122
3027910114
2231839172
734568606990635009
99729361
350768878
1077637334
4826704416
702226453132288001
413058337
729308619058057216
92261547
300980950
605619886
3064587723
368347110
1104347432
2215577376
547207522
4075185153
113465696
2353378285
424820624
273328149
3375807676
1084111308
40534747
20877804
49921739
15751438
5362812
117989422
82363
50962307
462963458
1566939476
783765500
29454614
713366963494457344
41486415
730452118637785088
2252416767
1035968222
74766127
12691112
726011054753517569
22314450
3657293783
190742803
267197904
14306330
1850339912
17735070
720594596397465600
20763096
35438176
57912723
531346896
25337753
4152669974
16361323
7092292
718910384158208000
441877427
1208675047
15704940
718049798373281792
29135599
397485379
290201046
16842651
710049774528020481
166964036
2233329924
239581027
16130949
2264718001
712410145590878210
2914021787
261488974
3687192922
19014676
4581903322
104616026
13667132
4578250416
498275969
2835167445
4823435710
61301205
15045140
17465603
2913900544
2609024774
3344045781
4904713185
2415841484
932515092
2582093204
15168355
2991903389
532200546
2908647866
696400514045583360
20395333
253587073
899574236
46168061
2316949601
173620082
159152377
4754476036
111586998
11437632
140517747
489840666
3595439354
9977692
2230209127
391375116
16821279
25146103
450846609
4071407854
54046171
3586160236
310714574
2923854781
4289247312
104618592
36919698
4782556100
348040342
192551928
17989924
545313038
4516004481
67661770
49024564
271336073
2800780073
2369849120
134050862
105872549
4642582469
1270448372
84311243
17518412
18902263
9648722
3761611220
1877714197
436886807
22474467
4070655041
8314612
101834541
4059767356
237737885
9050102
103394387
2769536072
254767849
256511368
16090551
11736872
23554268
882660512
38048892
364792876
27774054
559379913
223186178
6567482
415800577
103879980
2613676268
416339312
505624877
3345536953
38143886
61521621
3841172777
746056226
2438191848
3515256141
14413201
1074912314
1349220240
278730960
9723932
2147567872
49413866
2893267503
2414296153
14816103
3694070123
197193305
626443754
14879618
87914521
154492279
1115374579
599865946
39099783
10422372
3044827841
260340385
183706311
3528644057
3084530025
3331388607
153376924
3438752914
488605462
2772535059
20572139
3114271948
7506512
109086082
2429621095
3296249149
110589618
56823695
15300519
109542883
24477419
15327586
24701368
86480252
18050416
901045477
3365618279
2427177230
20260892
303666537
15005347
101280438
348301043
2362571310
54835129
4991901
55520030
800272760
3300294801
20430048
124068423
53923210
2874138890
8082742
11156632
270830858
192301091
3226310511
901818732
16600770
185959892
437359209
3130938635
3131149702
127781397
3121048281
1685938586
2739910930
2409807416
1628848939
10151312
112823267
1305940272
3033449179
473833935
263131563
2442900444
9473582
301565543
11200752
278969069
3069391029
18636447
1974863641
346524481
1002425262
12365342
455143656
2791268420
3008573531
189628977
3039689422
372742337
17627159
69496707
19587559
40720843
154837348
12486322
6265452
423540460
243380895
924310788
15926485
87184444
203825050
1749071
17825597
14421746
13027382
2850738598
507126560
2175629756
34515613
3167301
94133565
542413655
202592231
261665936
1884260629
2846455025
184923403
1959163524
2885457981
205465364
124036182
51164584
55039148
117058330
2889747026
169129420
2842870391
1070386242
14055926
2536812182
359049037
89280349
2829355313
466093177
47434307
17491107
40655158
16256877
322649388
14437549
308587937
1857735248
562926380
2603118734
2547694218
200278362
51448532
53778064
183575679
752133
88982108
147386588
45316220
14372621
543690714
481266440
428058083
15662351
12776922
2654828460
36104435
1439299801
480315344
25715570
10191332
48180119
217540336
2773111
157291345
1071235200
351810766
81552743
26288129
66948686
8180052
90300404
18797311
117727685
843508981
2276111
15579477
18836642
1092999679
22283639
1294186694
1333888208
15040566
334955469
102661351
870541
1309805221
141110788
15488482
9381862
58281279
7224572
1286116932
203666800
76056266
106377667
54927366
14509080
2423532368
2222012347
194353045
14270140
608232455
19876314
2807841
21519624
40887122
1249950853
458655380
157960647
47735734
2230323409
19583492
562811741
15108462
14750483
132633030
49016764
167169119
326050932
2210823487
1690197438
2217387641
15287607
62963
4411041
243137870
198194524
833983026
103949787
104295536
15200015
488894635
213234241
1586255240
784165
9680492
14406950
130090609
271318549
354071622
27627094
42851073
237630206
1600646870
119666649
103549232
14706299
300780036
288426731
127518057
613553
295712391
1923710378
19525954
793351
92889850
6140222
107471115
839144408
162321873
22545571
207559129
340474672
1581407294
449212319
299551166
330354819
145761426
891332370
1125977936
428513442
1326785450
23704616
87717624
17230161
10887552
19920606
322291402
298173398
8642192
517036166
1153845576
169609266
1125548437
7603802
63492498
254196720
292800900
229139871
14927822
338255079
284680961
285001923
191420955
42428207
24505737
87906268
349187862
14824352
292518772
857766210
89507719
19868452
254609285
484519574
24700355
11439542
14815775
409181411
74883907
458374839
817146872
10720602
240654033
15413774
164628863
15414339
174267583
592754944
21385774
16476943
11366122
80819965
153723563
119846815
124850509
701334584
108880303
97030663
108005731
12512802
33471542
14433595
133877824
240787906
201670103
24384795
1480511
192542785
47645011
14297266
9385792
6440602
398594222
81402064
231723415
2170361
9091262
48803
20683223
2423291
80272953
274121025
17949824
553557115
10368692
68442845
