381108897
14338755
1041149233510866944
1222101448084738048
1084147336648056837
624340003
2408982290
1886198250
1217483034888458240
254795019
3312334914
24701368
9301222
144656725
61771516
3875421262
2806000111
95668959
15027995
1171755563534839808
15568857
27751523
1196429201626320898
213578753
1225626649619656704
1095633096026849285
214629170
2999510599
36421583
1129379379363102721
893875627916378112
224897676
95720641
901773635962195968
22827114
16256215
1217856637987426305
30026974
344289744
108920155
808452195175854080
416050185
22749950
2440258777
15355316
1454266386
63819362
1223987158404329473
5736252
1184833574912102400
166667340
14602130
5674722
371382823
14696576
110198955
137885308
256900512
21594615
962517114
1073388199
60760075
53020609
3833460045
1144220927250640897
109888314
116102261
59295089
14185494
2933793526
964855664
76721934
117254792
4088958078
355360703
3383762481
1157598211348893701
2273421715
7021362
1069870803951460352
1181707609902067712
1049686474612977664
14441858
3130077789
32645914
1206641395496300544
4215268933
923584860
25217888
1082507672883126273
108209516
1171790856853962754
1028341288502882304
17271529
393297795
1214950131935711234
890634172716527616
258785151
2592029818
130668248
1209616957240008704
1210532738782126081
7098222
2810968542
238664018
14484362
5732432
945570790036164608
147282282
830155340
24718830
1060918044271239170
14191013
5411762
794880560
85882781
1482633894
14438552
196867155
1056885479466037248
47712248
3596269997
90067872
1084331387681832962
71762380
191872042
3170323907
215392461
2184401
35556214
1103401194964307968
7920672
1202675744796807168
24032451
956286027072790528
14264091
18050416
16541865
130297104
2512181169
6440602
22761152
1325551038
72575018
5473922
919368416473047040
840400028
20074471
82956123
1064528079635152896
214319571
7385912
960070746973360128
1630030681
80426470
62693665
1365535615
215677631
14170907
23295355
396468495
18179811
1013869004803325952
14612142
241157074
2231485591
897477491425648640
15040566
1047162568912064517
14214417
916663832
3614488228
1200437542237147137
16049223
228907226
101663683
346728386
1373945918
348925658
1009145085559230464
3829
1920003744
531983750
827079258300375040
200368842
313669513
953799551961444352
4189911334
1100112092
829746975239241728
25238290
17744848
115635864
15806110
439405551
71359595
822421723
154885144
1041718836574117888
1191387686751346690
1190214016062373888
727659814164238338
2839825685
919597892
1150418585086509060
3172509796
122053508
1108689692776648705
622919352
543127678
752514636193402881
808002402028781568
89306611
1062377316
1167502098898018305
756789242
23059309
3242529043
3170907307
1006776236
881206257465602048
17507096
582784988
253155474
15366666
586097898
2215392182
738052671236628481
387293112
103565549
617719291
344932346
1153615205567537159
979780031907016706
277353126
109269800
1061600250048208896
1177798510160355329
9551792
6780592
46123040
1067111942760861696
8925602
24858478
1155656783056244741
73896424
173513816
784008
41580690
146311703
933276481496629249
58174056
1028802291262939136
912877978572423168
3224979762
19070247
14332815
65054984
119156670
801809576
1048230763991318530
14817331
410892329
788554
998135095
137661469
163997887
2300943354
18123965
4039354563
964225392688033792
24736711
144638265
1089949645915140096
161419043
1175015386602967040
1154534749060259845
281983707
5626
719007619596292097
5954192
34963951
15540222
577994707
177788470
15567647
2274017017
3041513226
1168780015653335041
983917611149938688
386228555
1158217837430767616
390661101
2508083191
1160944574346518530
728373
15596402
955397748580372480
3130955249
45671972
2530140852
267495318
419557324
380735387
48112723
4594859130
1089666289675759616
115243679
32526822
1761301
7655012
24876268
21487212
48958081
45635682
1153335934143754240
375132818
274068895
401186577
1101741522993774592
58174128
155596316
853727387435110402
1143310997538529281
41806514
700711989673197568
704320959587684353
3240445360
7688352
2426799312
1151418930025639936
1127940698408353793
17456514
764516521
798123
115972820
709821079
106263
18034817
3891035801
848551206641381376
1654791541
1087096039591559168
1034393053665079296
303455170
2191889138
730340824505065473
1022740104
14306005
1147206025075994625
834824770520772608
1107301572558630912
920990355394265089
43664386
1110851830160846848
1128706858775134208
1704407930
407449483
910715110024404994
2908098340
210580442
738421428282925056
921962905704288257
17101840
877997162818392064
1581345950
1140570161512157185
592718020
3160482521
35011558
224653586
46614626
913590766366314496
28188926
940232782726483968
202217941
273404950
2407351194
26030340
3349490951
201686928
960617327304691712
40144041
3841502538
44099424
24202643
52556921
16448586
773809436754374656
2429476526
354131767
427678734
2943613557
851125114091458560
23946908
14922818
178310729
435895355
1125678437103013889
869118181
1262789484
9284062
2743387825
385100183
989337881046061058
1101933204779515905
2178149543
431168979
538998171
1115892229799858180
244294203
47271940
811098595
17573928
719943514407235586
21251378
102454547
2415976896
764492460974280704
2733125814
3405869686
70734326
3236434988
254896579
886812270914932736
1089983883125370883
19039613
354509728
1031426659914661888
14910339
14436816
14678350
1109817281712787459
1602976376
18090955
230120049
1001026942596997120
398013310
15444528
6256172
1106255417368174592
1069429161553346561
1080959972400394241
50196545
28781609
248961109
1102140737351831552
113369924
1102572610095767552
18647789
939473530839883776
58286073
1085041770881257473
3372431615
1067787597680799744
826574724281069569
1088537645729366016
941432637486444544
944029114230378496
960695930
16808274
21807332
3366103775
8783342
14139773
15709347
942977790890012672
1090541382865960960
13611
896068828123332608
1082356997230653441
901951688462004224
733874116332163072
861371829784543233
1102321381
1005913748144574465
2381521
9011802
199238295
15486485
1091300281999073280
16789906
80420184
65507296
75954193
4850302216
972288404259004418
400250707
307976169
794198
19653322
2789432489
2475809492
43598952
35502680
725025337701208064
1082771333291814913
1073479933761007616
2971463687
23101323
6773532
494678596
16366639
37719148
33521530
4356011
907194319
1283601
2150202085
52390731
1007647110332739584
778058418
723239189739802624
14380975
20047164
959645411026890752
4129801633
3268313126
25299422
19756869
67955311
878180403944857600
3385335585
1075750166962073605
2711809082
1074040843294502913
103902968
15668072
2248586750
14591604
15789234
156303415
97418412
42932810
440609049
93263825
253143515
754758892924571648
1878164340
931246431867932677
316794969
25973222
48307229
125000389
585124803
1012355031549513728
215716926
110955283
52675345
6549332
2785241686
407296703
16517063
719116151398211584
1059765032798449664
1415099340
1058338682753687552
179893880
1446821720
1024703426456952832
237293113
1052903824757809152
27896682
255577713
15027601
864256646
776112233298300929
1046129352340066304
1046847049851969541
981996647906533378
1520472140
851430115
1038034014987272192
1032555083110658048
890523220771786753
42832158
84336483
1567114502
29959495
730772254536175616
328701237
1154329705
1018571525861957632
546985151
157960647
28129916
909865015020269575
1016220068546469888
2695654620
3279206300
1012205143121485830
330019053
307810043
46867631
989181921359028224
829419216478543872
2763037139
758482054887542784
979169989734359040
216727067
14756263
2229295439
3016359943
550036068
28896389
181421156
2470037178
15972080
134327411
16063910
16329099
2386343196
973295905037103104
873069620
906861852
11859132
26104664
2899694647
2754977624
949931686606901248
494742457
1583808463
3058767849
147518360
794554878433652736
84408478
929928135671451648
970154321907105792
86309110
27481828
386792801
867408246272737280
239062312
758420112
3258754416
966037601273626624
344289682
727931177051500545
26776475
148862883
16464539
2570394258
2841812779
912937354456793094
34443606
4027743313
75010581
14118664
18800569
19328531
950985977933201409
82905909
61751048
178849006
703942924271280128
14157394
15926485
2287750183
33882916
30800214
105274139
17264467
781147783487168512
3862121
3423374429
31137589
18414095
2306921384
872535841641345025
8531572
771914
3388102493
2208853649
230644400
210193709
193573103
435479854
71139907
403004157
485710952
20000329
62608425
956556223
75179110
948727778
14409245
930580210851840000
296482605
46113
3644660481
51529520
77514418
2904830700
611747238
110967297
492567212
18811020
2878974903
198695654
954001
65443716
15707472
710125261199532032
2819292446
162354773
253523855
792026682840408064
84957135
15780516
1026971148
767858204998905856
15687093
12272572
93421206
7972472
1339216867
2464771308
4319762031
60380513
825020689
53388766
2292531098
872716480525283330
21556083
34364331
14054507
884120689963356160
92415827
2349362616
742433
83424864
297636217
838411242532442112
709877772731211781
920091156028858369
866704087076577280
910441384687161344
918458440699269121
317074602
916112828108435456
795919733241630720
32545982
101577954
96808488
155551263
49285959
707159597182816258
299954279
131661712
9984322
108829439
17298958
1514010780
871111526282911746
725834756768702465
10339172
4919499372
1961102174
307828854
2279253800
1489531
140145212
3024085581
6468662
2987896968
3033407924
753998025698189312
46147015
3314928561
804292781904711680
4479533293
868342226
19720146
79275814
884662052773445632
2372636521
172921389
136669785
892512781966159874
14730703
16065330
223349048
2617444070
22483776
862120536
883148929751285760
773569
28322862
378512858
21228968
789191454149095424
17932650
899832601149558784
902987006455627776
898515783936086017
890339393856299008
899748955780767745
888810865989910528
892136516062990336
69025917
2988614216
3422334826
14410253
22571664
14945367
577449703
153524496
784743124996333568
16120419
1434051
1226257134
18080585
20106597
841487431585148928
721040721428496384
893171937005928449
892059741995675648
342784431
278636599
803736390303412224
799283022822514688
888150500654424066
174109163
1287846060
797502393600577536
889037759654109184
117846486
888182006412177408
15737068
2801974764
16042571
19208994
743187873810120705
16212871
876631049861595136
3023233907
360157046
786446382512996352
27093600
841760325204561922
845125471012470790
2215412881
767630306450870272
1497785426
46476526
155499393
879944812182380544
12988712
316221681
516927307
68119671
87974154
59897483
551977045
7311232
14841583
80522018
22679592
731544444441382912
2305378238
868523341748944896
2589550640
878636673634107396
99325090
573623090
262157975
22607047
875436817398595584
401962351
716348353915686912
877357195632852992
617242151
13564652
870392116333223936
185123070
506668086
2531579456
875274950990495744
621719719
62665831
1236566989
806493206
3598744335
260889145
16072225
15856984
866810069299601409
254082527
857993893425561600
795742939028733952
3024457868
22652954
31581550
151938963
854148405496602625
871426941567377408
871958401802219520
4235393598
114256447
4239558493
2383288555
735370679881740288
28920053
746164572973731840
2230971672
2426899021
869823375224573952
852970136072069123
176775729
868590631
19868452
868569314936442880
2817103789
11887202
302395718
315020699
3286039358
867939164372832256
18745166
167242743
2416020642
117590354
726158889771786241
14157064
1472607439
601369792
93925914
1132583654
351187514
142010771
2278845242
9366122
58867332
105825153
1328835198
905070013
137890777
346803113
70574326
266696998
736629655646638081
2415932913
555082739
3821681593
14398631
171262252
24109738
139594686
36034072
18727367
77819682
272842091
816322332327231488
245656451
2327556218
864746690456068097
2450533314
3614873653
796025414456082433
167253529
17500348
19057690
976796340
2663265144
743958196138606593
7659102
29285760
15911364
62642966
15604112
185449566
14756696
725727452174114816
2821782845
333668946
703006449769668609
3405911193
2858164880
15290567
16746203
848742776095297536
501022535
15470288
731516054048890882
2803457276
11957802
305736278
131270013
373632723
757954349985214464
27614106
61810947
14497447
65153019
131324565
74588106
16821400
28464395
856227212
3089978692
410541438
792539
2822515248
20851434
14663053
37993755
1313991
38423368
4817919474
42433706
1464124302
16596268
757594284
2636937125
1001966076
133251829
4331397809
14372681
719872205425930240
2706854383
3158131837
724610710559461376
243004287
133494180
42349055
2211138776
1264594699
231023367
503339905
839864800763072513
630191325
253450065
23993934
70265371
70082910
140832314
258704890
857850865385918464
27004310
27349855
721667833575448576
15505325
776525976771653633
15788701
2807737843
59590814
15885004
5648992
1524984936
835076929
92906036
328837752
16237391
165721243
2653957506
422388777
65866359
91750463
984449647
2896420182
754652032309624832
141502559
290559493
108108392
101969749
703764757
845778736393863168
2260670926
2543854682
3519
692213
472839308
18058592
688493
4486115359
254873442
13433052
57847060
1605592627
16487505
194508030
191916815
313527601
297681665
287420754
15092087
1303637754
2373904633
326711345
3178061809
28130920
8025192
402391309
771295831936884736
2776168574
79018674
858957794300637184
296732995
14247486
70477440
355421898
1599784692
2366811
35963991
823250569632555008
747197172253331456
856268907346366464
11488722
845005150888611844
3412653280
857381114473852937
823335954572345345
747227279781040130
844848558503149569
1385635813
1395869804
856571809575182337
36193835
16136120
850424735162920960
14141260
6371392
854911506613403650
2498154050
888211
3338649520
150394969
40128125
853214623365025794
183477966
2340908474
399654279
758390176666095616
82137211
2382126716
2965855935
43256381
16345809
3421551133
453871271
797179824775303168
334520055
499559699
2170837488
26026818
3795735553
2499541327
4181939779
3255182330
1076868721
13338082
41875859
3269168090
10290952
842166780273479680
968039821
23668979
491378474
19232628
11041992
75261837
76894940
85353275
15613149
823508619513757696
632023
78798270
846929232739667968
4349760147
14499920
19433315
775187
16615594
819797
46122246
1830491
6375632
16371554
15068820
53127409
213455686
761536644893868033
75028632
832056445474582528
434653068
10821
2856256217
823606810170920960
915421104
46706765
1329886417
44968138
19022842
983081
785184
4889458534
24025771
406420931
800783183214088193
813134539178606592
818902
29824178
715511284226252802
222626964
123660926
3973846577
71038141
16186985
276328726
146091536
14228317
22250075
2313873457
809479257382678528
81061333
3108257690
14344760
120766191
2587227937
14791141
169319552
390631998
2313332804
306608847
15421071
218830003
68474641
1484841
325100970
92243627
4161123314
40410246
29941701
96483337
3335421439
13053202
152310911
2401933753
115376687
63515968
14468929
18681946
806582571962351616
765447940999483392
2485698235
166678023
710930194681491457
17452435
252745455
228925627
138635345
560783825
2883394528
393639068
370416786
52735796
285130476
1896671018
875637277
946037695
4289247312
2342337230
1482467346
2362407691
810999872098746368
34616756
2601874716
835476794992017409
88807722
207258117
18634321
17606481
811569223952715776
880393998
28311044
29230621
531162864
74185980
1728787886
4842907966
807304797548199937
3999382594
834137188975599617
632429457
75924798
57203
713057557187682305
89600533
70343199
1456122079
159743999
1174482426
32167968
779901441842425858
735449977661460480
3115345708
829909607199961088
829406135325192193
1153581
166203501
828920303225073664
828520703007850497
828481794961973248
828115727349604352
827463798206431232
826660251780923393
18966860
54924529
826361353921236992
961896824
2383271
825368108303007744
825147480169992192
2202570763
822851343106838529
15169481
824527702338273280
84043985
770585669454426112
824002723494371329
4357292414
74268610
2759103897
823521560468320259
823311674220257280
823309532042588165
823224438816722944
3629421
822458771465240576
367927364
987121
822192416593760257
380616577
822017184910155776
821969727975264256
111217362
821736326865227778
821735407956226051
821647813264240642
821606354645303297
9181042
60529347
820959060342276097
820774776365076482
820549298110791680
778994632189501440
14196247
2610409166
45404490
819602209046495232
842539578
819412991590486017
16495353
704349140281663488
755383421250134017
818079115685359616
817643812520607744
817574187346886656
2261123922
817366684658966529
817308158129557505
408912987
816926813016428545
42950013
81618508
815368571257815041
815191773345710080
815097074257711105
814791071767134208
814713283571843072
41178002
814032660997767168
170393291
813814509483786240
8516412
778306547378167808
2957339331
809031592890994688
474775191
812283006631219200
812257615615029248
3349166950
1921746000
811965996282085376
811932982806278144
754969
917281452
1184856378
4286703072
88640468
810812999447564288
2577861281
7486612
810549875293167616
810498156500762624
725971724039294976
810186220198313984
14694891
434835815
809877015369306116
424441684
809785911181508608
21621749
809769006207012865
809722619729772546
809586691304366081
8232472
2344563417
231738107
804988122232737793
1581440618
17980180
102069611
808688758077947904
282579396
90620473
809051518771097601
809046607593406464
46622935
762683282752495617
29395574
488599232
14556090
162902110
16626910
37056881
87896335
72226100
8565672
14904072
2541899797
231535138
1250245476
30847452
87373548
15458812
491100296
813039
366498199
7118772
2997766370
547586901
1551293570
385458775
2606445823
34091264
97204233
217867839
1882306320
132249164
412969867
313552902
19506537
22038310
246026689
18571110
15214291
21884705
1149146594
16125820
15137692
19559364
224984062
284343580
312265863
127634032
300292845
1465388227
335756441
19812968
59489003
2411456790
85300487
403391405
56499265
176847993
219414339
17674055
3020617685
21803482
102104096
288693027
766227911263260672
19758760
55441653
2653761
87489271
5749
28692528
330260392
19719094
13088482
16844686
729622768917024768
3993360268
54650916
253244983
152021065
808551251986280448
3166016149
777240474088271873
756093475527987200
86982816
138422845
807943141609340929
2488537267
40202881
807678157239316480
807661183939608576
15324948
797548067608268800
794395783726559232
2315846802
780736699458396160
3291373067
806858664384593920
30764567
806812980352524288
83567168
6898072
203016787
21925637
793131950
2775154155
14574121
109628739
301457222
28794043
726138255314423809
40458121
452444064
786491
19629753
363174189
1435730690
14879896
793353612743155712
1106096840
164208193
806192863293931520
806095861151334400
806081012811841536
15288955
805278992668495872
236251187
15824108
4052322796
805075161280028673
26455177
783575822603001856
804405907648024577
702584502607069185
1101229057
802005433812742145
84235436
1158731
744947755232026626
804700565745831936
386449028
95948813
743508468120850432
5653672
774216579781361664
26583500
2426974944
1180203296
46679614
20532350
803907952126132224
3439169505
279952947
537309090
75372397
2445481
5490982
125717541
297922455
395334204
18566920
2828090046
2217338419
43688360
500355924
14343016
1618672082
80329279
740235454457384960
123010887
168834351
700447695811403776
1172218640
344782792
253690892
134140447
78048897
20388540
17843005
514723
1734651241
103919994
1513641
794556397765722112
15174646
28632551
19781623
1614071534
2830408795
758957927973523457
719837748161613824
14356355
124723099
28168528
14171955
313222242
320461373
3908142856
779296710036230144
37748130
2905560894
14486811
1630740098
2244875216
21041794
382722955
2849837998
714649119625601024
800514242340192258
733268097235222528
1407090642
67220142
263355563
89078291
152945883
790656305207836672
101739020
20842847
27426351
2411004206
13137192
4431175528
39493623
1070579863
19742059
798890340514230272
3055122130
18502788
761907388660187136
529255051
65078950
2157465276
3111865793
2391946855
19132145
11745972
14137771
42932294
776057376168435712
1428590718
16948836
185472406
1302443005
2808209954
40835726
82043329
461961195
191116701
707151729830264832
97810306
3089688028
793099909935267841
121876721
20960728
853429285
4122373399
2306595008
859579742
1591641355
143197395
618509252
107371605
149258183
2760718783
4885007181
23454445
473775562
159490185
63134039
2651181600
16162519
244508336
496008913
24195645
10311182
106681538
39967597
15630427
160474055
977560638
698093
33884363
38464391
397226367
33868318
4824980147
932939516
14279280
810593078
796548803075575808
14698489
38486611
711102621063323648
2289681
108104371
180915738
789514877165592576
795228900397826048
515543735
62827592
791451846871252992
15465429
105223006
4927569497
9571572
702104596660019200
68247368
14660015
469681901
19722963
17609063
175679504
297346331
292511030
3428139406
4246611
639833
2798720769
205099064
475866748
179738951
2752740480
763194271499362305
84057934
53359049
432955701
55277744
554377128
4027691
14166962
744140188171939841
14058200
17117401
2436403399
319277640
791006429280862208
149330740
1721283534
34030287
144308960
16922707
771331842188447744
356299886
472204657
3684078737
340951966
6415442
1538835902
2243908987
150196749
199481431
1995371
6382502
26906592
110745243
421854589
2837561099
3225488656
737933169043734528
734393235502563333
38491897
19070986
141249377
365550734
4902743891
2730939586
20547445
16962457
96968490
3873827720
761017162597298176
1620774595
15906604
780835601327099904
740678479
31376039
64705567
2446068030
86231643
3131639649
753392005
564741817
38619610
7103272
739568249445064705
745223067480166400
25154556
468451434
781462450428268544
4715527289
20565512
65403367
726840450926022656
710558574460674048
23462787
38649830
83514846
3988702228
4330759713
16217354
4354768882
193449207
3165659784
115734106
19767044
16882676
195266026
20584612
47350883
29735775
716119409786535936
31456685
809901216
74991835
223773221
757474981987004416
316052849
24116215
746042684381470720
4092141
3189534807
46291690
3354735465
778420391417114625
14207827
385396675
29399791
7567692
4633790952
765406239236902913
22380431
49804000
13993
3521293452
761209243139731456
181695608
1298721512
2236223228
151633282
479446684
2843399360
1538748560
171313785
769162734319628288
2347868803
100269119
2733474152
144436845
930702560
769969659357564937
14154809
216735143
125305568
250449553
76295423
118123622
3929147776
10375362
752281961729814528
50891447
203042684
763800190969057280
3192601686
123517489
1676971
589682209
273383
485682760
2444039534
2976152607
170174039
3984725293
4177829019
89213699
7071182
3590590755
3761611220
117224742
49348119
539257610
17852883
1367085684
14262197
58162896
7676612
15021056
2597155873
7512932
223207273
29807718
180851635
8339362
61663955
14331120
17934039
16685491
18736352
104080506
3232731774
87310622
10909812
17200717
747665942302367744
309848353
445795700
20429236
709469871822606337
2906241150
565340433
148353281
2804794460
1331588593
98484832
708181466589433857
3257682710
14238747
744495620677836801
528544168
913993326
16459579
130037907
8566812
620812232
6417622
16634305
2958674086
3377958191
1180448294
379070872
807405552
14299590
2491819189
482677455
19753609
29213478
729323111871557633
81933
90739823
2456009694
32409579
17201866
21758056
15342835
2797546437
177735051
14246836
457924798
1897852998
15680200
493556576
7130262
2184999728
14973035
11404352
11848732
3018841323
766118411982241792
3190612493
13484822
2412406063
222359861
2599388870
39555082
1711030183
3251626991
2736816168
2547986227
759076882600062981
217763984
252506050
1566939476
9362492
18574825
39570968
2819726613
52073137
94626524
137796394
15002220
157178154
755811541212102656
53659570
20604033
847171926
88759538
714467347
260404121
3119379120
52431998
3058852306
28862294
291919285
2234728772
966341
2296361712
982341
2444571438
14477736
14299674
1072600350
229867942
2315226532
2557527470
1431514981
353135342
2155125889
2889176215
248957731
180858105
3306166253
2471473484
271876168
89606091
76190675
314703677
102451712
447113563
522874610
20324329
21695487
1433864449
50189269
166823228
6333412
72593140
242843801
154636109
1187637200
2508628116
741233145475960832
70084953
330950133
193275743
11009472
1366872128
6995542
43095088
271457100
13974962
715097688551731200
748265296880877568
4278129856
2923125046
262368555
334369295
816391
2938388859
6748002
29491444
748587743601623041
18104870
18299355
1259202474
510228555
1121824933
74707377
14934225
2787709893
15307095
2219964978
2385409104
1695548538
8885582
190292848
3946301
91421818
150703247
376279991
22135848
3362569443
2458115778
420403581
744193566780456961
1902398702
15392140
29678151
163238422
3044902096
515993273
180637265
40408411
2790929436
2570225467
468853739
89590749
303914739
18056718
19107181
493498548
27794232
200282929
1308704743
460250124
3025051937
3793330480
35703649
3432395673
290339454
5408192
32430491
745609877632974848
1208499704
2590409054
626784210
3295603677
31428209
2698110444
2606054288
240638492
16641294
727726985062035457
262202035
4092817997
104658612
161501971
3918236772
115851894
7645442
15205089
39574483
55098207
14445617
2255220570
12117432
284791972
3097637284
5966172
90985882
3670341
53129030
715347156
2358300031
977372017
568943783
23622700
2438750756
28332517
77295690
9630722
239093261
8660312
2219874102
17957439
576591032
4448989334
3401690691
95424406
13459532
2889509486
6126952
16239939
38048892
17441302
389792955
2893792961
490695241
17612438
15004019
15205700
305212915
10868832
16151271
7553832
9848572
231209732
15856351
195655474
150354133
125165041
3072368249
148790477
34515613
16821279
18840827
722888838083837953
359968048
211567591
3795546443
119225183
2873818411
728352618855206913
202292485
742273565387526146
55203367
702788455
706807705659416576
2932210741
150952104
150865748
1971613662
3760820412
15742273
854302364
18052625
3317549882
800577853
276434223
147875917
58784294
17644789
2977528418
273305895
2929802616
106086859
26578134
526867353
2763962874
1310701
4781676674
55203533
212632603
11272792
3921525880
125297798
19621660
37502851
431990827
194251735
50428342
21246770
20132169
216644363
795679856
83319254
154255010
103718331
27733217
86037879
15863311
2510444514
702210332194951176
738932818886021120
473537252
3428192877
4208245334
79952170
3011991272
3063382264
3503611
1055808792
4818395434
119072915
236239000
709969810281648128
864371989
3005187009
242027232
545432525
100319362
731488352332075008
1135261279
18987286
494236221
205696745
2285618630
209792187
701014037
458527782
2815034223
392762443
104234480
4685292860
188894864
2907868598
3042969323
16989927
95742235
560523249
3272270443
706460163352502272
30320853
338634847
198102676
3783155903
1090981866
3100574876
148444935
328990309
3351724269
3938627446
2795963903
958005679
163152278
564488571
17796491
6838172
3374422992
4263942975
9929622
887422513
741567397597941764
357533023
248067870
1563564973
2296697911
792700
390206957
21412574
353982241
143054298
74487051
550456285
292329078
704449244099260416
3287755416
10520572
22212395
1339195615
237709046
1621146271
1180110576
28919841
381482768
730748128463323136
2810454364
264228291
17170196
1058796042
296164469
31770501
3065640003
21879569
296229315
40316990
1530096708
1055147588
17523981
309137709
2626685772
22764477
384841727
44280682
140321392
39467171
312967248
173189709
2332546578
222916327
53187679
45817142
23392144
147654165
7170172
287313124
2250024594
748276766
723275992169615362
16863718
3974551
65395929
71222401
334905951
95251091
2174091655
256710381
191332498
95174949
104222652
723676138074042369
856939650
218279237
2786008474
338919067
725199085687476224
14194558
14980953
6611772
72350144
14460202
3891337522
257375243
2735041498
735040770965524480
75523397
424627879
86950344
61461861
7168842
42058940
28377045
315657486
725853633024151552
2926915293
18791723
4179647117
848901
1077969678
14588785
166141388
343666314
598459219
198917700
154884323
123355349
4779551
14908513
9289822
560454290
24592149
377917105
15589213
249426579
1049894730
827124816
401890347
1034771
14265711
240607542
9883402
2690992375
1947919801
8121102
32584253
16860612
70786799
22129491
443274585
1048383926
420452851
388412650
712782633550254081
26548315
210811041
2476624602
4691328355
299416345
186538014
701939092968202240
533457007
3099330435
160243545
310067546
4830518598
20841158
260465612
4746248593
1621611756
36782854
80029778
65577649
4718373988
4732078219
410987515
375043124
629672613
3224438866
40380302
4228891111
17333183
1110782252
18273836
61428371
135617745
4032089353
3503356213
274669547
1120222776
22083548
4287631992
2757503155
4169132657
3025465845
2376107838
2252863056
2157299450
83918373
3737842333
59513961
16382692
22834178
2472515034
3358473972
141965516
330953529
2912817584
3308271121
16347567
14506200
65404665
3269197686
385110523
2925061771
2572691352
3234116712
603199764
3249270175
337483112
157065645
278746519
727449522
3241727142
48378621
17603748
1595948154
482755379
17743907
289508167
63586567
15273050
7659782
3185002098
3079029424
15494445
2366402528
209453262
42744294
2200179451
3009556327
3164465918
204833926
14458258
3160833702
3168415893
28461983
3022432421
2586796098
2562503160
27280290
107003461
2409807416
3139667462
1684861758
450608266
142039131
86932101
14950715
3100840800
7681652
2874
2534257590
472287245
456484155
21904959
30030516
14230216
3066042599
359339542
54818207
903469543
20993764
2997399980
7381872
14512216
2963371338
75255071
2675586337
17513376
3041683253
3040238371
3034178148
48053058
41198329
29393867
29142813
44106694
15924411
1868998824
51636303
20013246
2439933992
15099301
3018972810
32849299
1390481006
676363
2245126710
41385896
1295840172
2525250277
1897585280
364493165
12137672
77172294
130195356
818809674
2873428314
1884846890
634123268
15300187
53204590
2599504436
16842025
15253752
13071522
5694952
563921660
18298703
1731293196
933327439
18743961
2957750772
15108462
5803082
14623460
24386856
345491741
2992488027
2991610780
18967444
1876998715
27798759
24534728
2292815155
2981327033
52227560
105643919
19607313
293166579
42321507
2936438317
12305542
576497420
171354077
2868237613
80327864
253564664
14273
213252796
117074338
432126728
2965801048
16885601
521769198
826440408
14389187
110922565
14241534
82847806
507998499
8311502
3485371
2888452373
49413866
103786226
388056425
17165613
93382672
2886613441
60195720
1101808580
19193287
14846380
612204255
104865825
785148
19356814
1378246266
171225769
756264
83664487
115494880
17954385
17653498
30914122
15017935
14242983
23905840
229420540
8979352
1159301
14197957
8874242
17256825
15022114
44198938
5695592
14362745
13253662
13818242
576453914
276563090
20087429
14082853
20397304
42039840
14286928
16611962
69618874
10893972
1876092996
44873996
13951122
10376902
134532301
466698146
84336761
236305811
788770148
106438334
64268411
532869592
108155953
234657229
6671722
10823972
10702
173238976
768303
2899151704
24387293
14683764
211267810
557414373
198770301
2895854516
2901091239
19797455
17265438
13785522
1018328678
814455
23662416
16031366
43034084
14455530
74961973
36093
17111073
18504709
2860862309
43631976
2784504914
384583283
56521633
47681517
2811458222
1890925297
57662157
181127494
50553371
2791322790
2894147480
20828908
2865797590
17541722
1344064868
65398933
18728976
2777425711
2742299641
172748964
486617932
574885641
73818318
567665280
14690894
2721408200
2161424934
398835961
7880532
2842635174
16338909
21002396
43120963
65097831
42226885
49065538
372172469
536174327
6297412
5715642
2845037682
2802739307
42803620
2823073197
931883898
15693142
86816643
35354704
20963651
187223083
8196232
17110716
171128019
208889229
22206199
76176910
11673662
19742799
175815185
20735741
2721505386
1004391812
18810005
15760193
2608718280
376422939
43176741
3282741
17929114
2484967651
89059833
15299316
95642727
3637891
1650684756
15905608
14090503
18846797
274175730
445093365
2715021180
2260393860
19742284
2886871
2776305739
795609608
1684883059
13888882
2425633434
21989578
64019349
110658804
2973701
24262238
46167489
15022843
2395468669
613050975
2499231506
34269907
794288
2704805809
47633382
624534359
2696568800
2651629326
25572087
2683236768
277808511
125209005
810132127
14123515
629726627
7845232
633999715
15702966
24676904
15959432
686913
1692901
236153193
1862200171
16455419
2655836262
21920918
28338565
16284452
1676057150
412904642
282184429
14734473
41666923
46477137
182949789
18307800
601309721
1201978448
9459332
227773577
2579348612
69166964
19224181
21133877
18263413
1177250299
572202639
258000917
518903869
168163229
229954617
14533268
114986808
8004912
2661534153
40275972
39632781
1657520336
39703536
2516206508
80268810
18719354
15129227
351143668
14707959
57472254
16227405
116287493
15853156
263397001
31082673
32966836
216257928
14400193
47349555
706045800
394116937
468019414
20804872
403720276
356085193
2435469978
23736330
15952126
750532897
14323812
353789193
566724154
32874036
766666
949766054
1015762147
227422692
2595580966
266408840
19918148
23331689
13015792
21349138
943131721
46489383
904411
14213767
138883409
15352541
14204623
920548255
785027
1398586566
283368983
15971270
115001403
471370990
479166311
51006786
330672238
182263041
1566147624
1841677394
252072920
2513603730
66806050
73600546
250315738
37634528
111368482
161202431
15898200
32140155
2477462436
2477173110
17024632
14739915
14100581
395170675
57031159
376194204
998112367
372064378
14103365
14629640
2476330273
41680565
2436235580
140491455
1668576510
62134906
40030151
98503046
2864051
30823145
430713335
14299324
18432192
87669635
3622761
15895277
433482970
540975756
43750949
2456494339
112700977
378234341
17863102
14274717
11095
90331182
263755874
9594612
19543646
24695744
1705677020
112520697
2294240876
2437301287
2472586358
633365145
1918098656
3576561
1305940272
61233
150558048
199674853
457033547
1589691
286695931
1025254219
142333261
145237874
891040434
18775095
693263
14296017
8544142
874031
7596722
40255988
7263602
344539087
535843187
14932774
2407629978
336113
339852932
16054731
216667362
2370165768
2419322052
582816798
20635692
241067822
14554183
20699432
2411045197
14409962
95956097
6088472
1090949101
538356324
2198390371
430974229
372815667
418048534
123974096
73857293
659643
484051616
2338446302
151135733
2380546007
643453
271875729
993798846
18308817
2363405592
14268164
86071272
749602495
147381414
21279340
2364939976
14473778
2322972175
15258949
994029288
491790331
2332860799
465962368
149811882
96094772
2319919476
2298723914
2268937711
25125270
2325330206
1399874330
30056883
2338430832
44074228
481378164
7964382
189946244
2329462794
2320940756
283690437
101370819
776955732
963481
168874062
169368859
521756847
320520680
246171977
80282373
25875241
6192062
1848574652
38708874
39597275
15341387
404144749
14549208
15243880
2284472252
386905849
2281356613
5264791
14564062
14229996
572574480
1614823567
313254566
1192171674
341868892
13463332
2245074106
575457119
127353309
52545272
58825393
482221448
15814902
2228926110
1334886870
4387001
2231435456
2252769474
170650789
18518601
791300
2250296070
2243790536
497581867
14630432
191202141
138229247
4854761
177826246
15010221
14796095
533855575
26443289
17481667
14319709
126014629
49947442
1272559706
2211368054
377637541
913656012
450071470
46616930
1648185697
15182642
43884623
1004489096
24059098
14919086
8823362
364299112
1150952557
11993022
631077281
17228914
2178395263
132484323
15098294
1434496501
236769247
14824752
261391375
2169913534
5559292
57391275
35000778
23930200
620388716
29368907
81865001
49328555
52899973
31749408
55126591
14780834
239083333
1047
29765369
23388226
15999843
14095473
494357346
14678786
841791
129817510
133424508
1198435958
17339829
1973078870
537363607
193237594
55565591
15586551
1277197896
14677407
1954719786
15227162
312927259
910629895
14063149
331894052
169326420
17963216
1726890380
14154587
1020529201
1667042108
46902840
1800601
114869373
30086540
1452762344
62896625
1665896130
1317381296
1244850380
1595482064
1350923360
718756606
384528303
15726752
606415737
281082823
23271747
608151519
13370202
868414045
205111072
278884622
52212445
18929441
1369901029
154814665
1253761873
309182117
803473
20272845
1527269413
1162457700
550852993
1038758546
1591654597
36608790
9968732
38622586
271839529
16528607
85645397
197861945
1087064150
14456914
19286110
13967962
199180046
88860378
34507577
36774734
35830434
585043894
852636637
77257004
83820677
1898761351
16153612
7624382
408085188
15839478
14090513
52553508
28834934
89799634
1583563700
112635961
14058539
9886442
1948493694
1852148226
1024797650
15913931
1637370079
350794760
1529033432
166064436
25491437
17446958
474422850
85008547
1594559300
1940946852
957771774
1425232230
1415736138
18764818
266854730
14510651
67785682
941889350
14121475
1650317952
1432373952
42253006
29449113
1868962388
16279050
42048495
615415443
985931
1060373642
331944885
536905167
306979979
1682997962
15866967
96131631
16501771
480750605
107187577
1383526326
43892224
1705471556
3581141
1447408358
82424907
153214951
92428135
27808472
54857631
37800736
6118
1209895466
73651235
59418423
465064813
14664166
65719195
15673712
131022610
33934258
7671992
29269044
80396494
527860853
20075927
19808555
280733178
28632206
60014176
14494836
16782200
1416808357
180031773
100121870
290726334
21861399
948304644
21047223
123049224
14179038
24467057
263681175
53976744
120509051
1732167510
15598707
10512832
10648302
236030728
66379155
87967922
1063580948
610423941
754559
48725254
106408038
23549993
18742604
1921014649
14302862
230088861
89491093
179256219
792685561
19407226
1840497679
36367742
35824796
1305710558
720503
519018742
346174623
1668672156
2695431
421307117
261473681
21175438
32761945
20492976
329884732
7793882
267143
282513478
1525631101
1603529114
749847684
863220625
75211587
1673750245
428478594
46412399
1853806284
1681327946
609013
72206326
77858269
21337450
16667960
14883887
43151378
11125982
75305379
12442062
14128634
1312642136
16274245
14131856
381636378
24410989
17505445
224099947
16141053
14947829
1646569260
183960592
255784266
1871610691
17841828
194443371
16200640
309982693
15098532
478952649
1596402054
348284459
121664828
35001983
14671837
15303764
1434080863
1330936915
1860685230
1245563424
20617489
34645079
64591837
1446380522
1316951
162125670
47136828
48421580
84245958
17165932
19130243
33981692
18899491
46146376
310956283
9527222
250692024
757128554
66822891
15661468
25071586
118069807
491221839
1687190588
946999034
466858603
21724253
772422602
137555740
1684190322
14323467
12014552
49934930
39410830
1081
1580163192
17953864
1075858056
954636666
319167001
89944998
327387116
15427422
191844914
12009252
1628450774
743223366
1497626653
94191559
758416435
485873787
64418226
203785925
1137993384
17518751
61500674
550507181
511190986
121515955
14455548
1291503158
493075945
252791666
19206111
98101566
91210367
1149381794
1460644224
21021089
1501963278
19127241
764130654
1643903942
1266925556
42159493
542767375
42791559
882455748
1650543061
1325281
1622810154
471729309
1528
15708546
359150777
29524274
14134156
705782455
19301710
14335579
14541033
906959130
25431643
920080956
1142037416
229946505
1643754300
101575955
1695394171
229654879
44070783
1634663738
261957439
278728968
23483810
569569550
7813142
10397342
1100616254
14777215
21369282
59016830
14271831
567514950
112800187
1657316904
44110673
1176854161
550622146
355683495
123575960
21512528
22889248
19536379
16180619
18945195
268948701
16381718
34392584
618433270
20646039
780050
104636001
315380188
28486633
253602143
1513997036
15467040
17857187
18829543
1470292988
14256460
101921460
1430427103
774675
1663165561
192324533
26755373
10776492
42126617
138124008
24935362
944815680
1632979404
17032864
7689652
54494817
58816035
16833394
1058162264
2148071
257603342
36679478
5758232
87163262
319706503
15445823
112196068
201127422
1050774067
26719121
19866417
15330061
14656799
20738326
1551658478
83563510
491429250
817720334
202961083
18530755
480742309
34047897
18665164
605061199
7633362
607494773
279736684
1009136299
24702827
58722704
93686703
1584771096
254140031
231893628
24897252
386497518
42773
1111587258
222714150
15171302
20810707
1556500176
143852743
36995086
3058771
152826334
244236539
421977078
54669930
128070346
89191817
1417140277
86016872
369991572
28404601
1397884171
552466288
12212892
1399941247
22196790
92162698
29237489
19389228
264070862
356447127
15113373
29134151
35451458
120248811
295680886
20656014
13639742
948692443
13126722
1304831905
41087588
198717691
597087056
143761070
1418038218
467568904
104087810
4814031
14786110
1098960854
1588539188
800277
182494939
858196730
105841132
1140516420
404882264
731713339
274247916
45236624
16521050
131922239
16735730
792442218
324300826
1037800752
44480032
14639127
332140731
434789126
23103464
14953020
1101027312
1400471280
22743626
224601857
1169674681
224052475
1392173894
37933140
195702287
455686491
133456587
6599972
15111076
450116145
277633111
25808171
1063226226
9057252
141055572
763797756
1551380755
184957214
31953
582641473
18743453
393749761
39857823
13820922
194410661
40009995
19420634
48818547
16414172
5154691
324339971
15300116
15807969
42860874
13902852
55238034
21436307
615178318
44101934
338255079
1551882342
18679333
119844029
6422562
278873782
17154944
56398242
65021444
217952889
927851726
44233
21469768
631225125
232913800
13795582
1360773781
86862001
278928835
109898623
21254706
43516784
934386354
1434205987
211811846
147599950
279146932
575391335
20357662
279949930
1102977272
657693
606112839
442936045
236724636
1148805422
126535675
221216197
25150520
14358413
22529997
580236302
415372053
15632898
24314821
39465470
1306853172
944380440
165929900
339230772
790104
57625555
763697551
17093473
1266237950
287470202
13337
39624987
18005565
19632836
269263415
35666464
30169372
74917386
251997372
64185347
633717911
15671604
20964111
249250956
26829176
24693686
14425976
94170760
197076885
1364959008
14056243
3286561
46702127
891907980
73799916
26553512
3140
14435808
1428831313
15693323
6389212
171355355
1380640482
15381905
1408369543
1642081
457184596
934550011
90532749
62963
14452322
149119936
15841047
40278053
92593826
120393848
890975118
14478712
66587718
11742992
153051767
594197520
15840926
236482569
420980062
23901149
17127386
19602299
13047322
14262063
8260242
17923355
14515660
18573153
282086429
18715494
16592212
808792
15784197
45940831
540702756
370355965
246346708
57491704
225270799
54341494
280279790
17873172
583124266
76208928
182110244
7666572
287915712
15926354
14304730
1146809581
1439108119
115544478
741803
68968106
34026146
553397463
352296123
79522621
209711777
72584896
587648379
17398974
176084642
1126133972
49165554
30276248
76298782
43646630
126590131
461096266
19176894
322182840
712699782
95257276
31206990
481536800
484021410
28375911
47442868
18305832
24132481
1177420476
762063800
184584485
295976669
14072086
14161459
71088735
18055820
117187361
40803558
18731517
92730373
276648221
23424368
1158499796
18985920
39337353
237896458
327298567
73363982
252277890
157582760
18135150
467650435
14446991
20255828
951511
959582136
1165490804
253796705
36759053
475046982
29321481
1026595134
249187824
43878466
499745607
45850311
122178678
500151394
20081347
46444327
838011991
46916828
7032912
21021674
214796112
49794826
14524742
1160736620
487186876
186190019
17184341
28120512
154244594
5746882
26274416
48865223
117523671
103401319
2803511
1366304576
262781315
106242110
13882422
832931178
45235165
35806201
1177014836
110309280
446761369
109026566
60811818
57380196
38745891
180414941
192390214
23353978
1274812284
163622232
16137267
400846890
1260022358
33495051
14474971
452370621
45579132
746890908
472614080
1361782680
13464772
15686448
49244697
196217788
618422965
15629094
1148914117
14239157
159423645
190988587
771822654
17341907
42429755
421965322
121909001
19845105
20175060
25116235
54673874
177576610
433747199
341884823
19724963
95206745
15030500
122492210
121491465
5614412
563455650
1311781
248728770
593739541
178512955
302179035
217605977
374551815
346182704
118172970
246220549
25386700
32509876
3108601
11173912
27399734
91914016
14691447
17424947
15110070
87931350
9423572
18158361
605648909
1235980634
520926087
60903818
73740347
553213013
23103568
24750436
101852166
25684578
14260272
514919174
46549651
15111610
76338369
20354085
116900481
14247084
913202101
15328174
569723257
17251562
490147361
13493142
223625398
981453872
239951966
163399403
71340529
524822698
278356538
1117577978
38612883
349132207
74462695
620384144
367580356
413261952
114147741
352152470
14775357
94906298
7564932
20793615
14176966
29140462
1322816972
236945569
45494653
29986370
264481387
296904320
268989679
54137455
553975413
155590967
1069526496
634888357
246010580
97798406
580481911
1205806196
268041661
1049331547
1011454038
724483
98838831
152475853
1306471296
494971614
30067519
215336560
468803513
197285298
8340732
1194461
1095284095
1074571603
48765339
937386085
529578281
374791975
1206917899
106946824
1005998732
19395022
453162220
96376610
44873966
33958017
35426494
41178473
162753347
1317403476
459730448
17545050
461500842
47773562
189641806
616098003
210617781
920224928
34473211
784467
1623
208317924
1126291758
255926404
272122213
13924292
832770974
27696744
754854277
111015933
304635194
583867767
197989966
62835755
23954849
460513724
63583650
42215652
1118382390
41547791
18447686
490778706
31845567
45325955
13847502
415953027
98895677
5452572
8312312
484675900
24123621
15798871
18180092
22538015
273903893
58773410
1242258116
14745819
972138834
1257440244
17900883
16799410
81127520
191351593
432124371
988
44941513
249523498
193825439
1104347874
16740319
55206008
16223642
1226844092
22879343
1002945050
1250046858
935846286
409572255
62175345
15590706
8466692
15676150
25898890
14912124
466564144
542140444
82293310
17099665
221695031
29089844
57005215
409348033
631928003
1229580242
624659964
21236592
7291692
47132377
519834820
5670042
237211783
446046572
45131218
125165623
542561606
14416798
249072079
300183219
9108392
115436240
126702377
16512791
22610148
153309342
12436422
27046692
771681
614736676
572002444
1321591
282062353
13283942
50685018
14388551
16820748
93441094
16471085
54629039
14768330
1090465993
280687481
18755849
12086882
17326103
2155541
202894768
207384395
117563800
410014453
143025014
72267533
5362812
1210095073
4618
1132795898
206057258
371935224
7957502
47352508
85566502
24962993
11964312
1241272297
983398783
622171260
4243561
227798794
118454894
96179624
246936683
15850774
15310374
18355617
17789424
327967796
1117633494
95488422
15267658
220761698
535616744
262920377
889517192
335991063
58553047
72807100
2981431
168095774
24176034
794717918
772705075
466825402
1149607340
1141473438
974653728
13002342
21721139
15355587
12596972
719909300
117361912
1077785496
971305746
881342276
15648633
858868159
1249961
34089482
347642581
14349045
1117718413
1078127929
516124728
52292536
794479142
874050518
14278777
431391451
1082601518
1088237821
383259128
455406495
284341426
1081382918
1081169186
994065788
527635911
21377583
1013959320
528167530
527620458
1054321801
319270453
527641331
14902465
14860302
17289881
21381797
95158495
134861265
344896093
436143123
223715334
903011
15285538
14221514
277582720
975314395
15675432
964033232
896927538
11867802
51764038
544931166
238413598
539751753
15902801
235182044
781904563
431688093
17029916
714055080
473016151
33801075
16907357
14755536
15015195
80493
93233065
2803641
249913228
416038334
562307715
15897147
14847765
51478592
249262404
16657356
15495933
87593674
156340007
500263725
469713275
54622995
17633052
262362680
238298153
11737722
14804195
14217429
391955346
14167570
8657052
434803516
6505892
454496319
440258896
12626542
58530580
83042306
408971915
7213672
271214955
419925942
409772420
27485142
19872663
400469376
1332281
231159217
14916426
56765183
371190213
14097413
12924742
19954661
316629710
17107040
18040381
156560059
14799151
100637798
182942331
306397110
339406428
9366972
27227212
19413679
296144544
21776771
25642720
163284413
15321139
324157149
77017416
315834314
248817162
14160702
13585232
13417732
286565109
28167948
288674676
145365737
280889963
50526898
37795526
8617122
293611650
22695061
56934571
7632622
286596637
198430134
7255652
15395087
266246844
266429242
15231730
65512320
21499208
60672072
123763453
255347361
79337777
247707971
224448621
246017844
165482352
6086642
9571702
239132673
238480338
45641412
83739769
127379095
199368984
219702064
219209897
14500709
176711794
6359342
200555923
200548208
199736128
199736801
200095585
199719227
199721419
75957700
193668461
32499999
98647086
131477110
34965984
20761858
127826604
154414106
76825647
16105241
16643125
24486317
9611352
63825390
17144492
108174289
15677901
88879974
15514266
98129229
85404702
822824
12141002
33044533
19996423
11763762
80256405
79770527
29217078
62181593
46723407
756275
44616049
36670481
