38811666
788107735
9912742
954368395125907461
278564308
2446301418
1120799444562251777
2807811164
3572757192
1023158132405661697
773803071155662848
3259622056
85185448
1012560901860257792
1103763399341531136
19388010
3207830849
38447519
139437302
152587233
80072144
373334467
15094971
768154411382124544
4897368380
17932041
1461943826
3226347819
1070919314017001472
344060546
1026488126435479552
1454266386
137559066
2983408472
55093501
2876035620
744384780
1223549755
27718199
35421716
820820580916039680
15928975
51839838
106978073
362380525
1076722672938045441
621969270
17830976
615944113
14695816
139203187
760028
8615202
166422150
15696660
6409292
970884895282204672
21306130
1012699933386764290
22595417
598029880
1132002662180802561
2194242456
937902353151246336
46451072
980294346908999680
14886162
697130453094916096
67430296
1200330399102197761
1199267857978331136
1205811207438884866
1205165580145373184
289603448
8695992
1037104435
14300110
4203071898
1198746955733585920
366053097
10821
144774099
89490206
14448996
900857996
855552702822133761
807239380138160128
33810386
1511430660
1584821042
1542663966
15649930
1035519401896882176
3163297716
265000243
111994205
14804841
19761127
17530129
436756810
94396562
800002613026627585
1180843139776385030
351967985
2516544566
14478741
38732305
712289862
1184044541843607552
14211217
239378890
1133257696965058562
377690033
27748727
870246098
444131405
595798051
876081
13656122
2291853852
523018674
806757
1319261928
1664950627
7037732
768584892678418432
1166299483119865863
41485866
47562870
359680716
544443607
714564905488134145
330405857
1166460678946873345
54655541
537372198
1172019546028331010
56060363
45749931
14288607
18330141
409203713
59334367
2869511548
108045940
1142055978
1159075066199494656
1129132144226267136
11024852
4710776066
67295863
924353933216305152
6641802
17084299
982477806687916032
509731048
5674722
203014443
1153020582524596240
2355181
62794096
30876683
43704436
15430913
1652570760
471754845
33468259
1250501
517490472
15704940
14841150
239649193
49225991
723438478059433984
1125073335090466816
113915708
168623576
427330274
19024667
705021858
42847134
19867021
47316949
576987911
16326717
17154723
3188931282
29979733
15608038
16130949
1010228491105775616
3298690346
1264326408
49000928
56993155
14127671
133252176
8501792
739271654920978432
1025162703512322048
845101027
791780018879799296
22594870
1376981
232774883
31130567
170686417
875908689751703552
50735752
15017608
2303615353
207739654
897430447
12210872
1111357411258974213
119903601
1125184508
14465603
1106582424895406081
729935241758932992
541812990
280231077
15356410
36037890
4217023737
801070103848579073
859722231932432385
959041198571900929
148311589
1067937036
169505740
18368962
1476260142
945501
2857799819
141162248
359213556
291615524
79244263
17950990
16187717
173630577
3151990209
1790831
193183069
509604039
1035676762380759040
22446676
3985266379
2649410544
704471659768467456
1070331344180387841
16701459
379463237
15914403
2661321175
460909682
1018167936882634753
930910432285609984
47884267
161828969
1032526134464966656
829566922069069824
60094238
3118985684
912990579444912128
14070770
42413226
18643839
874987242229424128
385091698
1240190238
216620866
351419713
7340612
54474959
14173438
14437807
10217722
9372732
21455451
1637819088
871778481868242946
957503455
767619900919517184
192664878
3232434475
3285800910
16250278
38135827
15834688
2898006595
779940181
1052700261595021312
259700874
14951766
2218199904
1044376384271859713
943219597796405248
191146457
269997049
70713547
242531559
736835618
635945011
227720254
1036034796701605890
23409680
15677725
1554762541
46153686
486542353
48781419
285787003
398169998
321242168
1343097607
2214928902
14904809
1461540170
50943610
1043048318308212736
1029896599307210752
49944514
35726024
11461692
307727428
141267844
71280613
1621271
271753753
1690528590
292936074
917431958531055617
14917677
290865355
19232969
1651182019
1026840187001876480
1019959735502737408
2191889432
7330982
940084442613219329
279154872
761284341318033408
22343647
14198592
1009846074079498240
915478844055814144
2692616558
516290944
1025209696548876289
971716375
1862464212
1022489366638350337
254458144
169627203
11156392
23750409
1454703332
2330253000
931378830
813640928
3245109252
497712323
22854765
61092332
23783254
177420212
746261465028517888
1321827235
1017103984178298882
307671401
236597323
19758493
909858913033555969
1013773913267081219
3043072586
757548462023905282
73298510
1012475060584529920
26900049
214557552
254222101
16923632
31067157
797835
158663927
513174891
977202254
163410597
956055595030892544
156378078
28498286
913973792153550848
395720897
631163382
22527115
1713014612
3314037170
732064860343664641
943154066
177536523
713763581964251136
4854017014
32422164
999611442234982400
216918450
16329099
22903583
3195585468
15954573
149218594
986515396990775296
473714282
92015003
43062949
970846549885505537
930511123526377478
78442404
28290742
34297434
973153118581022720
257682823
205835718
961714609857220615
2984515304
990083146568826880
15848191
2424562370
1487898889
3326368075
1515079200
984819006220664833
1192990652
92415827
87568162
281722862
833071
403865532
982644529445720064
170605832
22446647
976467261216223232
4001800222
3187413853
14158400
19406716
982360411424030722
2789114462
956442860659793920
632859697
15234740
1896546445
22413478
10612592
74508065
220333492
938535317635821568
442339187
7740752
54090999
949088172331290625
3107991176
15455787
974224369475117056
5523652
386640129
548702694
526055937
3071035579
970769830541369344
12088722
968410812342616064
968162386040492033
14922242
707243221613568000
786571319567458305
18129652
14772091
229769643
204557707
842353938389204992
16219695
108233441
164478889
963770606071238656
400399958
507311075
14904469
955908591415889920
9462852
958564405494599680
497462406
957130219692941313
956843286156603394
840483941870104576
40526875
15054975
109076775
10899812
1217228742
31100040
955210740058570753
1693141735
4763701
825997072482525184
31441335
875490523779223552
15710208
18840522
3565802712
786345043
68957522
917020433383387136
4150411156
2825610204
2155479107
14027802
123845062
822557389274644480
1508746440
576220783
14174483
1203125749
912087518698463232
57509070
12346252
288318172
4681342658
550022604
39472539
46991917
4675212289
22589067
883178401149747202
926562331370409989
923888824203149313
897306830
706438663685558272
1483622947
220331111
3380776217
497835415
60566478
3254260849
974721
2306513594
1319945166
747412002197278721
225018970
77296580
890101
67579326
739513966645379072
1447289366
775661822791847936
874617183879520257
911001591607644162
94540681
905060817019789312
902770282259251201
16679579
64783497
792241677113012224
15366608
897916484428718083
868522048053751808
630327211
3192516839
39190365
3259261422
2810288712
172315839
27370703
72238031
732990193377153024
710045531892879360
1296296228
823329
801230931272994820
628270697
2875958054
46027761
747989574928896000
874585592956321792
14206645
890740470002798592
798065479730413568
888608974437842944
78207645
317403562
885429001816297472
883079678906572806
728390518271442945
779114675518574592
886195070478757889
436544144
1398528145
128479311
824219278459056128
1870319558
15026992
23286383
15436415
885081046580158468
1220564335
877428370539028480
1051816704
876146610232860672
851699994910490624
2933505006
721072357574590464
879133748918439937
259248422
878729250563657728
878303316488466433
737554932492967937
3282065239
630105356
876298204807143424
114911627
869431880885645312
866610728475783168
803471572509917184
296419657
526295631
2179187430
1544873102
268229875
24987895
1487151
2859631754
263821932
17786309
24772763
14354687
9856032
786256863318859777
862231772574044161
801318630520684544
4914700587
60847785
706864727222263808
7566122
561937442
858059181424746497
19414157
39202399
734975154208509952
824886467721703425
31353
7489582
17867186
4919251818
850179712005677056
850642015725531136
208957330
14629129
144638265
847051525620928517
589777570
25910381
798698098876784641
117698677
822351943981027328
20530059
19054387
46296611
840929717591007232
2831338680
263202276
844135620515692545
5931232
792674262603661312
714868851587067904
21404116
71885183
838954904248934400
151385998
835311789239910400
130511618
2954765324
2721576836
3064199782
55160211
3557691135
828688517962276864
3017927202
533409964
830899040183316481
804461591957741568
75715425
277899771
94122137
312642619
824803941661581312
2436932576
814411062
719970707254484995
824812182114164736
2436655256
14417300
24678215
42023991
8617082
15083155
222332770
14667770
1412110081
28928777
15638672
9949812
1386944611
92475907
63871928
4854579250
4077595635
821307064052027392
16167893
15643004
6395462
4514153234
3044943586
819440044880449536
306295601
2517254101
811400238502178817
4718223936
177543335
16218084
963781885
25752416
3417408815
810976151694811136
11736872
2055621
3657331
1425508644
8963412
30374920
259127710
796228122077171712
34577356
2545028094
1681067653
4588462889
577570955
19869148
898691
18214893
75276130
41568822
2626421
19062471
28097508
346906905
18092877
788727331137347584
803270346296193024
803200662393667584
701607088338952193
132818364
836216142
245456770
32241745
800965456517595136
82878022
1698830226
25471626
2187833527
2173796998
21759987
973114550
723150448140546048
786041835806269443
748391882531676160
791183734544269313
32370610
33778021
797045235167674368
796735798431404032
274817844
21585054
795097827047309312
989796907
794886568930525184
14431523
14849103
461222812
30749175
40848770
14852714
359896805
4052034013
788297387198521344
237236117
19411724
753465790897221632
35555248
17015268
4727220217
185581125
183163757
778335501371572224
2401473309
781702644926705664
17483841
11747
112740740
23036276
12223492
49575745
46616971
15956978
593709369
200519952
28839819
23863969
4104108323
14274336
750463194657939456
777506947499163649
774838354080731136
945772279
2260150651
76606693
4887599307
768479731696140288
1637950514
3062276605
3121336386
2903217440
3280180292
3326382348
15684880
768803640157011972
768566291045036032
768113732740263937
4023531376
2377949766
4292171
3316040585
2880216032
14247295
7920672
4924735147
557219900
764722062619324416
15718600
186352602
15092532
722995445383979010
138568005
2428469407
34226352
2958299328
737808972485267456
15099054
652873
20011615
37387046
922041
18690730
123914269
518225327
1687605871
3793330480
18109327
10397722
750134967078760448
2848172241
53711261
761279141614198784
757741966712901632
75644227
720927033207881728
8592732
739032096262365184
14073306
2399359203
4759631
757425872001314816
4326291374
2823306106
86248759
199322850
2162791
62072406
755399751923863556
850436503
599479570
3433431191
752374824509575168
742808044594159617
2160554328
751379676216512516
255405345
147886345
361161256
131453378
738876409
15016157
701225891599249408
1312878535
41306341
15936867
749019727117312000
629224290
989718235
3902427913
3242853967
162896735
16254004
422622252
725121954408062976
1910888089
734464748859854848
713218980
744342152725966849
2983167024
1305940272
2838525800
21641444
3222968984
1715085198
25481522
1255646863
30359792
743988262553821185
740383111486177280
727345683506839554
6273362
94635588
736435273349791744
1419591456
3810192312
729626944304775168
81222959
233585214
259369128
150354133
19025994
2872875258
734794693985329153
728642587532222464
262790963
15661864
50466585
1877714197
1048247126
15662351
709432835321389060
365063260
2987447286
15915519
35836574
3318244940
16300572
3565601
194062982
21996768
10250992
29168649
401221725
18641488
27732364
18363942
4218299338
37010426
14387122
633385022
218224172
36363722
287755950
733217208
729249406445223936
12304052
170624352
18968986
3728091915
55773079
4149215236
313859237
715810691559604228
234221025
3368362593
603220856
414641367
74408921
122875717
20356284
46338107
15684309
144092431
74859513
3012156151
721284409832267777
2895376495
3515974647
1004190618
30834277
2289270728
16236041
4506202267
1530096708
2384707615
3868590434
2155831784
705808645464965120
2245488150
294441641
4800553634
704912514467950592
716300755804819456
137634852
236305811
39271341
60190719
177078364
140817492
4152669974
25629669
2708349618
15214381
2297413962
218627403
79448901
161570737
21527424
27767462
89238578
15075911
701607910326009856
9714232
31586445
697051391953670144
2360149560
702691088654467072
186538014
703816196135583745
4754957470
17711741
789716575
46791535
146330432
57292665
66697740
50436881
11083492
265968035
401834252
3008847360
14431173
143430194
35121912
128235734
22241457
3344344762
241861579
2316406555
131202390
377767172
161428879
1328179496
1069710120
181130657
26202401
4514736973
19034921
4827912300
3350937383
3062169445
1226026860
11189732
46994665
3000336884
1397508686
100426699
17472153
14806423
116718264
4874289952
129899559
3058771
4361343021
2821178242
14816103
15005347
4744196292
52991165
4826788813
150868226
4026655048
22726858
4794129432
14376716
514549531
283596743
200874658
4003149718
18182987
14430935
338785232
18244112
38993373
163497207
1374303379
14165217
105481822
2387902350
4680235578
4534904180
1977406273
26017050
776724404
4554196273
178896312
452239039
34462908
390062995
46898201
23912073
4528844384
28285926
533107479
208890805
34120843
4439332273
3054049890
2430286980
2571896461
2544679362
4308363203
2598500384
3695035817
2154461958
4350474079
458504863
6043612
953491
2245326128
14369003
611126315
227947637
3646948760
3190459943
71527226
4178367503
187378947
19006170
15763958
249394301
2898793692
1471393621
69730289
1105312891
2153897504
2595830556
292245406
36043235
19671329
14845662
746360504
3115423719
326042787
252556523
1642760383
4043005760
384181130
771712
4074167968
44104413
403921350
13640312
3325757035
4055929572
2167021
20029996
295523228
298719940
48843
2800780073
26910186
4001932219
2471316128
339732157
19092992
40844706
15241033
19073486
21507094
3988546277
2249090018
14947106
23350675
17829341
36986008
584553460
3598195102
14253678
78464905
3198245189
1057665338
63363850
17682808
169652210
19487037
14880940
603664828
88007419
969275161
3741325408
63756407
102789849
37539942
734444737
165509419
73140017
3082259123
115371127
3272004860
15821160
21869181
2431027934
219945684
102357497
76740704
481847567
34663
49075263
911589258
121372504
16627712
140215422
3611956277
187990611
3447462799
295450016
164336718
256424454
3397987398
336894173
341560535
2736082734
341561656
722727204
40449158
164704662
1956490195
2806932499
223257327
421637070
88962590
259447291
40109079
1201120800
2228409019
2823937166
2796950072
109086082
17083363
85832851
240805704
64413673
56823695
163803185
8115722
125071102
189544626
102099663
81295822
27093292
2562503160
107770718
132963417
793351
651373
3103975585
14143421
24877257
37109824
94133565
15275777
362931263
70346633
2964264513
2675586505
14065447
12499722
73346958
18411928
958479768
357002344
47688839
16678591
2223519960
377431232
1354669988
3351971355
13962122
295474106
2711263488
2181290827
19541556
100288973
3241156844
235374799
370102974
26195058
708703863
43483128
34915131
2381849803
27064840
18987286
132038130
311839890
815661
2711421331
3090198593
1370827814
43788031
2290889455
1517948053
296143600
2780798138
16807224
11706142
193687590
3232137366
3521311
14656258
14048901
3259419977
19978070
256392302
51988420
2472851532
34859516
58508174
13689392
18734028
14115413
3189147402
308392851
17767328
15429534
851744905
401185638
3190253598
964781238
47285170
610904341
2539761
19350236
210906731
3238431707
63019746
243719341
2991718998
15822576
146037772
2996344356
65995675
3191113073
528944169
490163464
33683233
9610222
327283305
6000552
150922236
14700036
2823652621
32274461
147983778
10437312
17170007
3134022036
3130112110
2663727643
1585777736
115733233
139979535
356743218
17157288
2555692116
563554783
14042282
52961964
22896381
17282431
3009926619
994159292
373329619
94659209
217805262
19376058
13208432
458619342
117366960
3035135184
11379532
546713454
31699677
2257886941
41069852
14367723
25142426
1202603702
13141392
113305345
175061032
2624
58425835
62536280
3062030263
2993003528
402593195
14223539
16864570
122464466
16627764
620691991
3001516367
2890087500
3540441
64171513
1013675209
298317743
3024510512
3024529057
181498397
22603027
77908845
236758996
118337116
1016553810
42601457
178605680
3037923603
1385762767
368789752
434760258
1124610157
133269496
392344084
15190830
30211831
177393789
57792143
14452098
2490306782
14562990
125162383
185992420
43150095
1711638776
2892508179
2522484660
1026741
2891322620
16281455
63819362
1484162798
22572168
61788425
225179981
261665936
17353768
509284940
284420368
1964139290
229229197
2242044090
39451455
20555437
466203707
15751438
2278670270
17156711
1690731
99354343
2951527395
17527655
140234059
1834273916
14069089
1233959352
63682979
14625320
228418229
742010083
720249504
289686028
1666425085
447415331
2917062164
2891395015
2902481975
2785174017
88787804
288110968
210702383
2911300182
582484577
19960018
2643453636
255741407
2244991
2882746914
121057742
32684591
40720843
348729636
2347345940
331028328
44369139
74674631
1682832313
2305236943
33431328
23027457
29875567
244480670
16218472
836142792
2851700801
15237619
29658846
2823496112
11146732
57745546
1465583910
14471876
19564044
296769830
278332125
45633
33008329
3110991
1407461
11921352
8941562
32885253
254700759
33712006
2386042986
14066709
6675742
5478412
2416250263
1619617087
147073424
9284692
10196742
13709112
32055506
32955805
33143005
19958187
227566552
1318092516
18565851
14767473
437566725
14911927
17646404
15563308
186553879
51276407
7520592
2172129030
811900
500233428
12114792
2542366370
5833502
1115784079
182238174
571698612
156366092
590102671
1841415750
196054442
83352048
286607286
46319636
6794442
74677810
2775757428
250726028
16780743
2740210268
5884112
237048259
41229610
30622373
156080288
2165900196
16589509
842997348
17184892
179149568
1043686752
251399575
334596482
2697315355
91079515
108177597
18619339
2685436339
1855999880
17638705
95347197
236294961
16401607
16814225
2422806902
15775923
372314328
299369059
34587679
2361029376
2591112996
22726430
25964393
6673772
2601330014
455620364
790081974
48785299
34911456
146996050
15891804
364602111
146377057
197336701
1164810300
220910198
1619051
164000705
2536436581
105293887
1347221239
22353181
14398150
16821279
14598860
22422121
2448326953
74816316
12862832
2458223743
37556849
17342430
74464849
303791300
37414039
14101150
25743701
8791612
13511382
1155294366
68269817
6603512
14559779
1375560805
2580443351
545548428
43331650
16178446
1260364075
18624739
114569616
17812913
2166341
14463418
491954971
1647702336
136520561
2151698232
565223
15239443
20833573
14715201
2287487010
1217150143
18139125
2509244779
2302065008
432110037
1583602142
100761980
1724808361
24819922
14190923
1674835352
6587722
820082209
1031971
2535611729
2426685512
293770443
2466033355
17437733
2254452062
1444322156
223774616
2370934057
2151740515
15671344
2453021496
22212407
14517124
40279483
772487222
18292135
14372427
242272455
6306132
437901874
7657432
15888223
67815277
185597944
2377653817
2418820776
517710986
43061580
9723932
797805
22454921
13919662
412695295
2313332804
71152416
8635542
19766752
2316217880
374955455
2385458917
8075572
19328321
72826048
1731386935
555634153
2344305278
1810501556
22852055
33154233
350976550
79885214
541130371
3033391
22886693
2364311
464314327
79749002
47507303
93101750
238933059
45723636
1724421
738484069
78587780
2336407981
15985034
525930976
166324377
33760038
69288359
18475000
2329881170
32365102
2326663027
326568977
186007324
26228332
227173908
2213390972
14509080
18039108
134513525
22473371
1602004962
1356328298
325328148
2162646566
140056982
2277853850
14673104
19903981
95559664
490935278
827898170
201672124
1632720991
1060980181
270365353
60650808
1846111
60091011
167956600
70044339
1289501
2225788940
518689888
572507181
1128561
549971817
2192786250
208832009
17873710
14325398
309444946
6549332
14906233
17728231
378963913
82020712
246988377
391982345
2203881398
4411041
16829225
1881303565
59955592
2179745636
147836173
10378002
8823422
20731866
9381452
2154665377
72771762
1641726098
41493987
1075190366
147370299
15557443
109967628
20826817
279797110
275361963
41084938
1712252714
14811181
18079637
45511681
6765262
212187685
17773620
11311462
6998432
1132791174
21660050
18635477
928354596
135087339
203070398
65577676
600831367
1156681328
1890876343
495917922
13578552
50264379
163766870
1737383886
17979340
17397122
88131739
1580486461
15267017
18890437
178682970
23005164
1730081444
1714224259
390658518
18089617
194456142
18624346
1147493041
26143945
121414645
43686619
16168017
22128262
1747741
63194405
1624055552
361616505
735844561
1659874500
143488963
1637583512
35373186
95760783
70963452
201161763
23418485
1220199048
8531222
13219352
625218084
1185008738
18401667
118317152
25960714
571428993
733281570
15339722
1572326876
16637496
1552073526
16462890
1549191420
1548289219
322346402
22610147
1245898470
1483741590
25027885
201799898
1394155916
30374480
1209499525
16666042
238436945
124615978
88074562
71215686
372690940
17798700
582064823
14121551
6875652
17213531
579640674
50600465
229468736
420289613
898152805
161697238
1414098067
238327718
92456895
1405559534
7418742
1401111258
18409166
1341660654
816763028
1321955552
190533521
20284020
15023020
32358289
14890068
22344017
17667371
777398856
12352272
610929563
1283194771
213468712
22590263
294786557
1159592646
85240994
1326702684
335711552
23930617
574688416
1041847806
1319141648
1311013746
1291077302
90034532
1258315926
119219640
24141378
1160276970
889844442
564557982
770873005
618616024
381268219
1229088133
1208910126
15229915
168945426
1158433452
188734407
36554597
1087038698
62227688
244095296
308726213
1240332103
495294664
14072864
17742234
12132432
749690208
18668497
25292957
62529223
544253417
1214177611
181083470
13081712
14906194
14393430
30157367
16554178
14219827
111850684
927669343
19708606
229502009
218458724
38310457
23882628
223352482
14246782
47324569
1149969691
15481850
388570880
288897979
27620039
226113151
13611932
5758352
272242439
79014242
24266805
204662855
973285472
635450629
469033394
157918671
17937485
57346747
25798476
51918018
32203618
781596781
631741925
237608987
262768558
33259123
1085466410
1093786363
504675509
295572768
322534637
448887781
436812455
1042277053
5784732
1030700396
234595126
34510807
1002752185
235102944
8282512
1025531336
149162399
14685612
14817581
42200093
18009961
495051074
61477429
386308712
23422092
31327870
37871411
1023166988
219723115
869261827
109158166
11397942
515216883
1003687585
779859534
1000812840
724269042
358098016
18151337
837615686
317016362
14401626
118995896
758451553
858199320
786642846
12351862
873602917
19263082
804774
72732629
950510749
857567365
17969520
15692160
55772206
366830413
13185
69648081
60022891
135146160
924177714
863419406
214772819
397431915
765188281
507385555
40752766
21186051
209115566
266516632
703323230
15050504
233475325
468707598
42396896
147419561
15413437
6534002
14611399
152480164
20741141
270415156
78747894
62120925
3201361
15522370
348947078
234599047
873406172
182923920
735696942
81257996
821235823
363931765
41673568
12258112
136240290
555001332
236946228
50675511
28134584
852692059
133526756
15000157
68026350
56185803
26830351
384897948
17588628
74669988
16010940
2582861
16572672
95487632
9289992
342880948
523117415
54035787
540849250
217383959
109927223
26212176
241420597
185716131
803742330
41795237
174202625
157770064
5515402
14583084
100238634
808614319
28050208
252945672
797755178
495063100
52096946
6219332
786727297
754319006
329821854
14823681
776520152
773281237
29163655
8243462
571636470
38663475
18468696
111383200
137308677
108962551
7203402
57390141
31251003
764315875
171530810
65341589
27150431
183174863
757184858
44058459
56606994
129717047
94574135
176691445
38875688
551690502
167194234
35753876
606483822
20049671
1825281
3649181
41858914
15472169
242706754
608867961
585315404
12020532
3395021
67601868
18670107
14336120
573361410
414586731
38638968
351232627
199653412
313018688
18492318
15138856
29152417
63693706
44845143
219620716
17896934
7285372
234841262
440519278
58743626
22352747
14451466
139871247
139859050
69198545
601501591
332060815
361654827
612475198
13706852
598045146
44348268
14206699
155275109
295013901
41798844
571542559
597380512
347181016
17956565
260921934
192817353
12895312
490850703
409714880
16865781
614107998
567887004
804457
20443403
18420742
347739721
14152138
607775855
216597213
7480172
82203
604117713
229259623
11431062
35626322
15004241
66829942
32213544
561121751
561143719
14180956
14129253
373317240
290960278
28254537
14491775
592685015
592568993
592547771
121930540
589683398
36895059
65253970
176330828
346939616
19127542
21328051
30812930
130416490
14314514
20843599
460154864
15549074
316641628
14907048
236228980
14833053
50761155
23725321
520770025
185243885
14486489
15872409
18864160
23009949
6299172
343774662
64554919
571121827
25014406
15920163
433149775
463322598
51656510
61073118
519921631
569995426
41581659
493088747
170591510
21624641
563362337
14559999
557662943
14394287
281355444
520091714
369442522
18084928
37099786
174399482
545794065
24184106
38954497
9474872
13626052
14068376
369887382
531833374
8619432
15972080
16464541
2428741
331530376
22250729
5715542
335270725
17776637
130652748
515251457
27557776
15218547
12790862
13629702
17506128
473433668
173431180
97405238
517916744
5380132
3218781
16787430
178464405
265732286
94261498
97292706
14562999
14838292
16143069
115851894
18299613
18314044
167420591
17137806
70930882
388581093
126954913
101938461
18436517
30489954
790734
16472460
16677964
37612893
14049683
33699901
448148909
25435149
1158961
134867349
1406651
18553949
16801121
19643602
92870117
26595855
14718298
310178659
483677575
368303452
139647888
16431566
321213046
16477376
13994362
15184908
470080850
104569820
16166995
38384508
299333932
62269239
287165215
299025769
112342563
471616461
464221735
18653514
395772692
462480726
20344999
17801341
35468848
467297005
89959465
48620724
462824216
465228392
10149192
27130796
239657620
453078881
221340584
8258902
16455419
18919340
14067484
193047852
26334835
409788486
39543
17074591
211205958
2861951
173251433
294948001
340074196
17444815
293493879
435057199
373406227
15374537
15105837
39214867
19129719
228755140
44357663
110899026
339487687
384137772
19178668
343201928
289767689
130698627
12164032
84521384
370457142
19490657
93678207
241599466
93004355
179638216
14407079
207351792
46323053
18107355
386039924
29190923
14898714
399109927
43479503
296545919
14742766
398216054
112277951
165999988
368101357
23880076
81735198
9427782
48230811
393211568
16154981
322914220
3090621
291023135
44897207
10403892
262099700
222018177
16142189
20270873
290957493
11832312
118566385
21064447
16882676
347532775
28541738
372586389
24653070
18581358
24150055
19087306
15202364
1819361
94161558
14623932
75898742
8119542
212561989
170974184
19288656
18268293
345673106
33899120
19336588
97693205
211600702
330140285
351523111
326093851
340107929
112995444
141136127
333911627
25401323
152977158
14096201
325537376
268381487
47899646
18895750
270901361
230750158
232823051
3355791
334579209
22111315
7832862
143298526
16781518
21536069
339983067
247523227
36967667
338878290
11212792
14538177
68442170
14797399
83420482
14415155
739293
7194212
14460252
327368080
31102536
123896148
327833763
48878664
69975595
13991752
39674238
19492988
151774839
271836159
69849171
18997446
205128369
11069462
2477051
69611513
312602072
311329391
278376857
15355986
284377311
36298018
301693471
18737912
39727715
21235822
23180488
46092948
193916027
15873714
12271092
260742216
242972913
171737817
293234548
134779059
14175247
226037655
286522354
94716595
14802693
36231889
199423238
109036778
8250062
260888681
278922251
97396929
5388702
42007556
60773949
172652106
16497862
14945180
244270712
126557836
170072117
271737433
163089961
164243482
24793692
51946582
272785517
263195659
94981921
35685390
12251332
211318951
178446757
48963997
15816632
7753022
242958814
91004913
1388961
20967389
50903303
244714086
229017026
238575113
14234950
257447689
59367706
15251309
119696240
14737705
42927633
255290857
21619695
10243022
248992686
108809328
60463558
15683048
794784
14451772
16987190
41486802
53869312
14804579
16430698
12596082
49547588
154515217
51656397
22803836
6411542
227862243
21998521
15193890
18470104
242056324
14055342
95305342
6486382
216264470
241103457
14168247
38538636
173667548
237479976
237728048
18333434
158633608
227513396
25206924
12127972
14477458
234242415
32285019
23365443
14914091
234242393
17615341
4457141
36546791
89607309
54265022
6749652
211005749
164995957
164002648
16539754
84163797
13356542
3065671
148432957
23520329
223999302
14384409
3099501
17225470
132386558
57584404
162974165
199837809
21178751
16795132
14541870
15901282
111007320
204104456
42853716
88353630
128699461
47877075
16360571
15376267
208976840
18442989
58051344
209359440
22190291
17994342
50737978
208891915
208300320
137892503
199129965
28228117
205442478
7844912
205451144
61987086
24805644
177251511
177251340
15392350
17141311
199577814
135483288
181111317
14980117
197735958
4457511
174083824
54811393
36338094
1584601
15268979
60057450
17694160
74004987
189680269
15486485
129129249
126868275
16011466
34442480
103704204
129380613
181192932
14303629
28965415
23677735
24064147
68303830
181856876
181155523
180911008
53860065
25423288
34625950
16144702
33521110
10672172
53226725
15170258
9044292
155015951
167230111
16997146
175427705
30333255
14434639
7281162
153205716
12618952
771470
119331996
41547703
166833807
5585892
15549368
17747232
24712239
7381872
126205077
170290480
22030425
10805072
71337226
16713049
163807519
135432729
786491
7582762
121287429
77444207
26627700
63673796
92473433
9063322
11350142
137936968
62859629
43779430
94020741
153317427
117743203
14413569
89832027
18298870
9520122
22046942
96958242
16167454
17956644
144867892
17127192
39202382
12624992
15725330
83518482
10374932
14093385
14621174
136269031
121609277
24128584
14470985
779452
14045752
3275281
27078233
140009055
23748541
9449232
17553412
7403032
16701170
135686756
17636390
8557602
45109053
19841902
32630550
114163577
14347202
133573787
21324541
17432186
70559577
17353357
14117658
130766618
15466915
8495422
14769169
130958605
16964916
14907643
83289435
15462754
14748668
2390651
44685907
9140912
17467835
116033007
112777122
25186936
17674614
113306848
96249839
15593588
2241031
15055305
109182062
25046270
38120429
7615072
69741826
9096292
14380900
16802736
106536353
24263
35025515
97465490
104113934
17752137
31410322
7855002
87920222
20673844
41652221
44086304
95345146
96665433
18864066
51899017
9196162
24957062
92803552
1835601
15506923
86827736
94929825
28494352
94400809
14989497
17569848
12824092
27102294
48389968
27507512
53549590
14049721
19852614
14581863
21153353
21634431
17097237
9642742
16026006
9648382
8100882
41326165
66563555
10480482
21480992
16362036
21475660
14421746
13651922
25298261
28552896
57961091
14082156
76027366
17432163
9376562
12486322
9561522
42295811
7363912
12425912
57497246
75213800
22432590
58735771
19968956
19971164
73574226
17623670
4755321
16328203
72470137
10851492
72131539
71263230
15154904
14730703
6190272
16072425
20023400
65362661
23873747
33441153
46337179
19117096
6820932
14145195
14164724
64120375
38226678
15580410
52359529
60810508
20458197
16281844
56918766
31669146
48833710
14075836
44819575
52373623
14784428
56981925
14731733
9558922
39775071
26948244
9198142
55619487
10451462
49892846
54744986
40414940
11078
37979574
52690979
47741859
14070838
51305605
7678792
51373425
50677348
22799868
7331512
766959
36296564
5448552
15268916
48417042
14676431
10173422
22892429
92623
1331551
16283852
9417752
18274098
14473923
17667293
5929252
17036982
43287752
15291501
12315952
24346308
7863222
26113365
42324447
15264572
17099027
14394501
30042481
21839814
16740116
12764352
18239001
7161502
26201354
2789291
28892334
30423471
15831753
28781498
10454082
26463801
15348784
19682566
24511829
25261820
24985921
24850650
14985659
22225916
16736682
9720292
21732629
6691002
14365205
15217576
21310523
21469205
14769432
15942137
8870632
20283403
16951355
20356090
14606662
19952935
4833131
16680600
14949685
8692942
6083062
2276111
10178852
7974522
18616109
800364
18830566
16400158
7010142
18323605
18696750
16361394
18107912
11711822
17528116
14827241
17879852
14282448
17483995
14223097
4855541
15743570
11926682
15342691
1011731
15043781
8201652
9513362
9085242
15439395
12141002
7096102
7351102
16218329
13896152
13338292
15413774
15965852
14417040
14263151
15352541
5552192
7900242
11925182
14504811
39483
5456222
1734001
14366701
4690301
12685132
3767511
8075982
9932972
6031
9218342
778337
14131368
11144882
8845232
9138302
3273101
