4484386293
1241645427235139587
1103183940846792705
1102572610095767552
14879534
191772495
43323995
197759072
1091559985
1142526119532515329
1549154568
1189616503378907139
847900584980078592
3352925529
93928479
996687907804073985
1094490642342989824
1229699053061099521
958641689517789184
223231159
16079660
1037548569467731968
133631433
20812888
27013409
1233177340441776128
262572177
18953766
2204636042
1118165684763209728
1185357046616641536
18185523
849256735361699840
271058786
4203676144
1084813218361544704
970961171863007232
832618647600246785
918485994088943616
3129463125
2342245093
1733993412
3290071630
1131900463681605632
4665653056
147654165
18565111
3307377695
4263007693
124484283
1389132409
1219482155551772672
1146885822542749697
18136606
71762380
1224302012759715840
7516232
2419391377
3978925523
1549209552
60760075
3865005196
2384071
18326200
21423768
67941602
314860080
22963112
16143105
264458612
3435395447
780697160
735954684981084162
23863969
917405209579655169
76894627
28862870
14866124
195308734
963884836162342913
2789941273
256900512
110198955
5380022
255517813
16130949
253449166
153158056
1610881
9943232
41577553
1423178198
1010255127356162048
1634706151
27841081
27591900
900436693
4773067157
1012686920927899648
1078126694
1218141215595606016
1171386955013267462
402180727
1688796331
1126977995242188801
3296626600
975459717442129920
27087844
33486421
137806105
1214115404395601921
55547770
1742237821
1202904274134548480
1209904883555549185
790875266864209921
1199650164270493697
2230347670
776166459261095936
121557269
857689224887365633
1431348835
571902552
27381307
1169441431510892544
741545062979522560
2751914126
72719371
2878942311
2365418737
1049754980809416704
628185670
267198756
846771560014852097
2603575639
234309722
1202331161739087872
36989830
633700365
1199704819650437123
1201468485878063104
175732165
769625686143332352
5552402
2726856502
1036985978550923265
944291984675614721
926126047
930052101102858241
1084822806372773893
1196370438869471232
14283035
96558724
953308901075832834
241807596
63161386
1067102688268218368
1128208750937030657
119452969
831694430
67700489
98685098
2359297928
611721065
376085360
2373679165
274650702
227753217
30250764
277433273
185439302
973101462329978880
3130969245
23078124
19442313
19238958
1030418139136360449
1410190320
52659458
1163810866275311618
1012882169604083712
3358451320
207671241
1139250565303742464
1574674273
2283376670
120337379
798136760
30799501
4738101797
300406652
1195441345957113858
78625093
158416292
1189190173751304192
1560363475
1135818397
207425688
732594550607339521
201346529
1001393729591304192
78026189
618984726
826980018
1133741934852358145
636456897
21214383
1191419480817229824
22048180
2811984156
3176665059
1179238552992919553
470613803
1081567509004865541
958185601
1189266147465666561
41635446
836678619166486529
16789906
4025495236
15688463
19136693
102351303
43301245
15577394
1121083820818743297
227187870
19401637
135493293
744961590378774532
1105416019575783424
1186748035470155776
1176229838979588097
1056527433971781632
1130371075127164928
221449234
18509815
814826774
1147256623053889537
9104202
14879193
841631347026333697
2365166809
1683732169
24461482
1056883620860829696
1171438406271811587
810915799498190848
1179055589047095296
1175383973771522048
1161922568808538112
2391232075
190384771
49921739
376478408
150161611
1053270441408716806
169847701
1167680604198068224
894033110
15144532
518838727
962672120
891767286033514501
330398843
430053958
946702058912088064
483834412
1163845068719120388
1031575134300033024
3351551
230692748
2431686332
130490305
795431004106354689
922483242619383810
1170972648656056320
318088798
734800653135060992
1236726956
15084892
169411292
111093392
2435390142
1169619036575084545
86538134
221757465
1146379516442316800
131325581
961596594725572609
17235447
17345328
31173099
2987122085
214451936
777894906853457921
886949292
1354386404
1160318529167667202
62185076
1162736511625961473
1142318318914809861
1161591768954990592
57773519
1155854026107498498
532115122
494951787
1156648495069192193
1157393735723945985
17073404
722266969
22658204
2564134865
1118422823687655424
58756672
89885591
751749362057940992
324784754
33651124
1655660431
472600999
40882910
2167247681
66506379
913069759603888128
3303045942
984112038359306241
1085493739936776193
20695447
2170380296
2363105148
2348301866
580016954
632591287
1153297088303771648
30698916
1088364033915334656
1040815020
1091430246652489729
352219219
1151218840677826560
1032901338391355392
3106170107
54211414
1085221540906573825
166483626
1080531741276884992
1046447156637372419
29597746
61762488
1148048485125689344
1144224775415508993
960186013
742639456080039936
823740494781911040
1013612347343060992
1299060908
283200815
1851629898
252090197
31787056
221032511
37989702
1114407176011784192
2214727674
808979359705010176
131922239
198416355
164478889
1117420950281183232
930749122868666368
2810688646
72036685
1094001009188397057
77427770
200456671
3024611718
10012402
1130836976750538752
842000937505968128
817881870
748091132
2783740244
1025076275314978816
188767119
1049764305388929024
1337118332
1327796756
32159249
1122314163383095297
7160062
3329204837
434091746
11637332
3030298181
189548161
1359677059
721155911776124928
3220752032
1036918073087934469
830016077191065601
117352898
790102253172588544
4177018755
1169977447
4166670400
732190990027608064
885848580648570880
2882951925
227332336
21392653
284166888
104729030
2797431115
21594615
2814314986
2613420692
514178558
126059894
963268201
141252537
2252097703
48364066
50364061
28788786
907827827424329728
1106474046118604800
380337051
1039560985705701381
452920195
96408119
2872545452
3826631597
760547938850447360
1093967900942192640
30626786
2586048146
1093540336390103040
476339723
743294666171289600
1010638196
878192402779041792
52675346
1041632888192610304
934812811733225473
33835409
935995440792784900
1250082110
774442245055389698
14309386
14116250
3908791276
841786994439163904
1063129044768710656
918341577507880960
1082945805697409024
2338330770
55857505
476111668
190267152
435727386
469539361
174736228
293651076
948405185159815170
933375948895989763
14419259
1065869163544174593
1087139118574780416
1085870784952918016
1002536124227694593
122336037
3088748861
1260915858
936828490057437184
1082577362976423936
342951051
49025071
992028246668644353
1084925554082623488
2967751053
951073063
15286612
1017078792253333511
803926281066807296
2810140122
1133199002
873302389
1072086152797130753
1068850525393903618
267317275
993834236879745024
197366956
1614507745
29460483
558686162
121777206
2465327948
219084100
723159526879465476
6587722
198902933
57049843
621133833
792577891292712960
117682030
2291641710
847129554
294837468
94189554
20342875
334688797
1047884194624372737
3083719542
1060090582876356609
438729858
108045600
341413683
789292797044064256
956289882825076736
27883670
11549322
14853083
972573234750205952
912454566
812324121166147584
28023025
636860677
1029854169421819904
93743265
4260181
244371808
3361063407
1052284221023297536
334991738
26951228
236881390
3225783883
624916138
360580596
71058614
629155988
992800448
775647982754684928
20049102
191368435
17505966
2174342689
1036965971603456001
2543348412
18306702
278553853
437591452
66957508
1042372540239241216
1040754970667229184
1000065703687307264
1029625120044797952
781224470879072256
480593021
44143311
2887956802
863009701
15097474
81907376
117360280
3342724209
74158685
2596654898
3324460439
72318321
877616433609318400
2876078391
40189989
18687323
4842863987
1375449546
975273395649695744
3272004860
4082125097
3037533599
910320866
17850785
70002124
16308536
242891059
895241283681300480
851834850839584768
522563067
2283463274
15092532
793466809148137472
791220571849756672
977158814095982595
26254137
793928563787464704
761200292188725248
233371749
190175384
117972640
3336899433
462366624
710810293207744513
2951908043
957947484063649793
811861793886863360
78241449
80142745
3345460241
211179164
950314665011068928
68107018
996447154439970817
852075809187745792
467796494
417885365
14567800
3017970273
999304752038121472
6180462
3370996024
993206714227941377
1435074373
998968911415701509
2882277423
347095939
708012107686670336
317270777
26796481
3369770914
326077427
3839061443
135076044
114500734
1669097940
432957426
326034810
2742098774
57944123
1005031694
22911650
14740868
249042404
823277695
135266269
2852511328
562897921
17232243
918420603396395009
974716085328105472
1878836546
73159246
185708844
75035418
250131374
865339383200702465
959466797262168064
970023700740362241
306424979
1876214630
2207166918
5087741
961954466491715584
4117081599
905070483430920193
23667725
1974358362
273374190
29413554
227704499
735712476185038852
940354449620402176
1636672459
2270431517
16531850
4353298407
321285318
890513820132790273
44410209
4016728905
54528491
577427081
904777729991737344
370721277
609095740
751804158282522624
918032235554467841
926228042338455552
283331152
63587061
18638210
770867589207633920
4236247752
238092711
1073388199
924170924735078400
2584048382
33854287
155977855
133239513
907543369
2776517599
191765442
305124085
1560731778
4560789095
1255406035
579707888
716213
108444165
2416441287
492183284
55380644
96310973
2262194795
16935384
44333
774840022281359361
2537185316
913015235702910976
812440259577442304
14534523
986262836
1527972253
34061973
33407651
20178835
66642602
1356383977
390159434
34365420
2873817562
36956198
39351968
560917735
2166602198
1057452552
2493407430
718153075790360577
2953252588
396524829
900882828543406080
3630418754
771294337
1578360067
308709271
34507577
899300152141393921
94997082
3339117243
2855534134
810192332628836353
201262607
3419962708
715580066068094977
1167122150
4893092722
19042414
294574796
169403525
71506967
23622967
1391209044
390257716
1550472188
73100625
809434841766907904
835426850100953088
1138409204
958649520
324965346
3443391621
867935920036528129
708344123619676162
49344076
14275309
2903217440
1370443994
184199979
1449276984
1723263961
824361275710984192
782075573740965889
11533
129019380
269034861
2865404679
612382284
91103515
792841966811742208
23673827
749527195949957120
531162864
733395976174456833
823503290373705732
215822029
2967533927
481387771
875112233478619136
1026750260
855612889771765764
22594870
841811845811974146
10049682
15282856
873508771
50286997
25087853
407136271
15027761
491341869
110465562
2153873249
3299730071
16850732
92746008
112508531
2228378384
780401130929086465
1249421005
2960844881
148116431
2281964312
1151537048
2490481441
844161029894524928
208988759
4917922363
804320148572274688
326093070
850424819699109890
6872082
263091083
546268160
165909907
720586389503492096
121704381
40269664
324238624
19729661
170371192
75261668
1570599758
306972024
18939450
1222308966
11293512
274886363
355148650
787412448533999617
365770640
117153159
819927704850038785
730032952525131777
2903173148
381699738
2913998913
574546761
17156481
15324647
809413255479394304
730828735897800708
3704290280
44210387
839108308984299520
81629887
122405720
4030364151
461077351
283652110
776402106
69583544
135602216
796479090790436864
1339941151
301029598
329179614
1612233594
741340050697420801
3097680891
98696703
389935334
353532628
4899669379
543832936
35846244
2776752385
4874090073
65883
50690435
1339518313
795906406817865728
93655345
3012676404
14521062
16608649
3031115403
548646890
15090415
734578981954031616
4361474962
15150655
416157021
390976895
29167427
1281808044
392373560
128275616
722489064528719872
76693160
14444911
49637376
2871565991
790893164387106817
16218493
15060148
2967229984
343018077
2364592844
1692248610
88764812
111992242
745911173976068097
731101058190184452
703578193
53893339
14341386
286675126
3083953804
2842025330
370206796
231051414
329656576
2520204092
1218101162
368766127
116705516
92989497
247521457
383972687
111567011
89196904
89447045
908127554
17105599
758869206
135936507
275568348
15668978
2784123889
53560219
17645638
84825820
1253544996
2500425074
2805555553
119906355
1398876810
579941875
55356697
17191664
2589515736
2966619022
390368948
168474382
224631899
1596503810
81801020
338302516
111020569
15341093
20576330
49413866
258540831
52196137
1376981
2719880796
13217
278980371
3016161266
188423774
17638298
36380741
19282539
10868922
1430212274
34717390
75694920
692373
2435399283
360471728
136301916
2708957706
221120834
14819353
55388565
2863658841
395367768
20041139
