1224302012759715840
1015574182376230917
1235318574622834695
1201468485878063104
1111810491804860416
929029531
983429513773187073
4631863647
1072086152797130753
130490305
3332014947
1185357046616641536
183230038
1733993412
337124515
134765219
55547770
820467
727563862778597378
1202244011928498176
17047046
1612233594
257120763
278902084
728374565357883393
10704892
102659003
3816338243
35468848
314860080
135273835
15084892
53151026
73608541
771825162421436416
1182481
18136606
780697160
13473512
18326200
28862870
1073388199
2856932848
1322956628
2474208830
82307835
2860116538
532115122
894926364012412928
369533463
399630103
6141402
346069550
357165467
1214072854259458048
1095343135444611072
13455
913044063359729664
12654132
17649719
99770679
255334719
167394449
16918520
1032345062892597248
18123375
19238587
166005683
1202005447324004352
23418617
164383513
1968716382
1072259748383350784
340957066
1176788247663411200
88178223
776402106
1034742686501285889
1639877449
3610934482
2216657444
223028840
841786994439163904
956055914259283969
2810688646
1031055356888145920
1032210863908954112
786966593863548928
1056527433971781632
798736425910943746
3898812795
125325214
1182035416779612160
131325581
733257572497657858
734800653135060992
1177603158035419136
1061299049347727360
26695770
1165187314441568256
18721034
153571843
610322720
201565909
816578659603648512
1143306289
437591452
202087082
283200815
739410563776798721
1318588657
1146094493596131328
1021413263177846785
794138010879148032
1070603138443427840
245086178
5429882
2435390142
1146630809765367813
226401254
3018841323
271451109
389136979
398492174
1067495024856772608
3865005196
15024542
1147929088058961921
1087681977896091649
3350509727
61708788
1944744026
2400454130
887630497614094336
1096882407846957057
2184624474
8248282
850645992
3097680891
3008517696
2882893927
54257164
377900232
843169024594886658
50821460
17575414
22332147
3051574946
1047868874715062272
3007491
3252130556
84825820
347602644
183575679
814826774
180277593
2510333484
898625964246130690
997007086964764672
47897751
51105554
905213155659456512
50665259
1016934678324899840
39776400
1416500532
2865560428
12336252
88273299
297073565
770668227219300352
73603719
1261790964
990708696610103296
720901536965124096
3018039908
1077708146
2895701106
37989702
21594615
23499101
958067705185148928
14045465
1034415977897844736
1006725232684494848
1110391721035214848
2838193017
1056059586673696770
819447552781086720
496687385
16815483
11385492
76693160
60417173
888169380001054720
202719554
454235500
956182360109846528
945906846715580416
1097977028178071558
14389093
742253306571980800
720754110
20357166
104989447
27597030
707863145356910593
16269613
910326155592441857
823439352004907010
1944535268
237988971
1086994125348634624
942578502766804992
116337949
1064752835298873344
1085757053791096832
102768569
849256735361699840
1047845633426644993
4273813048
334461893
1517254244
2811934856
1084055114778849280
1083243070588624896
1037403607417552896
3004089371
1080974999865806848
206371661
3707155394
1075494927889563648
181363
1291801357
27150431
927351265335558145
775965672773869568
871782911300608000
25268039
893787241
195980873
70570429
25071351
1443465937
930147870069551104
21301110
502205330
43263253
173881525
53717936
778638164462231553
62533
190254651
20342875
16143105
347297521
492652788
896853333087993858
280570180
755299
40291925
1053572380541501441
15090415
1685888563
923502018
3333071837
16728620
1576006626
130780001
38695774
147654165
14888109
921722509
975973951
877616433609318400
1029570380581625856
939222213940490241
900527692528922624
834681702
29460483
66773314
260263967
24204193
778319484993937408
1004445081200279552
764819324875911173
1241814552
39351968
467417173
856241556382040064
4901203753
15688463
962323174967754753
160877807
95233492
3024338659
252355019
979522812812677121
582834654
28146104
215035672
17485430
765155589299339264
80124663
551600672
57595399
391542421
471206471
24635488
25333315
899118186863370240
1396268474
486574025
1683949764
89655125
222024531
211092754
83361151
2693937444
208988759
993246596845404160
4388336188
2296937029
3443391621
3775651
871787517682393088
329179614
40271582
1390818332
1651219795
3110775388
923236859362152448
2709561560
733349964831678465
1410316838
854114853463748609
18327855
975023826
927280576872161280
375722781
714903538011209728
326969838
910594173547421696
859224335843680256
118107682
2835418980
3009665851
896164251269709824
390321161
2696701980
2332592232
3187141458
879820049996894209
2512604281
18058446
620480641
28148932
831339732483325955
225236194
823491884236443649
475501817
2849070387
258581867
353847615
364147559
846474565
854581958
31425719
979558795
853373433169592320
908683288654503936
900135459812130816
87559451
1318696128
875750801620312065
2926174952
3152001726
27302287
316025411
1618994467
331222430
414979077
9078772
402830334
3303884845
261798574
5676102
200254555
719872596842516480
393302328
877647183209574400
128429167
891236456563220484
45998364
4282193834
2748236298
259380437
754068458547970048
75217995
71206081
874595472056496129
316863521
371986076
96102210
714180173898223616
99026412
28488248
144724055
2858288252
153158056
85950468
1343132275
876493146183483392
874506466010464256
339674622
797324939128815616
4643659762
1576216224
871784898360614912
3199856542
140101101
841811845811974146
4905911655
11673272
24951762
1349576220
780429268866052096
779014737900077056
297440850
5838832
352684272
618326192
607569110
2674759244
2486840941
3345740735
321545706
2353903788
709979651934961666
41412650
824142179341914113
791810860431781888
3041370399
538349906
816795985368100864
864862046919184385
819927704850038785
3551532493
2782310810
451953177
58904066
126054015
14341386
11533
59336417
55388565
15334840
311893
75261668
14805151
30960103
716213
3871826339
6425602
4169527097
123055036
848964175330246658
4007800332
110755022
4049170873
18999920
576685376
155948454
378615210
159061069
36873399
4917922363
853994735588880385
789492338171064320
319124822
2590242073
734578981954031616
825839908182831104
278256762
715989094598189058
16167065
189167085
16284661
837782259520266240
846709581225119744
3109818379
753374528256905217
328159493
841944326267645952
1924323205
788068370507702272
126398044
331841017
3296829681
14914896
28399978
257114201
4879604956
829459635446771712
20560028
14758570
18022876
2304756668
22292146
1246397209
2849149676
1097599040
777135943
8823442
784502979927900161
773946104094359552
3301935685
357689527
16783304
3307414453
2367736915
19612740
2933591385
755505242142339072
402214453
1069905354
2999992556
3371388411
766863587088273408
305435784
741336421361844226
62817785
15240501
53560219
2834498256
298899556
2955936560
776998256
486317543
1000252830
243342953
718261482899783680
2790795553
3649181
396335967
708350054981984256
189235485
741034038
993703454
19065078
16382995
2842864748
17534221
20347305
762736828537458688
191122681
770490229769789440
148884981
768599105677385729
4917838832
637135735
766386114097778688
3364467014
4719563442
621133833
2958556318
4657994587
103004948
1969743990
2508303458
746579535181676544
3815430319
2328812340
1461052267
3429990183
2309728129
3237272430
224631899
3055238939
1849864339
242252400
2642477237
3116080722
20653310
383289779
18775572
