531768598
2367552985
2566822958
922685266250182656
177185742
3055328937
1634706151
914199609320382464
15210658
541812990
599898706
1541311
2862227951
18775547
3852951375
8843882
49008818
1035266966
4164543519
589188134
1683092186
938033204753289216
3405598630
47596133
1354325802
801008871208812544
391041188
424099055
21669000
17405912
368792465
33159859
6473602
729052721752489984
213077589
710703786
1014921723920179200
2807782519
956555314807164928
1218194591188443138
4845344049
735954684981084162
228858106
1186711021865578496
566054323
738554739181375489
801845972972273664
27008942
153158056
53560219
2856932848
342582067
472017070
986923416
1174926313234124801
241732987
132455164
422508611
1700442746
171691486
722041069005881344
207322862
973679989127294977
980970876639133696
1109563681656983552
77537105
106119197
3911954789
592083835
483318218
1363935493
717655573500674048
225473418
1194047443073155074
1945043383
470211935
829984051935191041
1153615205567537159
1106564510716817408
196447048
2945094669
1094187667024199681
560678334
2563372862
1749071
15727803
22470221
1123062002774155265
1910381
10287362
425251585
575551132
3344638570
798842398222655488
142201399
1015308534
930201394518347776
29739738
30732462
47802057
14802845
500744773
81157136
1155560059189026818
58522589
3890708435
201856958
1176161171356966912
2302174415
831398755920445440
2909844165
16004228
1177289111553683456
337791986
609098945
6603962
108172498
52213363
1114499296848748545
559793144
1026527073693851649
4841942987
1958390815
828027734651662336
1153612563483103232
358333954
1038011780512010240
1178577544733483008
248064213
14333578
716522148
856058012930330624
3084475156
1388112362
3300885028
77502415
913816576016740352
62614844
275562615
872718544433160193
1142750052613611520
722847370879217664
90702473
106236526
862942478495830016
3010737861
2305352467
99643847
826527728975409153
708285607391395841
40225900
453750415
837680226234675200
1144308502367744005
289140713
449999708
817469927363932160
193095826
35043821
1022972337698861059
527242921
2805922348
1226142361
267289626
302480215
3833460045
725254613482496000
1004361017789427712
22807612
960913312312676352
17236891
367885445
2811452385
1348501
2801571
22132611
2307013741
1057108429851029504
2437465254
39829920
2557310900
814151081110470656
1039959606884220929
248602397
1336187881
895461710
197173482
3881225175
884774818465423360
3131659378
2914605289
3309228695
738063809089286145
145429044
1176956228
2803964631
570964020
2730029111
3607717935
742663751934062592
11914552
1097994112161275904
2826042385
17864193
607918288
1005913748144574465
123858748
26981541
386378394
757676828664422401
472340894
265873845
593540300
1091094729041891329
1090416200532803584
2390898828
2817158472
1908563642
1094034943624261632
115394143
122061407
2153440986
1092952337000337409
605802846
3543733702
37661844
1074885266031046656
223955403
303048766
370451255
102407354
80533749
14331392
1125735930
15788807
172051524
1201606590
416590894
109888253
7596542
965695572769374210
353257665
198444783
17406350
2192182262
96319197
345532155
20764637
3128828829
968337326
1015563914589954049
9002882
1076865471809576961
74747679
2228655612
2364557778
23312843
2263573172
1002136202
953412692072681472
820190144380764160
619252154
990677632650903554
4622629702
1600872511
214645638
1060803776100089856
736833295019806720
64800827
3667669994
250339392
82468911
458372108
960454434097717253
75513665
1017742549484802051
2153873249
481937787
3817335323
740971093
955593270
2987077649
1049414996118183936
622691806
119048849
55059505
2342544476
513354952
1044848931128193024
887600853099712512
80470034
2334394580
4127633057
2228225966
802184455934906368
2877960027
15579918
130639396
4473038848
37676258
3366276442
596276539
19535657
129013229
102659003
423504245
781076279575674880
1002957395264499712
998138087661342720
57468567
825081919062831104
2369107998
720901536965124096
16783214
34640871
49358588
751865316892958720
972621599223549953
841723363508781058
16329057
6146692
994655995
16683636
168619698
1050524712
1001093658161176577
252233750
51607901
18668398
20244711
82396043
77185681
14148941
920720679351279616
712000194
132813468
593633883
197134898
116717540
21402719
813773500309708801
4266804431
1482692473
4825164273
976063483
902600126916636672
1740241
1710973753
726764154170781697
967331615880998912
626777778
218830003
111237126
22898537
24593688
517040856
303670255
352332119
1274965561
2272963010
983375651938988032
288292405
858189919994466305
3762482423
977586310176178176
799250488189485057
2471892335
921291804661731328
244199680
2846886331
369689042
41570792
2669447539
2383421250
905124863609843712
888530046
961014366656188416
16509438
19878092
1652884033
877466186379911168
958271706531008512
227352983
351378983
940973975345221632
14315861
1453614614
273368659
935097336220528642
3046086729
3046189738
729965948275441665
14000542
728498282171904006
4267405953
20176114
2373537409
31407027
4874252152
2191294658
713476622918270976
319266519
929816739688402946
23457581
4842897833
926368503191531520
450468941
124733552
736541087716630532
15724284
16155797
25936824
117346766
3419690547
48075053
787926504214827008
557723910
897889083170672642
37645542
16195169
113956561
105924014
818275306528067585
881520302404063232
26377024
957819468
183413731
12267342
85119450
4722647198
196507248
3985725207
867312279355871234
871379720750989312
710279977
305696535
12781202
3519765374
122083764
124512591
344824668
1405357154
811648986511802368
110836127
854983269456203776
16693423
3140114404
17066195
837294652780916736
1315362228
201907594
48995848
842664976150138880
539974859
29416217
2874001646
126606471
2993930001
119863857
105530526
2227235934
2788582668
370834822
259205561
64839451
946460539
96221583
5110541
2419033884
1429659637
61762488
2873568583
705467790971551744
4853494606
11207152
775717071539859457
806885844925693953
748394472099164161
3362355851
8273852
2827626930
43408461
742065666824544256
3006164830
15941673
35705169
90649952
272899356
34974358
3230987777
1220277144
3989247742
3074467383
750640908329254912
760222838
2626615537
15181766
1360779756
2810231
240029164
269982582
93406902
20548805
745459679220797441
388981312
143559488
274886363
16727177
256499057
7409472
744940379074600961
23599962
521347279
742363989670252545
584989280
858648506
1076954588
732706025468497921
731861397265653761
2327881
99536748
17581976
26476281
5692212
105405048
1112468018
2855822252
1359111296
435681893
459687288
2842672731
43951358
5501282
3415518112
9066572
702437911317364736
1677187706
16100710
3303591629
2552438840
14322017
787372376
988320878
82443473
994038475
231959424
14304681
135210800
4829487063
2822712774
8623322
125190426
2997504656
30245029
17485333
813767738
153837307
47438273
14389093
134805674
24672525
835494236
553499534
58879885
3147458090
17960561
87419607
76027241
22749476
448708743
18136606
1565623927
19177725
1549209552
180711631
7686492
432665924
77174644
255940034
840731233
49411746
64916627
46903714
467571037
20637708
623549037
2219566002
384409374
9190222
40283759
17315799
69424452
