1216757952746573824
564324185
1226996425126531072
16569107
799542378969333760
2227320474
1236931192924131328
1217483034888458240
495892576
2458066446
24661811
1125673113394397184
3235194313
254010172
848465369593458688
1179672016305082369
1214019297074241536
1174926313234124801
20762184
239139589
781586151379378177
1634706151
1073388199
275562615
742663751934062592
6467822
421795636
902222468710105088
815648351827857408
3543426377
278296577
217858372
949565294
1204794262841200640
2854100596
581777420
862942478495830016
134805674
26018066
1215663638863892482
171691486
1204782665980710912
110391728
576251130
1106564510716817408
979643398570340353
21287516
16155268
1202091070139633666
1749071
3293492981
34923649
73067615
50599894
3074603398
1181855884185612288
980970876639133696
1199595555296612352
44829905
1196014388047679488
6529212
235279041
72954635
1194911631521673216
299881361
1187048134016294913
4208578282
1110198187560624128
4119861316
553499534
330767074
2914605289
3664568355
33418037
897858440
1174815120238829568
131935861
15243240
1152246402061225984
337791986
23085322
258790331
78114269
1143192247896293376
3437603899
824726606602244099
110853591
41600685
750640908329254912
235552504
208404560
979005545024811009
975252722172682240
20435144
1128058358961807360
2866489102
375717193
1864448106
68833161
931972285149405186
209794784
1009053732
204044387
2419033884
1116389058714845184
2730029111
1123193455285612545
1117474183749890048
19707278
1045016243932200961
81583498
157774596
1059291407599292417
14443226
544091655
201856958
34995701
364729923
2372770782
16217436
64845117
385377678
213077589
3059409604
505841606
9190222
201907594
110836127
157944317
36668727
3393597257
1029833275899031552
979052364014538752
4288933452
735831197830549505
499900882
16078436
509849786
1008989148236087296
117346766
22467617
988452514914856960
244199680
757676828664422401
2788911124
2471892335
1257598033
196100496
934765480040071169
41570792
2204674158
701756915223756801
84707102
243570980
19878092
242016655
243118371
90649952
952227681701154816
435681893
14389093
4924367464
452889812
17844996
84083072
1017884120
14775116
14698049
897889083170672642
931201926238220289
832618647600246785
481937787
1392826357
742418477449945090
2922725153
180711631
724186104
3303591629
2322503475
988320878
843271712
4829487063
60004416
1968716382
189535713
4113939865
1166105653
557129799
14304681
18136606
384409374
25649361
521347279
19021096
3147458090
132435936
1549209552
70371518
2279217091
20637708
3189147402
727865888
2166645936
2907188723
1343657924
108418359
2872170791
2873950353
23779644
2781824714
1565623927
2796183853
2791464222
1560748116
2591249227
2612165246
1344726127
2664236902
2577014424
240029164
5093
69424452
17960561
29544159
32571336
38350102
9325772
1598458093
48693713
17005678
47141892
36039900
1068504230
426625132
27051056
24157427
2275117484
404355152
18867086
574539428
75231807
54899939
116348101
481524800
1530297888
111042275
102656767
157291345
278023028
14322017
