130791303
1045009031922880512
1327092974
1051131832081764354
1229672656720605185
53831508
776402106
29584571
103167893
135824198
806657284604628992
71089109
427721312
15130589
748668805
27794232
1548
1232754194479796230
2394678300
932752158
872967754130874372
891019569162313730
2373683394
249665093
3305840496
19482857
2434848546
1029740661249982464
2704427049
2174482088
1339518313
1232256466704142336
87226950
119965940
745109360813047810
1106952071524372480
21497527
1226275931611942913
136088911
975069149289373697
1175331685346488320
916735129682272256
727719655
994321702313250818
1174557545358192641
958170488513159168
54935347
348925658
46162221
1022944014205689857
390386118
1492189447
12033542
1003676248491610118
3355661
983285068025167872
22344824
15972080
428058083
15714104
2361141498
212187685
815211344127492097
292389011
36104435
231008773
264742961
8870242
10700952
18326200
153158056
779809616012140545
2335363536
923271823189598213
256900512
46066476
1222641804635447297
872449766931800064
166584623
1222952756874485771
21594615
1157972928354488320
1142047961779724288
15241897
74129471
76149180
14826965
15040566
85556721
1181597260972462081
338472060
827661113156390912
471550563
224653586
490512649
151130284
1352100367
199238295
1139157627525578752
386505090
45556777
1126337119264182274
1164393435786334209
45297280
887257803555000320
396468495
1219800504
924375731098054657
3722156354
1941391128
1116684883148058626
994992625093558272
273520144
77516597
2838207780
905791322430128132
38732745
137445205
42190050
1073396387880943621
171844064
4485984275
885091404308938756
9851562
14540026
30876683
4759631
1201068631813165056
4267952182
150655553
134050144
190474069
553699472
215568620
17628591
1036682963625406464
2806000111
547605130
1069564238371409923
87717624
911468199954104320
1085809950239088646
31318889
155005569
119641678
1031513797956055040
1143934286757683201
252907811
988740482002968577
239581027
6686242
1029334951932686336
775773068555849728
1068547920
744384780
395367768
819927704850038785
3088416068
8543352
15322236
146287709
4997711
1016158177702760454
7156982
909448958136672256
2739826012
338488801
253939528
13587572
1149887457355128834
2322843302
492797205
723565590
1108256302130565120
53388766
2949210155
20900329
198699527
830189156827541510
3649181
110198955
2530573304
618524601
3221069440
1156698937358790657
69296987
889269338410295296
202087082
16284661
707484470392332288
6376672
1033901239
1627698188
17396472
582629801
17638298
419524683
2611802689
11547582
254632531
4318561
446788413
14620747
199664730
616287486
15273
14311035
40971698
1131742075253186560
765694
7516232
637024253
1106592332902612992
8660312
1148670499079110656
142923388
284192166
1041022952291164161
1148986177778642944
1617497556
830016422
1099963638041976832
12968022
1073388199
16501771
98477454
1135180545489588227
4025495236
216735143
246959051
3040671576
170253438
386157487
1084543327515611138
5915782
456992870
13949842
37030214
199013671
15875930
965638890307706881
382489438
89898926
14069393
2617509342
721933114809823233
405109277
761224452
20667356
390527123
1537050769
2180200740
17781158
82363
828100297
1103870095124623361
9929622
1461777944
832639920485175297
205912775
227928681
4948971
805981402143465473
982443027493896192
2328140636
1637334481
15171302
787797645364432896
9093
7387022
2362593841
745582409257713665
17057728
17212489
357689527
843473223048200193
949321598884044800
49921739
47735734
4217023737
44104818
120282935
553557115
2723049994
720574992249921536
109060255
3631301
7446092
10313032
7553942
22848759
1055034719111430144
269997049
58967608
909787591670628352
133403127
1033937016793321472
17620009
417748671
34029756
1580535385
25770354
932898811625836545
16040175
69242434
1046013582410952705
19260808
192098815
10720602
919099911349534721
707154896802320384
219723542
19212550
81867782
855552702822133761
5380022
21467915
3200891800
556162290
151284278
16244692
1056003633563619330
901773635962195968
17465603
778043404924100608
840894199637643264
1046704890544881665
1003616379264741376
19351749
44320986
90863210
885235273872924673
112609412
899983925493280769
163012008
962517114
177788470
60951086
130787220
10268042
852258448561639429
104115428
142686479
256768216
818381158715113472
84000178
9434082
19014676
35441191
2789291
35661167
961714446002356224
194706759
27093292
3380973898
455188883
263120513
2595744403
987103302042054656
16464539
14656222
108111812
20342875
14804579
77073780
37911179
416909756
795207442283962368
1655732503
4874289952
133359130
6496232
463746645
502068188
329179614
18663040
2956929964
218677706
897226646230634501
40655158
3804659063
2147567872
42898787
113007557
26993486
229139871
2609024774
986515396990775296
4030760653
561814648
2756479056
432673066
59367706
942544632898080768
19585794
172067030
1029222468
40413105
22749950
16130949
10368692
405049811
17507096
12486322
35230061
571067478
24552780
14898461
3322712800
14134599
2836738801
14164724
81402064
23138178
7056162
3113804785
912788064082255873
7340612
69559777
55185820
9596912
374165280
110244676
12855572
956875477280370690
4034530393
171480049
260116832
2843195441
302486949
71762380
3167301
114405105
16058280
793351
76605694
14739250
2326692570
718910384158208000
241752592
17085813
3595439354
20260892
875349400930983937
2499235068
628562704
13970952
32422003
14585205
1481010043
3382999846
19587559
253449166
892376954678235136
2910652490
441158276
9309912
204041202
14815775
6440602
109086082
959127998409699328
101280438
68442845
953305718966366209
