288408396
1216757952746573824
24661811
1125673113394397184
1725231768
891331117760081920
952896708027002880
131935861
1968716382
18136606
1549209552
1073388199
318088798
1146907616859344896
1187342467630272512
2914605289
1176199605018664960
171691486
767880686707609600
848422943797497856
12395382
1106564510716817408
17393489
100268831
55031092
312757601
123071061
1749071
73067615
1143192247896293376
39479103
1201578085952438272
1182988904686862336
1196685670686683136
14443226
6529212
299881361
1190815186866884608
94530633
1187650968919465986
3044639320
978278878660780032
4298899343
1374317010
1171185443917971457
21891732
277744785
824726606602244099
710918996
1152209818251403264
2912485589
71759599
48333685
560344481
15064255
936090192707854336
1131219175547056133
68833161
576251130
204044387
1864448106
181363
124747621
411700605
1110283650975875072
731473882725539841
955452208979566592
1109722099403378688
51172224
157774596
15243240
2800671707
2925446256
840951295485837313
2721460440
14636665
78114269
2419033884
1097499283375435776
29399931
837113645377196032
128944077
2000001
34995701
364729923
17914591
2372770782
16217436
64845117
385377678
25973534
1050473978475794432
1050659253357142017
36668727
720965627192721409
973458673241673728
4288933452
135210800
1001118644762537984
938380003464671233
18648537
985138006230257666
967034713482375169
865970307265376256
499900882
23085322
959054801073033216
244199680
41570792
304909212
849195448967483392
930097121189138438
905620783
914164475690934272
910779802780659712
909094622038773760
367976424
907918197952839682
2751524975
260249683
219989625
751042531463430145
482123378
81577533
14113352
702244383521951744
606659123
292809698
111847613
19643062
4406033717
397082512
787084326374703104
129781184
98659125
125399724
1600497026
15167590
1317929959
121736641
589866450
22487743
122521764
767424838378090500
307809480
747408873083052037
790241028112576514
559407743
1577154446
272105488
795220767256481792
754086039745167360
778503374744457216
338276375
37676093
755738412682993664
707787898934968324
496070175
427254073
4202607935
3222403600
58019982
14148308
738192397578981380
695524752505577472
3674571857
723497774168322048
593014779
113725068
2973219370
704319345023950848
11745972
77408986
4264565723
572816552
1572779168
4723305681
1445909210
3984278176
338084777
234530246
3377349783
2400783010
1090901738
46832341
172611768
64861211
425990065
2885585530
238359096
537867283
3044828177
55805231
9497032
2998788314
15474951
2869228845
19329608
2915241513
130920004
631048002
2769512557
592834806
49333168
2399785355
1586463938
1655605934
20539035
2225613037
17131606
1563904429
1711098217
98604003
31963657
156402200
144871982
57447145
383191098
127393182
51960773
108267828
89762076
102629671
18232237
14546782
876461024
174586288
119689184
42869089
585679268
34876048
24496388
392210377
559345273
6043182
543524058
42368633
66331278
86097452
87783769
394834338
197447411
258740951
323222074
314130457
197994407
80020758
221865092
13164482
89661476
60080379
50079882
15734636
104467829
11902532
36024336
22757153
