1048767049
69559777
103549232
278097671
1237691136027832320
10313032
2530573304
986923416
1144301762330804225
1196829122267361290
74129471
256900512
922943158434107392
12486322
314721769
110198955
14585205
6440602
1138092347483459590
4759631
2335363536
860707444489674752
153158056
4267952182
3167301
217540336
28320283
1198718104274186240
17053540
304297221
23611315
7516232
409823
828361853021646849
9305482
14199465
14069393
2461755541
117863395
554928814
1122884835138260992
921297732039528448
543679627
66321639
1112415218913677313
80881027
703024068
60813875
60760075
2769010307
386505090
96435044
793351
1135180545489588227
757552500
102081259
272480116
368518908
19069335
15847399
1498293151
22227677
50599894
2910651867
69418536
7318502
130090356
17163742
372806711
304461014
3221748885
26598143
1023445663
14305021
831694430
507171003
12342812
7861842
137073886
8135682
15376576
83362548
1138832369413177344
31787279
4217023737
195674951
3241502880
1068547920
126360941
3117708497
903175505377198080
1129409945479331840
135816793
856983867160395776
1650810206
38458894
550451150
82364810
19645340
1557555721
4009065977
43320799
15649930
227928681
905165186771902464
809127901979213824
1113941255984111616
913494466568359937
16560310
778043404924100608
3306603203
113784738
71762380
833719578152751104
1072550994897190912
1054689422040432643
1073745572606164993
2289359430
2780730096
11736872
2806000111
1057323981164896256
14704795
138966937
956875477280370690
102716909
49879653
9463342
35661167
166667340
256058386
832574909918433285
2485130236
3272004860
3026359060
835234961238212608
743203
4725255521
761284303200419840
77908845
784287272808034304
28863621
7340612
15645632
3041622765
16329099
9309912
3315033968
16130949
19244527
2887810253
487623589
298069651
822612409
8692942
14321009
781549169747959808
2639179998
1721283534
364180558
623734661
15662351
14509080
75820786
19682566
20410251
2968050806
98364081
9526842
921261167426670598
3942101
89034386
891060206033096704
908318103364423680
789969122
133359130
723590960148402176
184914392
569563376
832540933220610048
14351413
7056162
2175647936
28488248
2717035748
2656385804
2975328984
746206568
3686737336
2800401560
439466270
840256990198824961
1756621
156896272
48843
859820414549327873
937579303
317334938
2901848611
519483
823081500317011968
2291039762
14816103
216301003
764972959123374080
203558650
15704940
308666072
418912147
784177627833643008
61127825
592893583
761143674277236736
751629780106215424
49742160
571571858
765176424089124864
3793330480
747519480784388096
11838912
96729714
749912642349834240
749157630313009152
433974401
746836336871608320
746138977195941888
737182947372093440
742750954383118336
561792892
30521731
873592850
3649181
2796522691
1877714197
241307414
718910384158208000
21991158
732996205630922752
30180985
26267038
577775806
702902586056126465
732147342334410752
2493206448
215939515
2233329924
239581027
17441302
4417084942
2924641774
27093292
4794574949
4016707611
3438841479
829582604
345150865
3511265675
2448068234
3109803875
702212133967241217
58430265
2809972542
567473037
4830906257
4738674318
4458653127
3622726756
359990374
39801655
134942451
55212025
2716984992
4066254616
197011174
19898873
30816081
1577821027
3341967575
2426665987
514314986
773387238
2496783630
718365187
3046526943
241056687
2998118872
51164205
936472212
1729244790
2967815301
23173024
415063691
103272142
761393749
2179043485
1288593824
351423157
487586440
815262300
14462866
14351766
133953445
1444217017
324745557
119641678
460239910
