781586151379378177
4889924950
1241038764920758272
277551458
936992731
50603599
2852139421
729052721752489984
4267405953
709702331412176896
1546220011
300937945
765940555
761380867
130763650
738554739181375489
21594615
1073388199
21423768
23604756
2816901234
1437433405
986923416
974565961947852800
132455164
102659003
126790152
973679989127294977
980970876639133696
902600126916636672
1106564510716817408
196447048
987640725465690112
161838894
10287362
52213363
39017272
15611813
19616732
835978019902730240
475421855
724210683076837377
856087890803249153
1190145177064738816
271026118
1199019170060525569
1587811886
1007236129
211460893
23338592
16004228
1183025211861622785
10234982
24785021
4841942987
526584444
358333954
41858914
1189122974550581253
1319798749
18565111
118084761
339193270
248064213
3405598630
710703786
404150867
436635403
1388112362
851719939564216320
363553559
1142750052613611520
90702473
1108359667024056322
862942478495830016
2305352467
17443063
114878546
983305281416384512
15589213
150483774
1450714970
10648272
3131076946
14339561
382662969
178310729
775706903439634434
167323940
400713421
500216123
16863718
132712308
1132895554822758400
1144338007966801922
64839451
36668727
595484668
1144606188136554496
19344531
17433271
71759599
15724284
3833460045
472002207
1124443674153189376
31805620
3131659378
77537105
2396647867
1340011
367885445
3547763955
1133527589392400384
917479132631588864
1032291028202647553
491701075
136400506
22132611
1057108429851029504
20449367
1425357062
975079716259581952
56035984
1336187881
65614223
357548180
3881225175
884774818465423360
2914605289
126610866
14715281
3309228695
2803964631
555995922
1085130268359475200
935097336220528642
21742308
54727229
2704266463
8192862
115394143
73747798
317710264
97482107
1025458812013170689
223955403
30009655
37661844
29023908
1255223221
856058012930330624
200028826
210841057
134584628
370451255
15788807
416590894
353257665
4078126581
416636882
2192182262
774575
345532155
2665631947
77575628
1012987577144668160
1073816558387060738
1053391369
391239273
619252154
82467442
214645638
55572474
80533749
1958390815
16783214
3008761446
142217594
61548660
97700119
802121648317100032
278486993
80470034
1002957395264499712
1201606590
720901536965124096
16329057
51607901
761733472906055681
907526942357950464
88977722
206195705
920720679351279616
31626983
15228776
31371200
6038402
712000194
197134898
593633883
76027241
165752583
797910247184760832
57732021
1008036475752116226
435681893
881520302404063232
1616138652
1849193754
14912462
479890597
924310280217165824
726764154170781697
986604489376284672
423423405
2228655612
111237126
934765480040071169
926853064069472256
1458271
303670255
2272963010
351378983
17485333
541235793
2283810678
110836127
858189919994466305
978299275
3762482423
380415205
2875110016
55237330
1017884120
2846886331
220145228
2924766707
4679544552
760232035805962244
181363
1001619098
958271706531008512
13897142
64936555
1453614614
2946889358
2327881
360803104
5017391
31407027
57430950
2364557778
860782844666425346
304853516
117346766
866578545421807616
910501752771837952
896426195234979841
897889083170672642
88619737
1104125395
300209271
86723013
16195169
6468662
8623322
1475778630
3130604987
241173920
17482835
82877272
69116004
12267342
2819200876
1536552278
28972963
23457581
871379720750989312
572922159
867312279355871234
816655531754582018
122083764
3985725207
776198496991019008
557646090
201907594
107911169
315130266
162801979
3140114404
17066195
1315362228
842664976150138880
849938047181434880
1872922236
26377024
846454097133916161
373414474
69858763
3675212775
133650863
2227235934
258391821
26642576
88187595
23604692
25124495
198444783
164910230
28309032
14292966
946460539
14637585
615262221
2330924354
22749950
96221583
2788582668
742363989670252545
52341962
3179534350
171142171
821460694042296320
820234575074967553
466083800
705467790971551744
1131447590
806885844925693953
534678984
748394472099164161
1260243991
5769472
2360953268
505390223
267047537
2368593204
108910958
553499534
789440515301310464
16100710
3989247742
15181766
762610418770644992
3230987777
778387617054240768
93406902
15935043
197173482
735064662073606144
432665924
15126960
22653020
2578713445
703158620788121601
8763412
105405048
732706025468497921
731861397265653761
349655439
4883077439
377900232
3272270443
176444493
709007579985240065
9190222
14322017
2742456195
3303591629
182000225
713829423678664705
106985950
46818280
17625281
702437911317364736
14585121
243810785
2507148584
212204734
17270076
344824668
16885447
700490267846004740
4453400614
988320878
33736056
3221406251
3360617899
3314855294
18882423
323355503
42058463
14389093
48552048
82443473
4827676819
4853915949
14770578
182666181
197421974
251535413
31096627
4829487063
705197647
35043821
835494236
16317137
48075053
26737147
2272246633
202999865
223712054
19026624
3654179293
1968716382
3147458090
42506501
1112994722
180711631
72935642
128457664
2910561818
89464613
16151062
29686411
83287763
115719463
3328420177
22475085
218465466
4113939865
3580598962
148908908
14908513
1627149078
2338333836
7686492
3386281
448708743
51949109
6467822
24672525
1938953256
130098419
400990161
72019464
161837944
2850247557
481937787
7094892
624587421
3123045081
219968986
312413774
3277652869
532636843
15772551
16307782
132182586
1069802168
213359218
38170547
11288482
3189534807
2825786052
2951201563
206171400
2471892335
51010820
2322829550
1946195588
815958726
382441380
1693365247
2810420916
10422372
1352605296
262841395
153837307
6619162
11801232
15001592
36915051
98433484
265920769
119086234
862295569
167793781
14288124
361222927
2963271609
294709351
20233791
40663578
272899356
321992490
437660451
82572925
376302887
533930478
2639276102
18136606
31120708
2917255793
33555847
384409374
77502415
753912228
18759761
2788911124
2399886756
240029164
1549209552
521347279
20637708
37406217
14304681
135210800
12813992
23779644
2737476990
1023958590
1154541374
134805674
17960561
87419607
85828063
55886140
897858440
280680758
507180522
1394749050
191855001
1598458093
