1229672656720605185
3299730071
900771635707424768
29584571
1223587788
161328883
7516232
12687172
2753770072
983285068025167872
28482605
1125114209178505216
1222549766795448323
1222727748768030720
101280438
870541
917405209579655169
579209597
58967608
10313032
110198955
962517114
14585205
256900512
142923388
1222641804635447297
1610881
284192166
21594615
2856932848
224653586
872449766931800064
417748671
229206571
69559777
23755643
2296786448
1148624248845545472
34262646
973005503264681985
48093492
737510278963691522
1622701
45297280
133359130
909699853176975360
1069564238371409923
200498525
18966808
16009471
239581027
1184178273007390722
527094727
1183885034220150791
2974976612
861702441569361920
288426731
27539677
283108103
350353681
212632603
3312334914
1167188939133739008
1028840660
424099728
49174192
9463342
1170450970142216193
1086590312615677953
20900329
221033500
860307666
386505090
926076062064357376
1156667987341926401
4820804277
9305482
7103272
14360894
104251121
903736360934055936
34722403
17057728
1150406303254290437
3120873663
94893733
29426983
615371871
1068547920
1140554483207823360
413898659
88726125
124036182
222220616
527633518
92261547
4245262857
235346355
21942747
783165019
12865192
1496609336
1029222468
1099963638041976832
982443027493896192
38409197
809113379184984064
154479578
22514616
39377743
13949842
1114845475
3614488228
745582409257713665
1075594963696545793
1069567176510599168
72722761
1026496926815055872
855552702822133761
1089884508843843585
199013671
821309471557296128
382489438
16329099
1066725859602632705
283891831
1111531291105648640
706089065184108545
830765147803308033
913494466568359937
15402681
67430296
9929622
1461777944
1100092707580665856
3063739155
619386188
4217023737
2543178203
92746008
28552516
828964462531051520
965638890307706881
760751633051549701
28100876
6562672
4874289952
1598700925
1072229209593049088
62331512
4002309269
329179614
16891993
81096208
216775226
99085485
555226309
191758541
2589969746
9526842
81867782
18631489
2789291
1088154418112069632
216735143
733935323084955649
1031650526549757954
774575
1067060955979358208
156204739
372806711
1072609511339421696
836955260887379968
1219800504
11005342
2603118734
822155678668226561
813451060924809216
17735070
265930336
2733612678
22808453
262768558
137885308
227928681
7655662
1045986072361136129
18243723
956875477280370690
58375462
988306446
181421156
848901
799945837677658112
556162290
2272980673
897226646230634501
12376942
253449166
1209499525
108286674
3021131637
1023648132595425282
32650587
16464539
569563376
169874036
1896546445
72298044
898292959808024576
15300519
71762380
37911179
9723932
900981601177415680
17093031
1013862327454593024
770263160804737024
901773635962195968
6496232
3167301
795207442283962368
2756479056
312881016
16821279
4030760653
223261463
7861842
15704940
571067478
14898461
965328174728048640
778043404924100608
40865370
16616519
373814832
942544632898080768
2362593841
14917418
243331145
959127998409699328
16130949
392358677
949663741083308033
3069523629
852566108
2499235068
2251030016
1683356204
547207522
39467082
30341448
3456355572
798363447893356546
7855032
7340612
162422162
11736872
14699128
2189834263
211113549
13216972
1261444448
920443537157652480
114405105
14336585
15088842
3586160236
57912723
913902953475579904
912788064082255873
101528978
328428297
908640553616756736
11101332
490630501
4034530393
51529520
301565543
833071
875349400930983937
2302878367
2892290399
33684788
1974233137
891060206033096704
714775800
21426120
62963
860894383234797568
11366122
398660364
2775278188
252907811
192551928
867008437783285761
301869513
15482223
813402
18094148
2175647936
16701253
14656222
5922312
94133565
860728158173122560
3041730866
14284130
169565947
14718162
560783825
16235052
37636497
2987122085
4858563561
839144408
4289114122
49024564
2872661847
840000825757966337
633385022
14911927
14739250
1373062374
217540336
15200015
14306330
109086082
9309912
1401507799
164312572
828361853021646849
19264632
5874122
14509080
334520055
412233537
769004223564361729
1067986608
822444234091483142
201670103
370288737
338472060
41485866
808028603736690688
800908309981253632
10250992
796821265327587329
12486322
108111812
3222410820
110244676
3841172777
119529050
9714232
2800780073
2291039762
616827840
82363
2280587971
145593471
17143946
280477264
48843
104115428
278689038
751353200737935360
2369849120
27093292
2327560616
734420679437778944
705694059692736512
54008603
81222959
150354133
50466585
3595439354
31252952
1084111308
697893
868590631
117989422
462963458
10191332
702231457553584130
10720602
19587559
718910384158208000
14421746
712410145590878210
25337753
696400514045583360
68652328
19525954
161428879
21110858
173620082
4754476036
489840666
428058083
89280349
20410251
4411041
104618592
2432552520
66107240
26288129
4474665256
4361460321
4360657757
18939115
3694070123
87717624
14702716
3076721
17553121
3532244655
144106781
3665571553
12365342
2790795553
14879618
3638154315
16611706
3438752914
2772535059
1578016110
109542883
3334939605
109813372
26672104
3131149702
3145293129
3084318866
3076244826
3382
1974863641
69496707
10486092
542413655
1898305189
206645598
42851073
2885457981
103549232
2886425727
154837348
1238971100
2855192231
2596783256
2875104685
40720843
49921739
200278362
48180119
793351
30679931
233281305
717849758
346524481
157291345
2582854874
2627888242
800272760
338255079
266095056
2424096920
545313038
16902468
9769712
312703590
1690197438
22129491
2298011018
2217387641
612736830
103949787
1586255240
784165
1615257752
1026302815
1600646870
63492498
1927190203
1923710378
107471115
285106046
246229685
408424191
487623589
449212319
402702735
6440602
1519467572
542730813
221021314
60839007
986601
133953445
4807561
6140222
1125548437
488894635
51164205
1153845576
1140803198
416909756
59918812
1053014004
1550531
993611178
989764111
415800577
306802570
251555334
614601989
15413774
832145252
74766127
458374839
259713560
42229232
55520030
102661351
40655158
61521621
317475877
598348985
598346284
596310699
124850509
66345916
553557115
284680961
154179589
12512802
10162502
273891124
474799236
18273197
421223508
191064562
299101239
229139871
143942378
236815789
423540460
6571952
12193532
92613435
380004036
80272953
9564012
340474672
301023075
274121025
327253226
184923403
302468413
152620370
300134474
300972305
260171039
189587235
295818587
292518772
8783992
164628863
16676160
207883551
71477785
78353612
273106038
122137441
122189487
243313575
174267583
192542785
168427198
25047461
84587973
170255170
106377667
58253947
90940889
147392062
119846815
81402064
16633290
133877824
68442845
143514114
34698700
116392111
16947186
10048652
81502875
33471542
14953146
14821718
50794440
47645011
44320986
23752706
16476943
16558988
15414339
15162997
14433628
14815775
14433595
14433480
14433588
9385792
9091262
9381862
