234860899
177048575
4142726593
1233795192739643393
22589067
2902535795
12505262
227090040
15057121
51627206
3309409674
1223587788
794171309911666688
8692942
1187443548469129217
904049665569640449
1538841
1228520345096708098
13588302
16597587
1211045950946340864
3066047477
7516232
811989608
1214797343163215872
1225231343900119040
46287760
12042332
1133337944012599296
71762380
917405209579655169
63071049
921049914154434560
6440602
96435044
30889556
14159253
256900512
337256064
2422527842
3167301
1005741288317210624
2856932848
9305482
1073388199
80881027
11410
361824665
1175774024695070721
2335363536
19682566
67430296
14139773
17851337
781411069352751105
1169698589364371456
1204699467590590464
168800465
80703
57321292
356391057
46616971
7340612
89715104
2943627861
4411041
970884895282204672
61171056
104987915
1189871671504785409
598228596
1212449316763160576
361602319
848901
1205523345938227204
1202157206952697856
3286334414
1075768664488640512
23350675
1100874112375967744
1188778272106188802
799709795494207488
14697689
19645340
1948043742
17786309
51057658
1184358103174828032
123357976
365443299
15376576
6140222
1191331907348418561
31848500
117481946
1039556615836524549
223039785
318878907
14130060
461222812
203558650
25508136
55751725
171530810
1019959735502737408
1036391932665065473
3649181
21747340
110198955
2201072581
706730385233854464
1170608920756445184
20696317
49575745
14174483
24793692
21795418
217905116
22500973
572967551
22227677
5478412
13892042
1397508686
1420892436
1135180545489588227
7740752
14084530
18081619
94617991
25409555
22545571
791300
20165242
20304872
293293497
2586040044
15656207
748263271501750272
1176552524544823296
22446647
486573303
413898659
123845062
982477806687916032
82501460
1173051392220491777
917431958531055617
19602299
912608016
172315839
23561638
15914403
2303615353
19901517
1035676762380759040
14816103
1157890492601737216
629983
1156010869622370304
17356787
1488289106
13571602
23863969
46451072
1139549623079456768
13702792
351472996
734444737
3018108022
212632603
804448788991471616
773569
4820804277
603968172
4636779335
89249387
926382417631436801
27093292
30876683
2806000111
156378078
1116094610177048576
46075445
14888961
287755950
43331650
27899548
115961346
902344488881983492
3378654922
2191889432
2194242456
492971212
979793705774338051
7402822
21166130
3306603203
46654180
782247660287700992
797249662034046976
1073002699111583744
390244948
945501
92360183
38637906
1229914922
1084615814572068864
429226715
13656122
1067081178837069824
227928681
2219960630
1018167936882634753
1041445937518981120
14558298
768546539899760640
1056200789801099264
530925980
729502741882544129
378035507
347148137
74508065
331671740
1691964937
1017103984178298882
237891596
223920675
1022090566064988161
122596024
2511018217
52493927
929407644703641600
701128079326863361
141174184
85385489
2370064794
18839420
632859697
978291819090911233
976746501232844801
7463112
442339187
374983351
572242964
17850785
734536873167753218
964779510137868288
838092281462861824
3380973898
804174
336576438
953444228104892416
1447289366
320204417
4737637696
2293709126
19294941
1319945166
3999149775
910956136198758402
5350802
35732518
821307064052027392
846723838557601792
915534206238969857
3190459943
208957330
719308842635563008
14115745
40848770
19700483
909858913033555969
4895166352
10415182
14603199
94335612
130507223
203070398
554577804
607578686
791070237949034496
806278890
544846726
17298384
123485252
568045534
3417921958
611820797
2717999300
17349612
317403562
4807503317
177025870
36745327
2952695397
17779752
882750910950248449
14520390
64783497
14072864
28562800
2957873997
3031638824
866610728475783168
88962590
1640328248
12432262
862041301579157504
1465583910
859454415002062855
113904921
228897283
618453
2989027096
66095926
46791535
55160211
16831530
378774385
97665128
16649679
71425630
241938477
12881362
733217208
353225162
78130029
687793
790290541426511872
8569
13690882
15075911
5382722
2458223743
15846480
849768899772133376
100761980
64171513
18039108
292028793
847051525620928517
839229050535178242
2463180728
745281666109870080
18046181
27474489
4874289952
17802609
188778471
183872603
273397750
824013906456612864
3044943586
4077595635
38234848
356993857
774538951814184960
15317629
800407900157931520
16713945
23761440
759784800802578432
767639271939375104
745650162937307136
254671023
1583602142
752742010193186818
14111867
3326204256
75276130
756494222799306752
4326291374
9714232
280477264
1655653196
44074666
314750089
18061835
111858797
210932450
4856656359
14466055
595827350
20288484
3115197275
14105001
1117901
2585729142
16008970
55993
371524426
19516100
49989014
1258315926
1443686041
115700984
21324541
1917291744
16159736
35807563
26382995
388794902
22326653
316177419
26292266
7377552
15522370
17538542
3131287193
27732364
1031794250
147282282
14673104
4158798520
96612146
3350937383
30587206
724130469743185920
14993466
705808645464965120
4700207861
1013675209
14743171
101921200
19770965
2422068793
96176159
38465492
2260150651
7330982
697051391953670144
116621216
1288969765
218934010
4824801674
724269042
11829362
111013800
4744196292
3344344762
292245406
390062995
5756502
650933
15141604
1515127734
32274461
2891322620
2245488150
3988546277
189400637
41359904
46706837
4056496851
1112431254
4017055222
3981051376
48406499
9079652
14656258
272745014
110710483
3241156844
25515342
210684204
24857701
38436939
22681353
40388381
3198245189
252927232
3611738356
137340811
164336718
17345271
272739042
235265827
17812913
3330665992
171303162
2558266586
115301514
65267820
3355996721
14067531
1354669988
14175247
23564639
438810920
3166257091
45094952
124824724
3001516367
15095295
48785299
30813267
22730314
19758493
3186566274
537857564
142976751
2892508179
15710208
3191113073
466307506
1621271
3134041335
14949341
14880940
733465538
817705
822565663
11379532
2927745297
18691802
3112290251
17363417
2890087500
2667145646
138333832
18558398
236748713
2532067677
3029111105
858821
7435002
22720371
2971420049
106404483
140817492
14718298
15429534
156539634
1538631
93428573
2900968535
15678146
42851073
2801587172
43322695
51056808
16388765
15481850
10168552
194519428
177863554
14767473
2574102978
32654931
377848856
2768333633
5692452
19025994
1667100506
14375823
600034771
344283812
14250778
2156650512
2740210268
139844954
1048282092
16813366
976077840
334596482
2696449891
80884648
122232142
468578470
428058083
2500856551
24854305
89747431
15561963
20720688
36013
2583956396
1692991117
2515525724
790081974
218777588
14550576
2606364267
1947618679
234443602
20833573
31538381
4847281
1951531190
2555894124
561449050
550720182
1600170703
124036182
1375560805
17322580
2509770438
106799907
8010462
2462132022
23494217
2524908772
2466033355
84129079
2389602372
2370934057
2175411
2393188105
319190726
14195025
6444992
2422142880
15060088
91120943
110348603
29022586
22483745
2420747011
289536125
2264988283
97693205
241079136
14715201
2305236943
569317490
2329160018
2385458917
2383796354
15726839
1112534456
470429255
715925240
17733415
403520956
24812895
738484069
1946830062
2317009393
100120912
17682808
2226161263
16910892
2243294202
1731386935
81944422
2227220389
94133565
53560219
860266928
2245465222
2227632104
66289433
77248031
2168416583
2252130398
2250204349
23677076
1977406273
970590234
1246265346
223369488
2155059264
127649129
1910602980
2207885197
1953142308
1713902882
1135180494
29706843
902073182
2179745636
1120209102
221141823
14184372
1658767051
275091946
47955102
8850022
1321781077
721077471
386308712
1288650662
93950513
1602400376
70044339
125287295
596151953
38668274
19587559
1927042340
71900977
55513566
581609690
7626702
18011893
1442767790
1917801319
1652040990
1927259216
1919667913
1922280457
1922268151
60621965
14336120
16154981
14070071
20324038
16436093
366014688
595253390
21745797
1894474950
55725153
425641048
98719203
6108812
1074540090
350307814
190246525
75369575
1857896431
517921400
836241
169153746
19487037
2255351
1643649391
20524094
1635329684
1685222484
1645701230
1624055552
1681689230
108809328
1664075916
15239443
14559779
1655602735
1220199048
619083
118317152
368696299
218171833
1617799219
446217590
141354164
570838357
17309381
1038081980
1445264202
1360525675
164590789
1468172419
85538956
1400774125
25214096
1435425096
1086681920
3376721
393666687
725108791
63194405
518514251
77923424
1551358572
26842493
16009476
1548289219
207045626
1245898470
38663757
176312865
1486052750
1090754658
1359843038
941433968
148946663
478146314
1398768576
1391313092
14211268
1394155916
342641009
246621587
1485229142
22776776
2231581
6043612
377827137
208273089
873411
14271399
287523908
895026800
30574650
11881112
1432239948
1305595674
389995423
392412453
380726402
22408281
748602445
20512634
319580955
1140968822
33994157
195668334
14752976
14242658
982599295
16611331
278222687
288318172
26646423
58550907
18820066
818591
330040901
33259123
711887904
294786557
2124541
1286298757
281300964
1321955552
212187685
86839722
690833
111419616
540849250
226328910
15786138
171197865
46506823
281370886
22003672
743389537
610929563
383953515
262147093
1346266410
126258913
17830383
19787569
1159592646
963481
1326702684
1289381503
1041847806
1315215661
39060580
1319141648
552071389
1311013746
15041815
90034532
11078
1036404584
147467817
75865096
994729261
14816736
19025233
1209499525
16295783
13348402
54769767
17155492
12368532
17217680
18733323
185086788
18803608
14456867
151656006
80041052
14462852
15281059
1251529892
186145419
442210660
50745736
18550350
76418490
25125707
15248279
226798023
109967628
18038375
918323994
574762244
234595126
154163561
1208910126
358627382
1200042294
544253417
470882037
212811299
1109935232
20667248
485488944
30157367
399320835
108645431
48539767
1007550175
624751608
26569904
16867234
227173908
935904145
1116184896
15789737
47071000
15265341
957796657
350976550
15882976
382471394
187497446
18409166
158379982
575028795
12487222
48165941
966335072
1058440874
14517124
447415331
148572464
114960336
596228056
7729822
126896993
15805930
49480153
35847671
624839324
1043911674
993046122
285230711
18268293
1076197244
26411144
614658554
113386061
14109777
921354606
31327870
29103325
829626301
817258327
278367086
1023166988
132978921
102454547
17798700
1024277282
457279754
17614459
65600596
735696942
22053039
18997446
5784732
60222812
210076687
15918916
346082491
949019832
999717188
66227095
495213822
948624126
112014872
342880948
47902556
837615686
13401322
843532550
27407212
79014242
16627764
143827564
71117407
14101960
927669343
16401607
932501342
946015399
14393430
14373067
90843457
939734018
14253139
912708577
9644272
863419406
38312588
22534030
273676706
843906912
106659702
12456402
763237914
106054673
17776278
6392732
17137806
886138538
17841062
286721586
821235823
761233566
18314044
869261827
23548398
857967769
30395052
9785782
425847400
232017357
21624641
111302211
838940005
16010940
636400457
7029812
22300668
808977920
33674465
17543144
820308504
452643865
594056494
5733492
14198592
41795237
82685785
13955342
501999691
764315875
297747283
14131368
91631450
749209326
22776663
17050835
746108966
771456912
571636470
291009247
110677406
13764992
6986432
96120218
15352541
6268912
105311468
8226902
182822851
20307039
15629507
26645387
3567261
14066709
40716027
769796496
28343265
757184858
190894740
148862338
12149562
348138234
17213531
749481030
568044826
567887004
20954470
6415442
576847457
90708661
14148992
711555090
596950338
254700759
51979075
711599221
449693916
37430005
140437875
392288572
522725773
14341966
9969892
38680707
9474872
161696711
14271061
10313032
602748840
46300452
15934124
31217886
155275109
571542559
30694325
624991424
45082588
2630841
13628922
27491296
19069418
168945426
230586809
46451915
56433041
608387169
490850703
595692584
32418525
614162171
13560752
18914718
609872911
425948371
19602984
14672651
151477251
14917677
124273891
384995071
594155392
582521681
571121827
135021884
16918922
429886655
594364959
91943224
25048374
581927720
223365943
590318471
469139832
2342021
136845709
111478253
17044791
520770025
19958187
20725886
369887382
17342430
570331224
573911649
70942723
167596560
463322598
519921631
569995426
567859185
517710127
544573308
14167988
563517106
153936369
62227688
773711
555284791
78393153
244135656
24531322
16428687
23781796
306169967
87955892
14133589
174399482
173942304
545236655
420444288
407228612
544045476
14027802
99416947
302780358
16692966
14185356
524649928
262790963
123104614
14189689
23746189
146139275
17773620
528590347
47375168
525802088
10480482
1179841
152002540
14980117
14559999
31714767
394065240
28943414
18702158
143430194
16541907
45325140
517916744
17507658
86963095
48411731
2298131
73140017
87373548
175391432
504918794
25073552
495294664
493244131
16644664
16258877
502624836
462098518
499427007
481157288
491672796
20593129
440926004
216392055
376215453
489083397
489320209
431805645
460865128
367398250
47271207
485069936
481706601
19087669
420411004
12381512
22330255
343947229
48424688
30364591
55586791
72861702
68026350
474875165
468707598
127280141
154982147
18632836
469594613
83113535
29212649
111047978
118925852
15226285
261507643
173493753
59256686
134867349
36554597
14360587
89997840
465543635
6525812
253718771
76940948
266400122
27274122
212029835
1819361
46994665
75302528
31130567
67647873
456697575
21781750
257600962
20076920
27827709
86091055
397431915
236806698
7206272
16796790
398679987
147727455
21752835
16869380
15610358
25729765
15351161
440095785
27258171
291352399
322746638
9396302
146340958
13626052
17074591
429221706
79158978
221067135
369969622
16155766
435057199
16472460
432422872
17444815
406669963
61806426
156031462
800157
76557596
86355449
423324406
54669942
57112504
195976848
423597370
199322850
196278935
288490053
249162282
134301873
179638216
815334
113990196
14747140
348672503
348418006
149162399
214861275
224688133
24141378
29473284
80023480
16736182
398216054
130569037
42187037
14695378
17080420
355999137
284234776
229685996
38537558
387050750
15356374
62090070
21071176
14433757
17527292
16797798
125790482
325973944
17057756
6756902
323159102
13263262
13755282
390658518
390280756
291023135
389922490
6453472
34228617
95281097
15613504
137410067
130976595
239563944
117366960
127518733
383133696
383104221
16709187
15864566
93678207
380586854
20660763
18133838
14654798
22818109
140617882
338352882
248437454
223938099
190413666
76805030
219616068
14451765
105481822
337136333
366830413
72784703
348605348
19498238
16888371
126954913
332493721
51110862
37139410
14491082
14571247
17085301
244095296
80846291
23455529
17353357
201161763
358374688
351513623
347783509
14306768
107209033
359179190
211600702
4152371
48747368
789769
191894858
167590091
24834522
357181364
1347601
19087306
114393253
67069504
18040921
15228398
223421378
14538268
299903425
351523111
220493588
14057693
91048661
352115845
11808972
284753343
14823681
349293428
23222731
342148612
35660659
38176626
1340521
1711171
27891428
29723335
57275452
212290481
51509428
26595855
71215686
15411781
302989854
17539191
340572680
339295353
100632457
14115603
12319972
229475622
18737912
12431032
335364701
188648001
2626421
335455179
188410754
35694291
117743144
229270502
12528012
14111858
93021264
10771502
33489662
301960084
18049518
297634900
158954120
14060754
319753195
617053
315295685
86665794
92983239
17742234
123896148
317294997
12082342
15237619
14050676
295764478
98634344
208341467
314154624
132924795
19432837
22220847
23814994
285011706
217383959
16532330
23977676
304001651
301170843
205315827
195822133
294176360
66829942
51314586
260392014
64673802
20049671
14179979
25117549
16572672
170336638
622683
14206841
17275906
91347281
176838611
286522354
214141517
15794821
256107395
18768804
243236180
17057320
226994395
157544027
271999088
20810991
55236002
14970791
93211023
191434742
76814865
279295797
815661
10206972
264581231
19350236
14074424
15050504
31053522
22968991
15824597
115842616
17776637
17958938
1026741
109076261
149177237
255103509
8783512
15480698
14357859
14212648
14399304
23611483
55236932
69351144
196505249
21507094
15184908
15353252
43150095
190203520
15777533
29950253
251868284
238529787
246911607
254277741
378303
20962707
35626322
253516621
252481801
182635764
21390167
250750424
14703180
57984194
5694952
249704861
5556152
243480921
68445245
95598675
19690019
10243792
29802349
245029049
245026538
15824318
224275126
229659106
14979936
6219332
214615015
32725433
197756468
240218713
241420597
166614580
197092179
79402357
86104785
71212299
165807547
231435144
14140144
238197418
14116380
226247959
153338999
15293245
16306571
154446962
14710804
133919671
16295515
231751348
57745546
205614135
173518292
13709112
61057993
14926295
19636013
14603578
18607491
221537350
2539761
220398036
16270929
20044658
17057930
198796711
7485852
27495299
806034
111007320
39521903
193118227
14477458
9730972
211091064
14050195
203689200
201225710
39837239
50088472
47740901
14140858
187939611
24518840
14274325
11664862
16431566
9241712
40346066
16079691
24758605
19092476
119679334
17529909
21760741
15755360
23757414
163027956
14066143
64834301
155701510
20853845
191066123
19411724
32955805
15871219
26830351
16425940
196185641
27103490
76000538
15234740
840751
9921732
18385929
804457
108671168
62519254
15017608
22891988
149857702
23546011
168604762
19054440
62038681
21996851
15644224
4959551
33121289
17778401
19714460
43342500
186362647
883981
45045268
15853552
174982646
108962551
15642448
3355661
14070805
16326717
185295871
38363349
12290352
18668497
14055342
18214807
65341589
16268886
184564136
43686619
8531222
9150
11440842
74126508
17377112
966871
9284612
1327811
14121551
15354228
178288570
16554178
29514610
19293614
10299362
14072896
8977242
173754355
166757985
18978615
165381370
45633
1158961
11487542
16829225
164985596
30941953
16369563
119803873
153073338
22991116
18411928
18902468
11572692
16946295
119867792
37198099
63839033
7578712
91913478
47553866
17378072
16637496
66563776
15840540
141763803
32520793
141052409
8941562
9723932
140521269
109088955
40376107
89635806
137738930
137064538
9462852
120780473
80493
32133283
26105026
19753593
6589412
16477376
21975571
16593387
132036352
14068376
129263173
31353
39354367
18084928
25837333
113487412
116033007
813409
18407631
24769821
8653272
23817225
92503631
108250492
9140912
66051378
97280570
44685907
3116031
91361688
91145041
39269210
24639784
79412859
87372438
60639357
76093216
73530641
19197308
26970835
13629702
22474118
84316493
948221
82140457
45253892
2166341
41770479
19546663
8279602
79669197
79249865
49939062
76567829
16367706
15649320
37539942
65425491
53343632
59253907
64228897
63811416
15498942
16801121
17150978
55482563
49074012
812441
33603606
15260908
17867186
16873954
46367733
46508727
46559441
10882792
45921302
9346002
34792655
40573280
18375002
42937350
40795861
5087161
12375552
39341961
41905674
12526472
942331
14394501
5941852
36471557
36095536
38083816
1364781
14282195
14886375
29506384
28093789
820585
14451772
12127972
19080760
15609447
8016962
30118283
14300411
16098390
31354631
29349267
9115892
18586563
25026365
28919253
3041621
18803511
16882676
685063
18079637
5515402
1095931
2789291
16178446
20649445
26036759
18040111
8460902
24406505
18895265
24416687
23055537
14851126
24119176
931691
18651667
15933523
14053881
14934386
813401
7415402
7805822
15911596
14867138
21382780
22089060
21982027
6214532
17804563
20916082
8760142
15316087
21274695
21074348
20482347
20025352
17544524
14062807
14117658
16000490
14875823
19109399
6149712
18688751
14298471
18107912
14067484
18168987
15332781
16821279
17000175
9589952
17419051
15526069
17219103
16622907
7343402
16821119
16805716
15662152
16379802
14843757
14875438
16156484
15972080
853671
14771210
14065217
1064631
1520501
15760504
15760493
15712320
11499802
15274106
6273362
15465025
15023020
2119921
10821
15290808
2832201
15223631
15187324
15147376
3379071
14968809
7541902
14923080
14776551
14105783
9763332
14556863
800076
14566240
14508337
14532250
14060630
14505071
9435202
8273012
14394566
14451805
4696
13994362
8853972
14331117
14098491
4093901
12291452
14098943
1110381
14191948
8348022
14159120
14068579
11191252
13092192
12862832
3315611
11297232
9335392
9300772
10293662
9589092
7379642
7690862
8964722
8255522
75093
799645
1424891
6325102
268833
3103131
7090922
686993
872461
701993
5567682
5390352
