320798145
3902921114
15857424
1235681160270958593
167735563
1240920378152714240
2870194510
18023171
1041262064419786752
2734041536
268417711
1171402706
57852838
1214147494671605762
865274405093613568
4868287972
4064284092
61558046
1063468687196327936
1117773692
1161748626340626432
715044253257302016
1720123428
258840559
1229993501246410752
149757757
29584571
9272
1684102584
1235987784046981120
794904059056635904
747411208815382530
282325677
1177532198724886529
2953021036
887600911270412288
16522959
1215413545040375808
1232754194479796230
1210995472292175875
946658354176212992
2386452576
774962828843384832
1063225293542957056
106720338
15024966
1123891679134670848
191474793
14248247
314721769
493205197
2450613036
2573485194
1202570753129861120
21512070
4662518417
510439248
744384780
1233177340441776128
1521438972
6140222
16695225
110017148
29986370
50109123
283892690
18216685
4064590463
1358512088
1029740661249982464
2919819041
257732130
24140785
563710589
17616057
1211010579822870528
770861899571396608
1469315521
787252942063669248
7519552
4215881
384364123
1210187438892756992
363010097
928321324111495168
3362837379
819804839127359490
881856560728870912
761254973200031745
363539324
990894784654053376
1229366406967246848
1002926077
1157565897244127232
860707444489674752
108207750
203070398
199238295
897077377074855936
536260656
2387136554
32612790
87785291
1059820641992560646
1055967014232252417
12691112
350219622
989343399105855488
1227245980732379137
914101834872164352
847500256187039744
935124542221115392
750268382260424705
356860920
978691068
1957689138
591173815
3360607653
3334932537
1141390361551675392
1082672017
831534001
2471133613
2434848546
773326921
1003339690278174720
885496958248517635
52664379
220015014
1031513797956055040
382437942
1227079517082210304
1224745261504835584
19161448
1182073863074648064
755462
8104532
3226353191
2249884134
555321630
1553583786
44423
4786019880
1004746762781798400
14069393
23081953
28686378
166667340
111053700
22227677
104616026
1177551219612639232
29843531
256900512
10729572
40291925
1199735292787396608
62077360
213286445
3387360963
807187
999405014794866693
6291962
838065457299132417
20799158
58017706
1328550198
630416435
1113173343262437377
917405209579655169
1026724160020643840
15906321
918054424483913728
53778064
140133088
1214703393933017090
1216818301516558336
481458064
533004465
958729147408310272
15656207
17737876
83874211
14274325
117832652
973929152
1082111867529637889
1206549655955263489
2169431967
59867474
1153655698301038594
512093354
537409421
1012722440034648064
989897552970444800
261027154
7740752
948741937
11642112
1020296715059056640
21182525
2341271209
852014347727458304
1092450494012887053
501205797
52965606
858006349988245505
19706254
15747530
49772119
2328070267
1179381591120007170
2853126509
986012845858021376
1121662892191834112
56884542
14630505
3228494063
15171302
3181827737
2199002832
742389991540658176
250159858
890775266359955457
16962915
758325923313754112
220401943
3133299118
964624182171414528
1186279361869168640
402007310
1186589335518363648
37069830
234304961
1175616385
770183815558037504
1733767189
1070409057180241920
2931499403
1095633096026849285
296873851
338842641
386505090
87511256
1182491981039185920
1184461546493104130
27150431
832874369928019969
50122858
17143946
386102380
1543179224
15270971
853242342828113923
547698258
3355208381
628413512
1090576258717679616
3565601
535432000
1068613470508249088
41252048
906300286565863424
101663061
45556777
17477499
1177704631947935746
1170686303555530753
943497514459811840
39109858
350124775
1133337944012599296
4048142422
20251126
355168040
997833022274768897
48699161
16402176
106065614
987757021738029056
174163651
2518037228
18636447
2593245444
255054624
202013720
1408458612
34338623
1482441338
172714407
16971549
15061067
251841349
38633
3168303666
196003948
55957641
15685575
1132663174812057602
16789906
3596742034
872435924
114868809
19815659
2325638286
11066622
3421661
262330336
94071133
181853199
46249464
5949162
15101016
1035676762380759040
77707312
991169199950053376
1542270878
14775620
18393495
5676102
122382994
89490206
3992443754
107471115
12367002
2236881573
769840254
136811074
3871826339
774310105357623296
1116610239099392002
850367154067263488
23793288
14053355
1158072655620300800
1106930119
16107016
330274148
1154610388249567237
1153460909919985665
2309068783
1129050291981176832
4250616372
736468015839989760
67470309
1308846883
220734458
211956557
1135180545489588227
8135682
794427817115140096
958856644087173120
399034941
128219393
16821279
5435752
901773635962195968
737477204
1150026530308972544
1073704081204699141
1043092890400915456
1016689104094834688
4656564796
1133920214029164544
38881442
1135598478728552450
3075910001
774880
1141190382002352133
1143959290388107264
804026592
1084254120360308736
1129094416885592067
748809763543085056
179947178
90981290
47863613
989188914773622784
130576825
3221061
903292626
2464065212
411299382
966313275192479745
1131917000597544966
14698489
17680589
24380982
1056136180931145728
818903491036884992
324501633
754764414939791364
17329012
2563619202
972177602
567756902
9923162
382489438
198527861
15030824
98477454
1024614790310682631
945967751541039104
313502125
715443893442101248
424830680
909570582966042625
3193849965
797967526294523904
131593818
14391334
119835440
53860370
3327650140
1118835771526479872
1099393964027854850
577077295
494768650
233017385
927904751236407296
782331783450726400
1065493285760716800
705267509667209216
456992870
1414998313
959127998409699328
1116224709669076992
772493970
4635918735
108719540
248682669
953608743178121217
54215786
857312825659846656
623734661
840483941870104576
49840921
566275358
3855676905
158878460
739271654920978432
987083709642719232
116041517
6642152
6761862
1030795599052910592
23260503
2548150465
1317875275
2585064180
2514603024
881654245291827200
44191101
2789341278
485218248
713890069027774464
89520528
14253694
205393630
67290711
3067516172
1110595098260193282
12941602
262639915
222296044
4911573515
4075102865
90950961
1513377314
988418131755454466
1107728207338307584
971438067897774080
14475559
1485855133
586451578
2248766490
913494466568359937
600629064
149782452
9769712
891266209
1010101893865955328
60760075
23675741
579890458
19046250
3704736314
343210586
1105511932528918528
53687449
3318808100
3181879279
480602468
501673155
860672749
2821537296
1398562676
32574978
905097033157148672
2740240175
781786
821309471557296128
4235812240
15707227
119275548
870745602
34090250
21017899
2835602396
28882198
124470258
30085169
16001740
2753629389
23106869
769818804624908292
21120253
38182730
319673380
17072016
16020437
11282152
2728613364
22450594
2808039798
4068852017
1093306122239393792
53481642
273729336
247256044
498996797
575977752
345609145
44646561
18955288
107797112
76956413
1100399634575372289
32643730
605450829
1098840331582361600
14860751
20831890
1864754713
410966321
308148775
33000676
62355081
18800701
49497795
15029487
1621456039
1201535478
547013073
22977869
602280399
1092974801382187008
471660555
37728236
546014806
14993917
92842261
17418223
822476539
1083730907159093250
198022526
55939271
327164713
776596881258389504
1976199679
1119828228
1026289387347144704
2573880074
114930103
2201741636
2886426349
182686248
356604930
20953599
151924642
52777648
1091260616008978432
18000480
167024093
393829051
721933114809823233
18733741
19129867
1098649960361484288
2168782130
2183122681
24480632
169340556
76443558
932656950847901697
35279070
546955860
33134204
31492569
1624782404
142351992
291520220
16140074
37759934
144155161
50343479
64903588
18332836
1060665240281595905
993557186499362816
1032443362723409927
180019274
22044959
2728657237
1096349941084102656
323740737
894118742183096321
911468199954104320
4808105304
1611764414
253449166
71883692
1601468179
16602052
1552791
17467699
2856932848
16315949
1003452972875911169
119225183
186858905
17763613
868896930063155202
212632603
840960221140914176
14297174
117723
191194410
380516847
774575
338488801
160625536
918804128704401408
15767355
63819362
15298022
32422164
224195633
23577513
1072922587292942336
17527046
35783508
225076339
504914052
165284470
3064421422
748940660
173870393
839901924027695104
1067382857432207360
1065936835526955009
987016709495279618
478546624
3727547352
77945467
778248351288594432
167425934
17465603
1121263440
1060631769685413888
1056885715605295104
185882046
275505184
1047629330489036800
14324887
89491740
61608747
4737637696
719478401
2389579772
70573445
15174809
110198955
177898474
368006507
166949070
19400205
250339392
824007478098661381
3017564139
327285445
860189742008156160
14599035
2436932576
795248322676039680
146223640
14645163
912318703
16039828
260582890
1046741633159622657
138370360
708657316279816193
125952532
51488231
1073388199
890634172716527616
64778208
886302079215644673
2955712581
31189068
85514954
827865876217081856
1048269079574798336
1887766315
436240557
59911425
21173117
45565446
1016875595857387520
661723
81464202
51052675
1044789780305899520
176841064
1386151380
280837864
3319985034
32567504
71982306
2244285391
2425928354
905477697744232449
749661321977819138
777594980126842880
509840435
990708696610103296
383250763
2773111
71762380
17142606
16161600
1037596718425157640
714821224212267008
4259730014
14641942
6650562
86536075
14993466
820860215784415232
14075404
1028035897516675072
15889664
996966720123342849
211775434
1790831
788375916
7553942
62449855
94825622
538537809
55483309
390171807
303603131
130787220
1033982719334797312
968147508332462080
2479281146
1033780461355577344
4551285255
1030536156440608774
3139597447
885367477
4605508155
58537711
81935955
984609615429107712
67548997
981581000361889792
52914374
556162290
781186153231880192
65732431
608825492
878290675464364032
1026450270358786048
117931781
42852576
630750125
361824665
1025647150695297024
499008461
34956929
538592739
38867486
111011528
799574
14898461
98221424
166557379
1015976846289199104
193030139
6298852
757907339760599040
14532269
862564638
1201265490
22808453
8592732
16130949
14786426
28316947
18811020
1351117410
890541499578011648
3254401207
1373539004
19069211
10720602
244585330
237293113
2892219338
227928681
2756479056
2023311
181421156
4207981
31088976
60813875
28896389
310539041
14865238
1015624858103894016
87559451
4009447539
796151818262720513
24263
702429530556862464
948259300350324738
1006940781872078851
270691246
4317567081
985025051853557761
723821630208761856
476608816
16843841
56037130
829823029
922943158434107392
928832791902486528
216229108
836757786
834779903232978944
21068483
46835472
20806376
201751945
482382159
1097409234
147431301
2784392719
767369517068681216
60932015
472326038
492185694
4443496633
156651875
4911706676
515582114
1135527858
342597524
29064877
15533512
51164584
4895382455
858187945
770398721406148608
287672465
982208277789294594
331621316
707831925227069441
125070713
19034328
831299833746984961
4115702599
8304842
2361705062
297249751
22158595
1058016000
396451105
14240878
2370172034
974610967211532288
14246556
1209499525
14304568
138966937
253496859
3792477493
17739050
6440602
774263405423190017
2411780241
147948244
818098476
737783514486079488
15632955
2744240858
239763470
2610999482
7032912
42070873
2924445998
569923768
973942197111349248
16004938
16403677
9551792
14585205
190603324
110244676
962704457124450304
959342123286921216
969727205474492421
831296769850036228
951220990750679040
897226646230634501
280477264
929468716269518848
951022703372365824
1445748968
415713625
3016225556
1036206458
886537209695748096
77803833
2931711199
4030760653
948136317174583297
57396471
967050955438084101
369854598
853504435892346880
292689300
36104435
38330972
963148824171528192
714775800
6587342
102099663
952877395266101248
19316113
3222410820
18872221
55993
167393140
2987122085
30008264
119155159
957255819493593089
2888702530
767563121334505473
9233842
952279519762796545
19030386
1425894672
940723200329072641
951368945117769729
820862824737972224
822331251700838403
949205232462024704
24877257
1737831
938657692071075840
18292894
16867099
12982752
101491032
17913998
382985231
154833947
405494472
1429751
113366891
836303735064244225
2325779214
739513966645379072
920503005253963776
937751486074904578
919023220023578624
2292520365
1356113334
635607046
10250992
1632664009
620794756
1057760869
19212550
826580126292918272
374662765
238929435
3775651
14176756
2739826012
488329510
1261880232
2667589405
22146736
56931192
294056626
3983906001
3118719168
14739250
18225468
7668792
231904228
33738512
370331549
1565159863
468113632
56764663
2361125696
2166113906
18956255
804082659358101507
313312759
90911370
356106893
709864138013417472
20969723
32867011
269353289
907601999251812352
16621453
14826965
19772098
16986245
745399297970159616
2469669118
878777146671599616
894990706451914752
166377027
24738621
3179356050
14974018
16112173
2923648861
453402782
1882073606
42646960
20566499
5935322
2495833531
1006657716
962510786
293519025
872535841641345025
2627667202
13564652
1317549655
20946693
866995974933106688
875736736667754497
8184962
51627206
212187685
6562672
118133101
26548315
74712995
718761206505422848
826126212208660480
865179415600345089
866886014559821825
855423987056230400
20412301
840954840989749250
55419028
3182357178
11918372
1710801594
119151013
855782150934859776
855785012591046657
18088152
3325740250
862903318384975873
2220292128
334246622
4519438653
27684220
41486415
10178852
783928187675877376
3595439354
54114888
10325302
84364568
969275161
3230760608
113281350
817364850708021248
810389354413772800
805622993736978432
310673079
219723542
857977102452359168
767554442648363008
275063633
4055905875
246028215
850083760611631104
856865239891140609
88776580
17910234
260116832
853651677240582147
233978001
73486672
9017382
26520115
177788470
407096638
684283
116396187
851858725564547073
614020420
130946624
3108238809
78606400
846651364147167232
1402831874
29333305
152315962
844901794589368321
8289702
2264734124
1901579972
138652127
118134433
76456106
47545929
841679450911698944
841210827214540802
9526842
63646853
837630802108235776
837875656805531648
289405739
64306899
19629551
29686426
835114384510738432
788158068
1613641
828361853021646849
351678501
4341359294
176771835
2913742073
14117880
21771952
112733015
16170037
707382012131336196
15200015
776597945365835776
831816081127804928
10368692
3505902977
2901091775
15373404
14306330
1653033511
848901
1548
11035782
165411483
58060019
829268578771804160
1334892494
824294148891168768
17845089
825279295954288640
2793391472
993496454
282237409
24691491
38702694
98489205
9907252
281858505
1483355790
374018306
1051064606
2774661
2932377596
97243232
1586835691
2417014158
16016151
1257796674
747519480784388096
821803271132155905
820296606821937153
819846349478772737
23990406
16687287
816496698277117952
4468495047
2418895138
587614785
35797450
812928239479816192
812366060477300736
812364162668134400
811422203409473536
810976151694811136
810099366392369152
2621077091
797185261759303681
786916797626851328
17451816
807012967715897346
709084062540013568
15106188
760498971332575233
805450680353832960
220610706
253327556
2334498824
762321963402596352
801294043934294016
255864200
714111455604318208
10048652
4243691
2317984692
111961711
792738825030160385
66676474
3526517374
22853081
999491
797966410555265024
123494766
288584477
143603806
17901774
21009641
277737903
737071444538982401
3308224914
2326988238
2214857786
763182788887666690
4846466523
4439644932
796407166563446785
2354291468
404557731
165569428
1152018139
795097827047309312
726089858607894529
23262106
4874289952
7340612
790206374672302080
1562961949
40498542
32071581
787147311407247361
246132022
779035710892412928
782781891699175424
250398284
407876384
781936911048962049
755399751923863556
2951920127
241428696
3024432505
8870242
290802860
3196596367
775861905202159616
14673143
774346748932259840
3761611220
769107714438008832
767744936825454592
768393183004860416
1546261020
392089625
765249282471522305
764424963302436864
2571937763
2759989021
762955888713805824
762923218218856448
984843402
2593524361
760038651367567360
182347128
3666853107
417217936
4103963652
1884560342
43096020
14452322
756369753896280065
1156527625
14336585
2303615353
2240296022
2841496889
733504945
280584200
1019381
246037845
14226206
1080198979
492971212
755427980457816065
1927788625
1101864026
344956493
577417376
4280096173
751473179151839232
703728477795688448
750495367830073344
2823328058
750379865887547392
49420481
9714232
100165173
14915769
3548074516
352916784
15392140
2149333399
3322680249
1115374579
1493918006
38708784
459157096
371524426
1211063226
744838037155291136
743982273226211329
3974358913
1633493342
743011401749368832
742973505013157888
701044623930691584
2573103588
2367228090
241457780
39591404
739443038095872000
3296136369
737951764385792000
21095798
124696728
2271609759
79402857
3421551133
1075036226
15398764
709432835321389060
16899182
14816103
196158543
1377882152
3959357353
2179745429
2402216653
529578281
149218594
14139773
732191820948619264
82363
12325402
200519952
521769198
201799898
868590631
20342875
4503000074
730748630542471168
242173339
204462223
30286361
728650662809112576
96515838
1497859814
2444443320
7861842
583853005
3143956126
4752218928
2152839685
2599740120
4792517363
984219792
15377115
3081700570
4750093808
300980950
261488974
2900471446
767545134
4826914010
15254823
14695816
710032430216978432
288208527
14916216
2709653119
858646280
171464986
4706350038
330374334
705968743395016704
705269898788798465
48065999
4450293372
194098112
141566922
117367021
4859165105
515022119
870371
310550527
4766532028
148406730
95745487
14508667
4845705343
18268293
67012899
2871402869
1956140970
224272205
628562704
4030752437
4191396975
91074094
428058083
3954167174
4837847806
2622742019
4026655048
207938151
7486612
5878082
33057154
1180301990
3097293850
28045033
4776222094
17518412
3366166618
4692107292
4534904180
49466116
4561253796
9610222
355559391
4438524622
12759672
320551134
4439249247
41836091
78616892
1638921848
4363380443
114098678
52758434
4003588403
4376529854
2588726972
505678701
74090541
2790276490
3324671755
4227417701
16147078
2657240200
4156778633
2784123889
1533324444
6996932
4139111353
199294094
4121809579
2463532873
3711466045
16515851
3130883121
97631539
11736872
18316059
3284091200
3944698275
3417851548
121881387
1260707119
168721431
3814079452
1506496591
3060671323
3570403094
897938772
2904890231
3575342053
3480029833
2360644794
2590808977
342034373
15802344
143006059
3030890880
188273921
52995913
15193928
218551001
140971101
271336073
334625477
3314204803
2495658926
3410529490
3309742986
18976192
43113029
1698097896
92029033
96185045
3062352720
20865847
3395879824
133872010
2229780206
50189269
56823695
3371725053
554610275
19017557
27093292
630517931
3385744390
2680758350
8261762
497902577
3016611945
16353299
152829424
103189978
28603659
447332677
2457810348
3266883920
1892948713
130164481
3272607728
309620217
3356534535
2456223144
13459532
3342979839
35121912
296309665
543393433
1855508725
969041642
74400064
8033402
3343920513
2535082922
18161157
3112353043
400962072
99628071
3314615025
277195386
8660312
2803999922
458584379
557480766
399041685
3238694982
312594165
14418984
73423924
3301906918
14504859
216205874
28103417
3224337153
394165559
52908620
20936391
16484198
3201570490
120422034
172728101
1121428412
747708596
35631507
609942771
10787922
138969362
146194166
17731788
17233078
39962361
14439396
342821150
395392225
2388253178
49988867
24133327
218443766
41072906
1877011052
2481598188
456720265
468711085
12486322
404080859
3184992506
1973559199
96994751
307804116
155973251
3054159512
683723
753559249
15594932
3118414459
3131172023
23080342
3071872793
123341776
14623478
3053285497
17541046
948219864
302424677
3109568919
851975503
80299574
47227143
1361859073
66610824
3093448713
1230028746
43899288
3074578447
11497
44539570
160240501
18507789
2422196868
65845361
19905698
20559611
1393732860
2479724390
2858983607
73898072
3084486244
3082431255
3081801647
2751760219
3063549673
14818166
3063831437
13579132
3005167760
1154660576
65442219
270627443
18895877
447774930
17407196
92585843
2885031
3020714475
69496707
77819682
1907374321
77465169
19706628
73469703
51982160
3007997368
112414366
2936438317
231894757
2800780073
30253755
3007441126
2351423583
3006675251
2991799663
513018767
2974584526
41485866
39258833
28543638
2785176502
13403302
21279340
122692141
41083053
30076916
49939028
589939726
17866009
361357911
112460629
3001473598
286539640
14080003
487623589
21738490
20038437
976690177
15926485
14815775
53896134
142211841
17247714
14612142
44104818
9723932
337913290
2280614198
1644951432
2906620721
617386586
34870482
2517421716
57979858
2937639475
2938493510
2927329461
2928036562
2831514986
67122227
2892857914
2902429390
2896615931
276027731
341461393
200803440
2528721763
94291367
2871168107
2203324769
2870292447
14919253
387549147
968698968
137885308
2862667319
94548217
17946499
295940283
2846508183
2789291
153091170
1093893686
1906910438
77995338
2833867660
1327700797
2833367577
1380237384
283271788
1961102174
15662351
11127192
32875005
390843361
132799806
161059318
20680326
276328726
2653085148
574662096
179850705
21133704
2724828662
1389488683
1437480308
159134280
222654966
2768082592
1388005135
2792676876
1305940272
871954081
2788694431
978326082
453893556
739819585
2320821690
2780148235
2777606688
1151772308
2764795309
233576060
30864653
151477478
2743376696
2742474914
44776968
292808467
2739832328
89826631
39525047
39927964
1042911055
557397665
2336298355
632699796
86838015
18823989
2543579113
2688644503
263247148
8845232
21526748
768303
2575485504
142425191
22511489
46702464
304072855
216310066
1410747900
64351105
253006112
4411041
127849858
14509080
79060397
3649181
15156306
2618590310
2617469400
1701158539
74568958
253523744
921428810
18654398
220910198
125608750
169272789
1966061000
57450463
29207596
1614966865
379208376
329559812
51130983
113007856
448668353
88161708
44420190
360079273
2548340462
2514407976
2282201930
101199143
82424907
376864260
1465616899
22889539
2369614704
2485978531
160880603
67595257
463133129
27602647
19787844
813492134
11437632
320144521
87601199
2368965801
2371001088
2459831780
1271810586
16435945
2459753744
123081147
1375494372
19094534
14534200
2371487253
2332344944
61555491
260587071
48329594
552779131
579146268
2412560965
2457107988
2396698369
2454169429
2188476355
412989491
191946641
42018126
23863969
191873477
513780490
312536456
49432340
15489011
24044209
281951177
88226365
2341050673
1278062742
2363883468
15301152
2369971435
855165792
53433447
2368302564
2362771938
51117895
6869482
193635524
431472035
65172330
8291642
882334795
2337869893
389758709
611831718
83592768
15957907
1128561
2330250068
2215769257
2327689171
831198104
2324095273
339468045
226113151
229613393
271419879
1880699516
294111875
2312713795
67145675
2309408202
11240192
1282161
206987039
1534450153
92266411
20803244
2220733770
96198815
160290648
2281796958
2281721258
740030252
20156224
20398065
2268547357
338344458
1644809546
40610966
462324209
185052073
155650141
41694589
1191469117
243072901
47419281
2983191
134644312
14977338
21760930
437733563
100131751
10268072
12973252
39759422
35184637
2215553466
27316271
34893296
95529215
1560688218
606354721
99610599
110305689
157702526
28592285
1390547407
582709821
988899420
334414176
133513997
570057306
17450469
50555044
502016945
19296721
14362949
543301033
395466828
1960453770
20258654
183591847
1224315596
216742850
2151190604
2148100240
1977392192
14981508
2084361
6108612
7384342
637434336
1959813456
1958841938
96014004
321401924
1952463031
90223712
52972393
1297529803
537890021
418018630
1858330572
457706810
133720781
324490597
416012230
424025826
16952382
394050311
1721901614
1746656052
1725910602
255525802
1022654455
1721759658
55641214
412420143
618325462
567562934
1582663242
138545387
56377143
1664724938
993595266
1656657666
87864741
1646096742
1074226669
90821051
6998432
11821802
586857368
5868402
1617682104
49008237
420815969
28763561
94133565
602205292
16438469
8850022
468707598
7535062
80346111
1001101584
102716909
49105107
19557266
25977122
278570490
62148792
301169290
21303400
365040501
608288437
83998635
1490742276
1411724616
508285814
14429854
87466917
90338702
18895750
13493322
1361482658
897024434
10144552
358029607
55359274
33787118
212537881
38101189
392266118
1381891
7043162
59515348
1494442843
882067825
163853677
1489614054
270269506
331441329
546893452
74400136
1316813600
1032474842
1241871145
802354609
192764972
1416951242
431641088
1394439470
126330386
390066722
821856307
1381038708
11726
6742522
28965846
28293096
18731585
278039772
1283314358
46614859
59002408
34315139
22426816
16905322
20708272
282843134
1358136006
14463924
63426492
1341775416
39479955
1325087378
136097647
547775579
130436975
358091853
296240173
475823998
31057157
419537020
130914547
115079531
186446908
1285375370
144425672
433140720
542390792
129480681
273891675
1125699211
1108997010
347683063
435145648
1247777054
540495448
114401538
41670928
1246993837
133831665
20441228
128308837
31126012
1269329611
264249838
455627891
767727
151603341
321887465
511856851
65345403
1151998093
16467565
17103069
130128293
591734034
179223444
123199512
362475202
87163620
493008769
41540982
105698196
210789589
582794201
7724792
48843
15141266
47902643
31772290
177191266
1280583618
1274716597
386992628
1263614761
230041931
439903228
27296833
36687588
123094657
1101080112
6369712
300411049
162147617
275626864
160064633
15300893
1024930166
496766233
19393176
176139918
1136447954
819328483
120766191
16190369
205442325
944726162
115641919
201366258
14180282
1094915330
64366574
86625140
104391119
113435925
59409388
581093139
557933634
1020207632
76582790
37885617
894034447
905333364
15704940
16878165
135532251
959157949
224197730
165639071
44915590
421836533
873759582
887944806
928127311
913689936
904717501
1381831
270921323
16269450
83097101
26113556
252665961
883140842
14977876
296354799
881054666
24564235
12016052
870437299
869872086
40257666
64108641
100740120
123474707
84238154
39490950
91333613
861141018
23009949
119113921
794014231
95613244
81533471
192830078
848545166
26154029
372536226
807777300
281290956
30815497
531587845
130871902
289735501
437124132
220992262
61074722
283074801
97279797
749284722
72232648
364511203
575687044
140437875
88199198
241418409
25905167
252897404
19058451
284689626
27064840
442210660
20720688
16149906
636885142
36167622
19587559
466722458
608637181
45743853
1347441
49940887
107261935
16433143
628637874
63875291
628620435
526443696
596306638
19910424
311498341
8037342
366073416
497964350
192841734
95418262
555092923
3454921
121309437
15135244
20112537
2927281
19044752
20823206
574978011
527660244
394739217
80375104
353544738
81845774
142383925
128461385
14295646
31567793
262338893
573749102
574824534
9556072
234744939
103505455
936361
215755802
18622343
18685234
27735126
12493782
19661470
137688069
399574866
63382707
282176072
17285736
40190567
557592447
304012525
22882480
30827469
258652093
563525669
28953528
54425222
34607715
373111722
14240276
156768711
32318910
10114672
125767119
18223478
339768274
22143145
357888623
280174469
411022987
433135715
460042003
431864886
337215247
16819278
396863646
486812918
349216733
416047953
16644578
92590149
120172947
9656342
214458834
417846609
285143429
36315771
412688194
301618596
7025712
63805164
93579110
357583305
248764673
14128901
28310192
334697470
475913475
14215376
455257111
105184552
226271731
104306253
20810991
500397598
16559112
43362959
500072336
214106657
158469809
82087061
382040598
136044431
469365406
23745663
17093617
124361749
113230292
73865401
34001366
206327748
427230605
409592304
15299820
209215642
12507522
476884205
66479280
282716986
14531474
16649918
221425548
64716071
22206238
5718952
15988753
385095990
457424981
442942020
455923250
370222416
435942676
30069731
23258784
17992230
91820232
34187886
94397054
68890044
166647309
23886763
379706036
404824754
357683463
36654295
14650984
20248721
83592515
6007482
415648065
409487874
131262993
107173507
18744892
130083831
26857202
39364490
16169106
50190943
17304123
386909992
388334777
208280072
14388075
15751438
357039690
397584649
176041543
19489341
153158056
20380321
76941510
18097254
18832186
169104894
384631236
390480854
20300695
68594266
340516737
20976434
388836660
3859031
212670115
188663960
386500956
249014193
385751534
14965268
383847916
379926908
10313032
150671168
137541964
379386343
141956245
377167192
53833995
38187699
109650665
268929816
198538127
313984862
29482595
25323959
2990241
367343884
28313449
355434242
16024308
368774992
155169131
315228270
22173062
321771171
294286907
142591728
17974442
145857341
166163754
6289892
37005216
44609264
351377047
16167637
77522694
73128997
33933259
339283587
343023626
314771232
17448424
321995585
10673252
343290892
90822152
342975231
18932387
11614262
342657147
18244332
8114482
5949312
267349496
899271
14640100
91934904
273330342
272569689
6205402
186400094
54510036
5388852
167084222
10206972
182833203
233149098
336516263
1050191
17751372
24881906
16639219
330908941
271882309
40844059
18001769
284099808
28078068
314102574
13805542
17681594
11059102
133254595
108809149
126309335
249307732
162550782
49214765
17169978
31446647
138354677
86763419
40653590
19639814
308680672
65360345
308409236
304018426
54486471
306531811
15653961
305010536
111429348
126730771
177602865
110121475
217748966
208018215
105242077
295579193
161630907
293775818
19221803
20044815
293731080
273955425
286483061
205211958
19814653
17338221
92059059
3081051
49586855
278975439
20368256
70035644
226559145
25014406
275094049
223982826
16887885
65060518
273252854
136368040
25836560
192868951
222658216
269070692
89264497
29687046
39705794
111715117
72625007
9796892
263176702
33206708
245106242
15141010
205738693
23064510
232843967
82657971
247184863
34034170
222712397
49889933
15441893
16689393
9803782
20393157
37911241
79162578
251622111
14191534
251035083
17268874
9255722
143450958
124512853
81640200
113809541
108617044
247635503
8642002
226653027
246774690
245670213
244643807
15522726
18316105
237862863
17902130
242067749
214711589
119543574
220386747
72761195
20529994
209256165
48513244
205750507
37952491
19557049
185428703
25366110
226505761
35500874
824210
15072258
13932012
18315604
14907614
93948799
19682566
48868142
57784036
15228758
226106857
20587056
36106648
147909623
149034386
18322585
216455546
15561462
113068724
222069975
119160803
51948936
15084093
121811729
219001964
10800132
18825417
8295152
215913823
83516062
185234384
66648966
16401716
25532843
28487033
19021297
18624408
16611173
76355615
5676952
49408496
193165951
205756754
144249688
28408807
211516148
14755273
120693019
17500126
148764505
31541386
213314248
19771577
1317
128210073
39494081
15219398
75088173
9059262
55694645
209711665
39451455
50414348
206660016
140328979
15345328
14417040
176596938
192528270
32620901
104608932
21770659
33540309
186569899
158222733
111196027
58447942
29987874
21486288
188733971
9334532
179965449
6967972
93507848
13581702
138685563
50012661
31274623
20273582
63088962
83248541
179296429
66641120
68653846
80009340
175450394
172512542
42527881
93751561
17616943
1080551
34890586
11190032
170353936
120474683
140505070
10378002
20967536
33517796
14061771
147614200
166390396
147822964
34975251
10784602
17068373
17424949
793517
157365515
150687497
2732751
60506896
28429298
154846868
39570707
61291337
61317377
16081042
17182849
107770718
15721246
107755674
111818958
17614762
29938715
135802435
36082556
18379580
19807754
16289320
97002758
14062495
21873681
114483377
16929301
118773887
19350236
20539563
126037057
26777952
69376859
48251662
119699176
2554441
3440171
16026790
16097531
88959931
42633464
19400678
18994301
57295575
30346345
84197893
17771970
71025426
26038562
78386003
10748252
25435149
108673951
14800275
21499208
36724337
83500900
15287939
6074742
106810186
5240801
106550511
14644641
63330258
18966718
14314029
19032298
42657756
77053134
25005972
86030912
47668072
61777036
73050109
19654992
89147097
99816330
14326085
55757131
32402680
72343
46139251
84430156
17856201
79550727
7936772
95686882
15367053
77298008
17493612
14320850
14085899
39494350
24308619
4457521
88112523
88157930
76075573
16874638
5618162
18760893
6909872
777369
19698229
15323083
1437171
39862158
88623178
74441881
15382928
77292488
27046404
14106573
89503337
89739854
19159664
8208232
19580431
87822900
16625204
59521904
20998587
15003088
88357455
62485505
15299413
1110381
82563029
20102364
20333669
68023261
76143864
11991612
42880243
86130605
18257882
19714419
82214070
76997641
85365299
82675057
63047715
34133232
57480934
63276063
47455765
38036146
83259791
65735639
16028628
58760083
24359784
15428926
80659837
33715192
13429992
1088181
16207267
32603412
69664361
15794397
34227303
85403830
15279052
21113467
18794945
50487317
67316950
71389609
71396188
16271086
14456297
16672584
79743755
52845914
14174897
79697746
12761622
19343179
17759435
17365257
15821532
14205037
684983
44837894
75197618
25267147
12463382
76482365
35214040
15285998
75294041
12392342
72468776
70006987
47503130
30804833
49011247
14665162
74569747
15266154
68763789
22924751
13142662
14102677
71648204
56638452
68826983
30494635
34573624
17473883
14162038
66686881
54903489
7372022
15769327
45812157
64295140
63673174
46865836
47212480
15799130
14908714
60311612
17733467
19090300
25022694
57499812
18055488
49596539
15356324
15153029
14994363
31502877
17510494
23519852
30220140
17564898
16681542
7156982
18968956
17365113
14639453
14957616
16474133
24679905
20123729
23218030
17045958
14561468
21220245
19678898
17915045
17542116
21079917
17473443
16517590
11637952
17516678
17023311
16502419
7413812
16050807
16051471
15971632
15711747
14496544
12010802
813286
