458304251
1852469371
2407264268
282000483
2898221802
56758804
60656991
17986699
151400645
292109954
14081775
1241328995528032264
90329963
48488419
14659787
1237461317876879360
1239447814410649600
1235426761048870912
82363
1216779005690556416
1030871304956563456
1235138809051914246
283201871
1193782779781058560
937507171792588801
2920136328
917405209579655169
1209040504823914497
1037996126711021568
968472942031134720
1072501233968123910
1173286315284037633
865923669381361664
1967586564
1544219394
1228821437005402112
38637581
1184509548599623680
1220742746194968583
49921739
3334932537
421150887
837334321
1159323056
6140222
1225770710691434502
7516232
1225330261124009985
89490206
958170488513159168
10184292
1223729719100825603
15704940
1694961
14671775
1108316209945165824
139294531
274632397
3124311
745582409257713665
280477264
35783508
256900512
110198955
962517114
130787220
1073388199
284192166
9305482
21594615
65878560
42533416
1199215843449532420
17623670
446415076
1216676842343628800
933651469252702208
9233842
1004689545584001024
1693141735
760028
14742294
48996730
893832933815013376
1189450599714000896
114031302
110410385
381241893
13728132
32827747
438018881
19212550
89627185
911073186
2935145850
49719781
14838594
958604960899321856
1023719884784427008
46196716
176797057
17110429
14266497
418798874
2414427491
1201800444395155456
1201704851945795589
1146833268995710976
1284720552
915103499641266177
22186723
496691304
2247432182
156078207
1076291542623481856
998865098964983808
120427999
1115715083735187456
1190897599081000960
2349128279
3193245016
719073510233022464
1584821042
1542663966
33810386
167735563
4335306613
6593952
1176167411168546817
23873693
884117471933874176
1179642746845483008
3062333807
53300036
2724205044
2851492881
1182269024165453824
1037283416
992685489701425153
116041517
2153351216
9181042
182744327
362380525
922483242619383810
867576648
109994007
10891862
2786326718
969675794
94195631
1126273409900408832
29007892
26662609
1036044807158816769
1175795239514042369
1173169337495982082
3301662589
91104380
14198865
89711700
455759813
335595134
1165362764367454208
1139058313448964096
720903323465969664
1169768384088510464
4864501418
557936601
1105759768939913218
1170686303555530753
333154733
177572601
134445434
3152172007
2337389724
804269894938161154
800197825631895553
758336508491292673
882607416822476802
386505090
3305311302
42927908
1169732790620999681
2382993918
1168147719501668353
14914631
15476712
12806052
268381487
1149279894901153792
991064341419036674
879957893897797633
456992870
8692942
4217023737
52002456
28873233
166667340
722783342643384321
2736397896
84000178
109086082
1148986177778642944
1162095078518583297
54781616
1141443603702722562
1113517011978608640
2192450400
3233705792
1090873705
381694831
1009450284018307072
1153443421069217792
153793466
23021887
1156571625346785280
376640677
898426281536049152
1110671702625673216
142566574
66797298
14526473
14145417
14923009
1153134238579023873
718677168016863232
1085940454380658688
292760736
129823130
723544898
16689446
16821279
36053720
57897785
383773281
376536396
1102049117797199872
861926908270956544
347097089
283892690
1112677379103698944
1147124081285898240
942544632898080768
1146451263749574657
3919328952
2870988632
67320305
42374574
1105851615930548226
467703710
1112832312444583936
381629790
201156529
1135180545489588227
14504040
103046738
5820012
4102808112
122575452
14391938
6158512
1024614790310682631
12691112
2372504305
1110692963833864193
169505740
58470990
44537879
1530005155
40872678
2847845948
168992704
45125726
487198401
18573182
62884325
782790897129787392
2851944063
14175434
403836627
36590100
2189834263
7340122
217511176
352952553
762750161177247744
1022473482
311474784
997438688991694849
2595482646
1104751549060968449
257842996
846276062
276295904
253921306
1704137875
22156042
427307409
570604481
11980472
749661321977819138
1099006479334424576
1574566705
16821341
1080772901681356800
1094738862100877314
39250945
7498052
48214853
3614106254
325737446
2769230113
1053108562778480640
725023065495752706
868933990622781441
36857466
2352005940
1107478955177766912
101049181
940573395359375360
913494466568359937
439129506
877793165272633344
1485855133
999650125
1461777944
2188569067
4055905875
1089327148018614272
335703270
29703368
393088142
16615594
8790062
270357053
40683665
71554158
2248766490
252454628
352908909
1042842832556437504
212632603
1498490990
985979090351149062
380929834
3565601
63987112
20034729
54807000
343210586
1032663306614521856
137305924
1003452972875911169
17932041
4658323562
112198123
38154550
16456418
731027743882678273
1067836406
4195489041
348717012
845075030555869184
763614783442710528
76281998
29787490
139427192
83874211
366563135
732225030
44104818
799618671718973440
855552702822133761
3458424449
1459396506
16465511
43768402
14443412
830896037204209664
1085492441593962496
2341848788
861702441569361920
1002288824473419776
315691472
303366979
130188438
895255418343088128
4341331
767583455773208576
831120781362860033
21174708
3311354174
3348105598
89738861
1076968425501720581
121512953
98364081
18439997
2307675307
8870242
1045882010600845312
376795026
4263007693
954378346644701184
9714232
57771100
15355316
885564275846250496
867935920036528129
225236194
12819722
81867782
855555153272950784
83902116
1067612757355360256
1071020814026371072
866617748704686080
629325996
1043950610838704129
910129609097732096
2640245666
1513377314
2370245768
1067385929298558976
201262607
1043092890400915456
781859874816811008
1031745169
1039148429514104832
890634172716527616
780805812901982208
1058782619230445569
895035438783754243
3305840496
3937914677
104177568
160098289
232332740
527094727
155569321
17735070
169642818
330657027
1002560888124166144
8448722
227323748
99227902
161228608
16959795
195975930
17270992
2887997012
28953570
2896873764
810411521545076737
2650959109
467382938
341927561
114366339
148724485
464641755
1447701180
14179318
1622277744
714821886249738241
24854378
52036705
67430296
852942197884407809
18636447
14212297
19750672
1011576079067295745
33856681
839876762
375400103
98838831
1053668315766304768
1491174024
15582319
1321791662
8428682
190198973
1966778695
177023460
2991718998
968579667358707712
17070707
883178401149747202
58569413
975277352656683009
52464533
14657502
14630982
1005665539379716096
398456924
1044789780305899520
985292246647009281
3161816356
789301248113508352
20751388
143469126
1003339690278174720
714775800
438483337
27427004
118335510
26306597
1040570651487039489
1010101893865955328
19964912
886392173565890560
1028053844478124035
17310175
2929494733
3132793706
2361707564
15209568
54008603
3035674129
56060363
60797204
2888607693
1032846356153421824
250535644
173116408
1021573264798298112
2854100596
1037947399589773312
2895726664
59402138
38867486
921341072852254720
264374958
1018992278
390171807
211775434
156791509
614339503
117882772
961714446002356224
2609024774
2789291
71762380
2175647936
21888259
367424132
434744305
845186475117297665
746669238
1030435870921318400
617386586
2609601290
22163765
77503704
927574912687947777
202087082
74384224
39619667
21782072
979227634449002496
926672638935576576
994405598018990080
29959495
975208291268612096
10331512
967304080094711808
28301528
10313032
1019083744198692864
256058386
1004348930929422337
59036562
137636025
2170629169
30470512
7261462
1010551123856510977
20423427
16058280
1665684812
989758188156141569
991865009587175425
731183886093430784
102990478
238871472
925827012488396800
43729135
58419199
544016489
744798441113452544
2857377954
247186337
2734475971
50304306
991913791200755713
1377536916
759794725012508672
3866414714
416941438
2761053045
1010223569727414272
22492607
4728489438
929950369714597888
91758686
214435804
962695294721736707
54861944
4910133193
94582477
2836738801
827827223977664512
1008409314950766592
125942506
981561758249725952
14246556
366036410
2592522666
875349400930983937
495104830
4309311
1007454197699129344
806482155639603201
16611761
600297900
1005961113085804544
11385712
4853710288
894719812366196736
16510861
32458806
997436137969872897
897226646230634501
2707237027
116739011
93447434
17814604
15170258
915893455888379905
990047823553904640
17180806
455495857
986515396990775296
352992721
195062040
488683900
974676691019862016
760509866125373442
119355861
931055758971752448
51626200
286765536
2852425610
3330129005
989886753883353088
11647412
2540715720
3595439354
327408161
17089319
951315919053012992
15210670
903200603962130433
867925695607046144
2951947899
986557068998950912
986162803642793985
986137981453983744
986047537143361536
985962958193700864
840322392
985868008756133888
985553942577692672
985517524371390464
950533420626538498
22117170
984700815905456128
984681796167061505
984406523643228160
984043483265560576
983983787532017666
983736502302556160
983716831159468032
4852883693
14225681
983328850858749952
982967114976784384
15768141
982538220515684352
982260143436935171
982157983948783616
156572050
884685251070402560
461906078
257203394
2817098683
886302079215644673
862947409
2412880656
884791162585833472
978590152355299329
941295873375453184
201751945
978917972130623489
2275659174
975657662275883008
15447522
976306156103544832
142982370
2370172034
713763581964251136
3793765094
406128885
134976599
131446940
67568943
2432957479
16329099
65342429
975804646076887040
138966937
732338548339298305
835914924
721933114809823233
14193672
248961109
929409106649239554
1497079207
971904254226165760
50922997
707831925227069441
882129408357785600
147518360
939627181071888384
359009458
14451633
438024974
941266632155938816
2888702530
390003276
606348008
72312663
9526842
12728872
132895688
859689244910120960
32125485
970028063193907200
8789982
16680887
960537306695380992
3052209859
112784425
14918367
14198073
85900677
75550118
134548180
887599141517352960
25324668
14125152
100197964
965236666683109376
9610222
942359891879927808
1352549288
2358292638
246812982
2313942800
85867980
62434881
894607782418296832
3118786658
132814812
18197477
2365372521
5973972
2910652490
706511251719892992
1552044326
716998275035824129
928966688694992896
935077298734354432
933618678700134400
16196481
755008830
370448090
31181347
3167301
959127998409699328
14917418
16310783
2978850248
866705318192885760
16867297
840483941870104576
24957062
10368692
3341994254
952629222521978880
955312039659896833
713267753373675520
861927176
193598596
55562588
1209499525
240739127
17781158
43127560
209745171
21629984
947355900552941568
936009193
140407690
491944870
139959137
947791075506130945
492437380
801068839769280512
288886996
47350883
71749537
945720053458026496
582636390
947276677410832385
874203624263385088
3187413853
227011737
240687540
2291039762
474903
67589143
944179922536251392
942533923120091137
31854805
20497962
766259724560072704
551832505
103988625
3058852306
15050103
76860942
729770975605231617
937279998758719488
417701224
174953869
14389647
935319877967003648
2940493008
755161087
2920466522
910677887287623680
48946009
587823070
545618633
4617630073
246581263
189071571
237988530
1857051733
58492772
15565732
218349471
287107573
2896335589
289759324
929117096205721600
3145199379
928685594795839488
38732305
14954902
411469267
923711317122342913
332311947
745356979015606272
872407203675820033
65058700
78492097
17577500
488329510
913420794197397504
179732982
279156280
711928803224920064
1027160304
917414743710752768
851981028830961665
895862990939058176
921070024437256192
61530307
829859160
917846933410074625
701358784871006208
1477019234
742055981824118784
792359494961463297
33462545
915591945124220929
794887133563482112
406158850
910392224348651520
40805234
161541044
3153680392
29387819
2823722310
356106893
852353242646192128
2286567210
125984618
2362193917
4025078173
898594258323689473
23686164
7730992
66751787
260089724
388818412
869860585806192641
188019067
4873707440
909845597359808514
289123445
808381820882534400
90770011
905180649824280576
908625324153491456
908475698825670656
215818100
899977015427702784
24496296
144079408
7795092
907124293422555137
165899886
2850089490
2965977125
767681262014242818
746609618252509184
146078837
27031838
792729800049774592
2888682557
2891759709
2926492406
30821863
190726716
895558207245963264
1425527310
900536125139206144
2459927904
4518265397
900589129326514176
2888652647
43269853
21727957
112414366
3009940710
2899889610
884122701929082882
768853859708076032
798511920
897923414056480768
35441191
2862192381
853504435892346880
802741586971000832
36272975
822072792124366848
999687290
2804850557
820263615085375490
31893350
892753574886756352
876383336289140737
896181105522552833
14076933
887288044704768000
882717861789278210
26548315
868065277275234304
18015738
166848232
1660293414
3304942280
4824625434
45492252
526231573
868835632612868097
42363185
3123025469
563695413
4066214715
52378823
886057397969494016
1209406800
332681505
54474364
823224495360114689
228454510
196266476
2942131215
286580917
3186439734
585405113
815127636
71562095
2644716823
46107535
864954039976448000
3025241859
1527260750
4767174631
9650622
723331194851495936
156124269
36328499
1673688830
3181879279
319104757
831091873448095748
4794651035
4660366932
473204944
9465632
869995992514412544
3023164421
373411090
325647546
594888853
1536552278
226900035
866402531567693825
870742159099645952
871688603021099008
869235827083235332
3011112882
868347945715892224
1548979046
867642469097250816
2515903982
107142753
14439495
860683687075221504
49629565
4884253233
864067664985047040
1355771341
862333549722169345
3108238809
828976982566305792
2412691238
325686439
516987028
369686247
3189616026
2992487106
15261544
14132927
789444371775053824
263539392
629194583
848596803348049920
571457923
502513753
17297692
3439319284
3789473653
703695170789724160
845983800769241088
325684924
786073842133401600
806908936750174208
774024950206361600
3197518417
39063457
703816949898149888
18140672
723572720391196672
4874289952
386263630
1012111135
4283889029
33050753
377020573
840553390576943104
531475317
2319991933
96933151
3301796372
4083691521
106401237
3792477493
309890367
581829125
4709021246
2725267112
21938231
4376517022
769276242227003392
7249802
808567078194069504
203898262
814388571251453953
877247437
2700549380
1947016902
32671625
5717072
508475545
1736335394
9434082
826406533911158784
35538459
1003444958
3213856274
30546173
2217612109
163799613
838177441474568193
14618623
14317917
18330435
796257719208517633
348514686
706792296730267648
738465420
27217615
614861482
722518914228334593
8155532
63102386
408518995
90357246
41285641
707114609837084673
835404199701676033
271557317
1928192430
157700047
7746642
97646718
20880217
823251820004909057
19400205
836500954065186817
29266242
727693429036199936
2586796098
712166175
222733488
550789886
371203650
99671645
410585909
142992678
2433010706
823532881494425601
776903357390688257
828361853021646849
3008054899
783963973120954368
739812795970129928
283016162
828480686000443392
10191332
1097429294
48843
5874122
808153832865681408
31672479
23977676
3649181
824459491777277952
824616290040029184
15723976
2863967345
1000886101
15982247
71074656
3044973820
2242044090
2835817897
461576749
14297863
6725942
2278670270
3200394815
780710407765757952
4882297170
799336004301811712
817648464947515392
15955214
816696105219997696
816651472527966212
3594643699
59911425
2285752694
779199427609321472
3730975934
778391260541222912
17279379
808966442922037248
808386575994261504
4216675150
1461356150
582441427
806165410810839041
793325183205462016
762068158450728960
805786118436204544
2273525042
97482220
64306899
45875928
3294383029
3308401056
17907265
7676242
800647203962253312
139863821
2193071
1487292523
193477064
799191765349580800
1593341
798912849468760064
14139852
66555688
115267721
1862439649
361847463
14945367
835579027
1977918259
112245255
64888087
4772338381
361824665
701267041265778688
794372405120483328
794256736274313220
3016713518
94628965
791536677537722368
741277575184404480
788918398163886080
153749030
4172895194
2953436173
2289395815
3296136369
786441727628324864
217117295
241767499
185997847
2556499237
784260050797768704
2422680068
779198048568090624
2481787070
781523366968602624
2676547752
17339669
178600257
17472153
15040698
3024432505
18218093
300704958
777144630362017792
140847497
119644811
1417026534
771563914148450304
1399045482
712095280326447104
2836395289
17370484
773561146792116225
769169395591643140
2229573512
280797574
14778397
499559699
767554442648363008
2260150651
755584581210771456
769038576935993344
2989761008
768520317576835072
107031711
1308316723
16399651
9769712
762321963402596352
17925939
13348402
764478588016025600
1454430638
4866188176
756534684968951809
1331109559
50245244
761466246386839552
76051483
741198568225021952
120023425
758685169947668480
3138305289
2883134091
81305054
740620724998660096
12610412
5602472
191332498
86209263
25308008
3847189108
26906309
749172056458194944
91331015
193183069
226192710
17495946
737188366538641408
2664113296
39952775
749226312410271744
14375294
3548074516
125070713
748906439691759617
2858108879
4833943606
19747132
748123840203546625
42103712
44949179
2271221526
38077762
147948244
20038850
150717837
100035630
1647352998
136172455
55889684
740751499052093440
1495091
168148402
20249078
873592850
2785345735
254872032
747301963
3106848012
212360959
624523425
20308111
300980950
3400229374
46292189
257375243
12084222
26493482
1218720950
42769694
15376576
720870241450860545
3105260095
20564261
22459038
26953453
733173761076125697
388323263
2874250244
53687449
2315988728
726816770229596160
14293178
40953465
3226347819
1608044197
713585112319926274
729328582544121856
10385042
110373190
707885050210050048
1400335483
15981533
725573358801154048
3256110344
16432354
50160950
2231839172
3249871370
1193790037
4831725051
171844064
16130949
4739214288
12141752
2180203351
14063854
4886625832
4886580851
356540755
11833712
714395014416039936
22598364
1249892216
54780666
20430048
3655159934
89531988
9536192
718376966873882629
3743066294
21558596
717516919234895872
2605368788
2939090949
920504328
845747942
39057297
3189894145
3072368249
3569881812
14226206
241886871
620794756
23863969
63698697
54317231
14852962
19707871
41025492
749595536
2744240858
711955274509094912
417622957
81575887
274371732
1371921
700606833182928896
3024658674
14695816
68685437
14916216
756646
3294256128
1712985510
3988576578
19905698
30040787
710088734507606018
40437774
1705281
66961380
259211153
6488742
709797225841315840
34624580
136936124
44539570
25515342
1310865470
22041160
10123632
707176962251366400
92415827
160194341
3190401
702537481455947776
3154604857
2374424191
14308570
692363
24916485
721686930
699952702072221696
3328364833
2643812491
3008847360
191014340
4236247752
700426396531687426
4907379920
2481654866
122141282
3230786797
2485914139
4886864596
4875719710
1074716989
48693365
4783016917
2928297565
4821060620
4782515635
40601540
5433122
3724552153
13310842
4239443608
160240501
316075878
124036182
85737649
139039660
4761705882
875418372
40881540
4755662010
98651746
12733722
300131611
719893195
96014004
45878474
4514654113
297820126
277332902
292330204
338162134
34768531
5087741
13348
92361584
2921310605
413633455
14242041
56409421
285370024
3888522492
3342796360
14627400
14644641
33801370
1708290294
155427171
90933070
341320685
3394294505
105179618
589122906
28763182
289512221
19639918
251440133
14919253
544068464
20343159
4207382513
203885101
156381413
549083194
71349572
54512726
41765653
4263947893
29977450
16164561
4188656954
4191789980
3891901394
3312240848
25459874
3827806752
2164241042
49413866
3826819158
123167035
916118316
27150431
899662699
4003092254
135945569
251141249
3979818074
3997975643
24667982
83831640
14489115
1958984341
782502
24903902
819117420
23925075
39198015
2240202152
1218859896
1281973538
125075740
907346546
2460608058
204802236
3700715054
2466956790
128173809
244191295
1127293040
255884950
3521299519
460596378
14981016
3517914853
11483092
16294706
180979669
18300101
3432450972
78559674
131551484
3354600912
3193849453
2908136288
1877714197
15231287
2896757444
3309298506
3307117201
3294448789
2855691398
24663949
628473
3287507916
2423657892
3380973898
409351780
2584318105
115095443
315097900
2705638688
2353021891
763063272
3257479196
747153
883509877
1516976052
400586284
3258579349
159894024
159447448
94944634
70103366
81250163
1041731418
83121975
15607995
85010311
38413789
584673330
62991368
19160166
245299700
356357252
771470
3255386796
311267030
3252167755
3251924976
38867680
2789258185
2856234096
1243203936
3226165669
14585205
3220316592
2969704083
15747981
2180123174
216742850
120766191
2689629480
3241082867
3187629164
3188029033
60957024
3186283771
71136691
2895117750
3171087966
226616118
3148313575
74461318
978383526
2877155838
4046771
244045479
2835865196
1570457334
3076370521
115733233
3107986860
2586987266
3112490851
2421047017
1975644061
61948334
247629237
3074578447
20559611
599652152
15078432
3091350501
186027484
16820748
3091172524
25435149
9309912
3063491880
3061381255
1183684093
1325118752
3035946288
37593098
3027173575
3017612726
3018136093
19587559
162631805
3016129182
2999532212
2849825184
261665936
3008151864
168429466
280056038
101154459
2241547520
2991661763
2991128843
2349351162
2988310663
2473458703
92892581
2967383503
596230865
2918247750
2954522029
420924348
2951704676
47803188
2907035144
2945898884
2887800939
2895431648
2935777009
94502648
6589412
2912817584
2909765101
2907975099
543265562
17620820
387612403
2912459288
2907311148
42593953
2902416764
1134754830
47946735
14421746
274518699
104427626
2191837004
29373990
2881927934
445371373
2892281618
137885308
2891950849
2889878312
2888741096
2794424741
125902424
2476736624
53141981
382743737
2858161830
157702526
2179734534
7410862
1917495776
1243575223
713590464
264402895
2801182878
251520997
1476616016
2820953312
2556915360
53043489
158198313
2781799663
114725935
2777502158
489155981
2746079605
250291626
2728707085
60037279
2716911792
54811279
293614406
2583301344
143134841
2695529246
54572068
54062589
138509060
45979677
15498642
2590291818
2421553501
1318751334
26387693
11247112
302447300
2523662724
2496969182
2496450727
447661307
17508703
2531644589
2206367629
249718937
2449726442
2447296544
2439176996
224152381
1730901
47227143
15839287
80299574
318238920
2250471157
11497
498498208
7361172
17568815
2378063852
43050708
31095444
1543644492
2308350332
39215358
2302403031
219162109
59046401
14657686
23018491
393961321
1070420682
2264998670
14645163
1586123382
1916518158
1471998595
14128892
4819241
14904260
22418800
14071390
1859778475
1673284644
840784597
190934284
21991789
19047399
145968883
147520393
2159491801
71677762
2150977645
9151782
1965710610
148649054
1963845265
87653795
1956384684
15180443
20108638
1620007260
1944501386
890331944
105133107
1910331079
1221094046
1261851733
13127222
131364167
287051215
1641820554
1143987116
246886066
1686007159
1684945844
1559997068
1673395285
1640389153
359582726
20788139
315327296
20038437
56560677
67012083
52343224
1577336977
233203931
15021748
1286116932
44266664
2069631
23868962
94301215
42851073
13762612
12660552
18890911
1260984990
472158651
23469332
1346274750
14107081
1442575076
535118664
23997550
196729262
1391483798
14659434
1384584787
742937838
220608696
37968490
455907175
264808893
1263708439
32342795
23236131
15522370
231734854
31421137
37045626
1315762946
145175151
59988912
16994431
1278594372
175420213
1251181836
1172081396
805283220
635397519
293368608
492312588
281097995
323129776
167588779
275454047
29745593
29009018
119271788
1148106960
21526748
399135012
15802344
444379884
65429194
323074777
1064351664
16739711
28970522
24353510
1005684145
15737639
79744724
49626227
21733355
14769410
14555684
797495264
18322014
74996620
577334888
572366128
14612507
8419562
52291194
15335523
50324564
26061607
313684835
301302633
540185622
837360859
833944171
833778026
5629292
555273561
786609150
587436168
29549520
488325879
181744848
16224527
17537581
56954382
21772336
108544171
246764336
194895011
52346219
564549300
27842173
20510039
431758864
128515854
16082990
625504696
551665610
618824701
77908845
611629673
62773311
8060252
252506149
15881746
410780943
15696660
193030139
582937820
19165693
38039888
579492256
45346349
526242489
42362882
78338670
365761759
565644561
378234868
14270140
500471968
14223044
32330900
217632643
68442845
199715622
485648141
551710008
21774796
274904362
270272206
49075515
526782736
4763701
448869277
402600783
532177810
243464264
506835014
34738805
58511163
434697806
17668544
17455917
72056937
24249175
508721678
14362098
479227217
481311319
36741192
100460423
478725313
143764382
380823962
458435676
43529244
100175914
12800382
43127170
29710616
180910868
481190982
21773691
16037828
19512087
49310180
424368411
122124607
305299593
375450681
391292700
317320050
18282205
18996095
53648070
299333932
97078635
17124131
176803656
4047721
437913617
269367679
399190207
399180639
399875912
399300332
274020827
153668131
358314416
22960019
342854746
8120812
20140826
134583863
325171664
369102563
436844158
444435054
446690685
14706299
294723154
280938458
22127798
436991451
191045082
420108052
400627418
14325738
427272139
46134325
289757696
283166675
46115674
403586436
221060254
365578527
20119382
21378420
37027131
384636133
161034257
27064840
205608502
341979831
14047022
356709112
376409697
384580954
21771952
127774379
260320812
63435720
17639049
264305608
311238760
289696595
43899288
17343184
311214149
27783253
340097945
25029572
65264699
14401049
34057913
354071622
338302332
94161558
61639526
101351030
122085552
351420472
355685590
171811507
345922392
351591694
327360918
14122133
267999804
17109253
84101411
349433815
250968422
55957641
8850022
17011765
133641637
330313546
13970952
88875158
16389669
272677952
332770525
27473877
775742
329563274
25699043
271418134
52816809
71964488
11288612
306248100
222438544
15465621
17537809
47793024
43241778
49542243
268578139
15213984
169839894
177339679
33859352
264995209
19769653
273000794
15342987
220640432
54914731
12902112
229513632
29990496
14142059
7106332
240152461
19068376
78479823
47847315
81706823
251145212
46311629
156852277
15452782
70414442
14060372
59899996
224145309
149805645
79831563
212284912
283356580
288734107
242635346
253008802
17038154
220817090
62268698
55729806
288204918
271412276
284570963
257375090
21488697
30429135
80049761
158228991
26570916
11390702
110980160
24692548
118656489
81264756
279834895
176734065
14319308
278928835
251125571
176677518
164074432
18245001
222884462
122349249
249035313
271000214
2796391
22098541
53645829
7486282
22297417
44120722
225275068
262411287
29174326
60114420
1564991
15389031
177602865
251061505
202117042
206120249
241412292
80050555
46385237
69935471
39079406
251517729
238513331
42156860
150605181
10466362
222929997
10454472
225693315
96453822
99847826
241622936
135786783
18768212
95313437
1329101
19591478
96640040
240148401
389233
5788362
34489311
15177937
19109940
40720843
200474604
164268217
23459634
58238157
226097267
224064125
13585102
36880462
17346756
86484643
14917677
18997592
157888744
14978383
75751991
15913951
17681370
10747572
16349641
37874716
22352007
199956573
6092972
216192964
14826052
55836614
82734156
14703790
63054750
49830509
59392218
208736299
16479225
17228262
170579956
70352338
189851977
76947180
207162184
173555111
187437704
41145341
201395108
86763142
202505703
17532658
15440344
23665555
91105252
25865424
183181732
3414641
15179859
18113930
94133565
178674454
7243372
172609538
16015636
14445150
15944583
123822215
14122744
26253982
34997416
17678149
15463523
112524101
53349656
139463927
17186836
40498542
13444162
124584696
124007226
16772821
48001737
187765474
10180162
10069282
14091545
140797081
17372379
9093
14050728
145641173
156877973
130048954
8556052
64065867
6950972
2131171
177852222
17976608
160391541
139979145
113431370
15093979
71498154
48707597
6706682
14947810
164216672
120767986
42018126
9698562
152352998
119420084
135432729
40317948
156579590
14906518
3190611
14633926
135800042
138604167
157859011
19618954
156564808
47514193
24658222
152003761
808020
94817563
98320282
18601151
15271520
14919123
147599822
17666253
28056122
141950173
15618320
30786424
44035632
17060840
23948946
7373472
26544795
10270562
42365838
21385887
37212241
81598269
136347538
27629243
135654585
50753911
29245828
118308851
797868
61868651
129760291
18052934
120478156
16866902
111130045
127048210
6823692
8395672
52243439
7550832
9646982
16202859
101938461
120966038
55318950
28716978
61785746
14106581
18769172
100890432
87174321
92623
26908015
74732486
82814581
101296884
19130243
116576726
19781777
105635994
102777204
40246433
14049721
17093617
114423459
100208397
57620620
42470389
14626324
8310852
18348836
14336585
103651415
14323151
25738020
61010200
39698834
16285762
83401705
106649879
14900494
62509633
105741032
96712714
104717646
14125938
104927614
15784302
82031362
19225756
802354
17645226
101711244
7861842
46613124
78749849
18717859
13492552
18971863
20673844
90074226
38866951
25873356
22064868
38713852
26230756
71816344
47249981
5574492
15902301
6186292
69704553
87658895
88200608
41555817
44936559
23445235
31187402
11879822
46429878
13772282
10937742
83937048
15151064
15268805
752133
10540842
22050354
14065217
23166140
24735134
13119862
2719361
35120520
82221871
41227459
12641
22997517
69013218
14626880
16688904
23361413
46113075
48289604
33461291
14111867
47606707
19538724
52666781
11041502
66602553
58034341
51102092
52363010
72854253
46921948
66462937
43397270
60941141
33659111
65267820
15428957
49011247
39897450
5519412
51863257
59085158
22237211
62822739
65184098
65775750
860351
18656830
63423023
30833810
57850674
62449490
52373168
18072535
25608303
7340612
24243
59616761
14811322
6434972
55996162
39498899
37491431
56402079
54727591
41418660
10065872
51894735
9815882
18785447
19706959
53336969
53821906
53919366
53034033
16550069
40639665
49748333
15553589
14965265
25437682
22311730
2566421
46749059
36361081
14654600
45727675
44847376
26971709
46053556
10328212
43648359
26977977
28931288
44274682
16993972
19223484
22629191
20765001
37522174
43208967
44278933
39477054
7122492
14124534
42756027
15362847
43847370
14873488
15649930
14207253
38446935
8941152
11877522
66123
13547812
22232157
16685801
43833408
43830060
37687934
3838151
19118801
34780839
5929252
14603255
23037815
14452322
17087151
17496096
27235800
11279012
25743631
6152742
19811944
41574804
14231772
14578896
15242531
38238492
10712132
16428802
14671215
19069845
21013461
20915277
8071902
13354002
20646864
15352541
32666345
14365789
14118444
37444620
14257928
33436711
37963464
10019032
14458998
14333344
1007531
14877167
17335431
14557261
18525497
38399159
37165290
32821536
14417190
5719682
6513952
35019391
19789294
22862347
14509984
19386908
21174338
26287662
37164814
18425366
35959497
32159576
18930293
21746920
14931711
15337107
15315691
17541046
33390208
10249162
14459956
14263940
35626462
15799403
35182780
34625529
26316116
26603208
21277815
9799222
20998868
16094075
24682322
21918148
20454867
32694562
11656732
31231029
10148732
16361565
18238054
31668842
20551303
28836556
17473883
15431281
574253
12165942
20434061
20156568
14886375
1477381
18270755
804204
18092052
14188399
20971460
21654234
9958042
26821575
20119433
43483
3049411
23878594
18631179
16185413
19091929
14252917
1019381
14734249
18401060
15136979
4833131
18677659
11805432
1413771
14906033
1810821
20166694
17038565
670413
13479072
4812431
12173042
