232997223
203825050
979334418207838209
1064655961657405440
1036987672974315520
895241283681300480
365640245
8260242
560678334
23650188
55206008
820467
1940849628
233371749
1146885822542749697
314860080
2883819498
3147458090
1150740506156122113
880355027843502080
15788807
21656067
1202896819619057665
47156488
23622967
112406349
53151026
231959424
87294104
2931264434
1201468485878063104
1464967884
571425131
829984051935191041
240152570
917970816758943747
1223207132306313216
254491421
1138305461080510464
1723570825
66642602
894926364012412928
1930060628
3345460241
216130493
54250258
79245157
14460357
3543733702
333650930
1002957395264499712
751749362057940992
47278276
1187785167814959104
33486421
955593270
1143458748209307648
15340180
2689573459
16143105
81402064
1093776280565268480
796479090790436864
47181236
202546169
134765219
804198890
2953853654
900564990
16141545
913739094492147712
83878946
1182481
18326200
37989702
58022126
76894627
195308734
84825820
877833512849690624
1606932103
2182099201
771825162421436416
216356099
524404974
1073388199
1151228027751321600
297308158
21177950
174271401
153158056
28862870
13314502
963884836162342913
855011828669325312
26223700
1675857618
1072086152797130753
1102049117797199872
130763650
99670053
21594615
2856932848
22470221
27008942
937062855266000903
576251130
3663548776
2914605289
102659003
404405759
89490206
22898537
18136606
3364125328
161971965
383161228
191839967
897889083170672642
135210800
1041262064419786752
2185041259
18448042
275562615
61548660
1565623927
96221583
20637708
1968716382
1549209552
