82363
1223587788
743842226195705860
15040566
284192166
256900512
130787220
21594615
2856932848
745582409257713665
1073388199
23863969
110198955
971361588
942544632898080768
1175630204787744768
9463342
84000178
22848759
1139940556925284352
1113112945502892034
875349400930983937
901773635962195968
14585205
1209499525
793351
708836744792117248
484383803
216735143
2789291
1246059074
18340108
1014445910041022464
194643555
2928029922
933140228960858117
902316863526498304
849833629106790400
708730294820470784
748205033775239168
867657742999101442
2861396853
848645134287765505
870447184415604736
120235001
845056129436717056
838217220127764481
1965470023
248324346
773697113800773633
740196444620001282
71762380
826164471760576514
2923723109
87403396
193150270
1933042237
327672977
4724407686
112252842
2756351126
2893534115
3331531979
3322180229
75802030
3137316344
2988902495
457044399
338176400
2790794380
2971769752
2353651760
42035272
2149367154
2931740606
14717343
268492918
14678740
725432419
567661385
1517974249
2174664481
184923511
318884977
365531764
21389602
234215737
556919814
222175861
44768529
57240554
63898127
218358754
238390083
46703886
82889652
216799227
32833303
7334402
21456195
