743490797610405888
1015574182376230917
1453013305
412102121
702592127587393536
906452872828674049
1240681780316962818
1202683638308950017
1235318451411046401
1220702788713361408
1085221540906573825
624916138
21214383
81801020
1250082110
197759072
118133101
1185357046616641536
193413796
1142526119532515329
1220040811745828864
562571892
917386554280239104
1230001670140112899
322103845
23863969
744801778529513472
1236874397832474624
15134408
96320763
3005304231
2277104654
15049696
1203838070795186179
2518723292
103923794
240589428
20762184
19853963
3355208381
763056974946824193
1208335220098895872
846771560014852097
2174482088
262344795
898625964246130690
1278682537
9588752
1227209903338594304
1217768950970437637
3317085388
1142057512079781888
2174823506
910594173547421696
900466387
1042391742140612608
2338330770
867584282
67494955
255334719
154251965
1176505071569383424
480096999
1224749522661756929
4159768852
887680503637307393
1224986671294271489
14420132
217748983
1223850769029443584
1219482155551772672
1224302012759715840
3107674264
12336252
286675126
28781124
880355027843502080
1020724507
1549209552
782816633224036352
1074741266561294336
917405209579655169
1191338415142440960
230555784
20637708
254491421
1574674273
66642602
14147716
463746645
1565623927
1004797857780596737
1151228027751321600
333650930
3030324179
28862870
963884836162342913
1134041973168443393
1182481
706089065184108545
749661321977819138
110198955
255517813
137885308
14403154
256900512
17628591
962517114
253449166
715539097654280193
284192166
153158056
68442845
16130949
1142047961779724288
23081953
12486322
330312509
16470732
741200766451523584
1221940301331193856
22260054
2820249447
314860080
913975943655542785
1151942630630182912
791070237949034496
1217161437359067136
1614507745
1215274460972044289
1055302800387784705
281605060
241136116
432957426
82943585
817603403677253633
226024604
2811984156
1070603138443427840
1052175276988219393
1046447156637372419
1156648495069192193
436459110
984508802006429698
1149997861792288770
1052509345391493121
2306546191
889627244955619333
532115122
240303148
3351551
2981013099
617529393
302076235
395367768
188423774
234309722
1354756442
717733727493816320
1072086152797130753
1199704819650437123
708012107686670336
46392565
3457113315
1733993412
576494116
3394395353
1116874702474158080
4314597813
198902933
134765219
1878836546
359207891
297978845
3037533599
977141478
48636190
841631347026333697
906878848733777922
271317246
117682030
81629887
158416292
1195802619547201537
1135818397
1098504918158196737
18912915
67529128
1192384160033366016
1298747202
755934002
2792208925
38347059
2897193995
894086638044925953
3126234959
1111779141454454784
1688796331
2469054722
1190589674412298240
1237339706
604416116
854339994571472896
224931408
1100172769575063552
202719554
285025435
258025439
4677281
135940694
1179848070739181576
41635446
225755819
2419391377
17220728
2382844186
326034810
124468712
244822624
428058083
1187773065725386753
3223407511
2836564485
402180727
4025495236
3417689163
1044372663584473088
183575679
732815670
1178655955040505856
761062929512869889
1176229838979588097
1056527433971781632
197868423
127950764
316850765
2810688646
3209949862
81633417
55547770
221449234
1089440422135562241
2342245093
1063349507763638272
14309386
82063215
123665450
14908120
19136693
1287517062
168627231
1068925417627795456
2162905592
737373675654123520
6688542
533251367
18509815
720754110
2588077178
1527972253
797103752830402560
69497443
1182685384553259008
15186930
1180146931374444545
361319984
64159144
842000937505968128
76810409
2814314986
1159025824491720705
1031055356888145920
794208824534110208
795652405639737344
474513196
224631899
2931264434
775647982754684928
474034258
610609534
719633761499897856
721155911776124928
496325374
16084102
191463787
539690020
1132005350880808960
1166035729618784257
861591570671423488
356767842
1006210835860131843
4763582189
1161922568808538112
234304961
307615698
37743050
887630497614094336
1133741934852358145
202266389
1056883620860829696
3871826339
3880760903
820089325853372417
1143306289
15084892
388503174
854969496875958272
106706438
936388706
86538134
167394449
15688463
437591452
1032011148395249665
1296859046
2396006202
169411292
1236726956
1108091547990589440
985532288
2599385011
859785107670016000
6562672
920763453949792257
1157681060601372672
794138010879148032
216356099
954688261993259008
923881316
1160470575128727552
1158316287484989441
4061698882
202087082
15023041
1244534750
900253694255616001
439273539
1156958673870229504
153428534
819927704850038785
2564134865
722266969
1133851714786926592
324784754
58756672
751749362057940992
1005256197321175041
3420272625
17235447
1106033347153879041
984112038359306241
10975752
14341386
124202458
76078018
208988759
732594550607339521
67713333
1093313064969986048
2897976637
318088798
337719507
2966466570
1005031694
3370996024
1153287336865730560
147139688
130791303
17645638
850643877442838528
1441930592
2170380296
3238913399
210341321
748961759797489664
1692248610
93743265
176024190
3141866182
1153277597511495680
2926477888
925937306
632591287
1148839445304680448
30698916
997612868
776402106
1074743858049794048
1140322579489656832
18721034
411184318
1696005139
1130162273803280384
84825820
3441956892
1069965998181228546
739410563776798721
19570736
28319524
1146379516442316800
721815867139493892
25572108
1146468723177480192
1639877449
1580535385
3604236195
23622967
36380741
1144601927226990594
716213
305015198
191368435
75694920
20049102
1143648394893811717
53893339
277113913
1299060908
2742098774
416157021
283200815
1851629898
823740494781911040
841786994439163904
77199037
4830698577
992669714815086593
123378124
22963112
867935920036528129
67591743
340957066
16882405
16684191
2281964312
49421719
29014671
50599894
134562780
225236194
13232092
26207038
35269543
1034415977897844736
1634706151
2987122085
211179164
49921739
70659614
1139493297905385478
57773519
1022798731354300416
111093392
4339911
1014145423861153795
106580083
1077802308
2348301866
18881614
988608263305474049
29236793
25997546
22691822
14252342
791685941672935424
926382417631436801
19936043
1027148331217313792
1071154870374359040
1100329982029639680
222765418
39776400
997007086964764672
319124822
14475298
38234848
975973951
1001550309708238848
30960103
16831011
814826774
398492174
378615210
16143105
169294933
11385492
237988971
247207180
12497
2955291482
20112774
1835821
88273299
954193699
15839929
14045465
1121990598507077638
296041310
766596023418576896
931571325361106946
557758340
730032952525131777
2198602747
3207841787
984920328529854465
161596160
703366975997779968
2943555119
131325581
147654165
2856932848
1021413263177846785
136301916
780728388944224256
97962292
98225282
525413893
2914518479
720255797859516416
735954684981084162
1003659088306335745
927597307708796928
121253272
904800793
805436076928225280
15151973
749361389588869121
1038624680209342464
895766555140788227
377784881
2500425074
102118541
2885024530
941635882246901761
866464664
1113369053505236993
36956198
15090415
49539362
4853343154
611721065
11916882
130490305
17638298
51171998
221032511
203574192
950852947575009281
329179614
37989702
802187
22332147
478181304
383289779
1960378178
1318588657
874606223206879233
538863151
160877807
894036494096113664
3504017476
47998559
3443391621
1636672459
2784123889
20342875
71762380
131368505
1104038945250131969
810229402382569473
1095234243582722048
1030477865920458753
571970709
38866651
1046708994880880640
906540343390339073
892796129653469188
3306576923
558686162
1100480181297446914
726170502406901760
936828490057437184
919242251150221312
39351968
2461066782
289107682
1073388199
1640328248
3123435075
3404750422
995984227299725312
284553
695043
380816062
734800653135060992
1091480371340939265
1071765623410065409
956915883951214592
1215742820
931638044658229248
1435074373
145310513
765980174198472704
1077708146
1070514885576945664
366173107
41375302
992834298
1054428244122886144
804407825128509440
1690229683
1612233594
3320804835
29460483
1255061316
834404942
1052246443703132160
742196637037035521
1049754980809416704
993578535628484608
82411462
75261668
1027896859996704769
1033336626963984384
1014147621487808512
253538752
124122390
3300811713
3836949454
820984412
4918617177
1209297728
2274769160
252204344
3371388411
317270777
839860288962834433
1000035884845035520
983453546837397505
5762302
992115165716860929
950485864215330817
40857597
2521641632
4691808338
885850200
1062149982
1521713239
134744790
169559110
860765898
100827532
839950770
47014253
2996045632
897886098986237952
625327709
305285059
726812630325678080
877616433609318400
617627207
953369915544801283
94860371
4579901
58685030
2618819581
976852526732664838
955384670916661248
149509224
1012847653
301408333
1650921013
2863753668
4822146005
31936449
4657994587
4754559203
4854211672
16612367
3077472948
915898524277067777
49413866
2732637474
53560219
1359669241
753815852
1323816828
914594214595452928
1913916133
770917081915142144
1383009344
4917922363
128200579
940958351877394432
17739495
69200821
861642277952860162
134307747
353847615
2740462885
22926051
876353354
798920932886794241
2831922888
15733424
862412561584705536
3314031424
3121498501
49761133
128357017
932470562324144128
4001423507
713150401
2275217155
2411132402
917311585462489088
3425409952
1133551344
4234701683
2477512142
20549992
2786293526
434229447
1513221576
145340546
862306346150092805
826935282016583681
3097680891
774978663808897024
767682868252475392
869824183
1671080000
703214491748724736
3065961280
184105131
14751214
1343132275
19843630
1323381547
3957417737
547070662
322299846
3761481203
82892648
2831763850
2331871578
2799778863
91651447
2468887890
2853318230
2485479097
2216054206
362072737
1554591164
13548002
543066039
376125644
137258867
130669214
16688653
96074371
108247618
