796695330079248384
611191702
1242186593491959808
3998731521
1239418945
11706492
1240488391084572676
1080716193722380294
1071707672
20685968
26703090
1180742903577972736
714373558567178240
1226620182187200512
23416580
3047876901
63522925
1089458773176004608
14640553
1901745841
1240891538479054848
368158573
1062304967929839618
157618488
776153003069837313
3718403476
1687213934
983011240762060800
836779897930469380
9447032
1072889017
1035842622051508224
1171488465176821760
16087133
2882981679
47359773
1167122150
1226847020629078016
995879897741410304
636859225
965700127
249593684
2981013099
27202475
76562296
1238438484760805376
1120429718766084096
1006459685912940547
1142409667630510080
1234751404792832001
268641482
34860936
110538763
14621011
3029328898
20564977
1581861
2946679618
28085576
1524907406
78473138
1011708729685958656
25070192
1237050564350902275
325147632
335957136
19238958
1202891897230036992
186143021
1090642787631067137
2282699965
309247415
1074227713198706688
3305840496
1388280962
1100340508466003968
11031402
1716508008
19047753
1234823949487398912
467804590
1011674329262637056
892633029666983936
1743571
113015471
385571165
270159186
19284888
927018744047693824
1087124954
1215257195182424067
1130203489374801921
23070232
807403808
999647495423639552
1224828282660704256
1053234613
975812287796858880
1552614458
366173107
10899812
1402434060
773662810698022912
995707093771608065
17362454
113369924
6488302
1086478004967129088
3131448873
1365744163
3095196440
16191522
2828477759
10147082
2811576190
15847994
1232081753310973953
210123370
153079285
1204769308913676288
1386865837
1187768203742777345
424389241
115488929
820161013630652416
95129023
5271931
855968147358097408
1341554701
1223587788
65431102
1230882404094631937
253011475
890611701493714944
2784520123
720633052247011328
1230659461934567425
796914498389114880
1133237156
714102531203416065
1026880194957725703
3797594432
23863969
594022854
2790925206
795507
1179782937530834944
2683544234
1216761778249650181
1000530952601456640
3044804499
1202027300516184065
15728598
149098532
2784123889
64555180
819804839127359490
291615524
2826890576
188210535
15593737
244280167
1072106657373659138
14533900
137432355
1134843949
7495932
567633165
1012401485848743936
2606297622
147102329
61661397
4634386828
464259645
68800518
895746822085332993
1193872431355707394
19913648
186048170
2452006644
1225030060605767680
1214667424601198593
19185921
469232894
1168913319132049409
1176614621974843399
427773214
56611191
41391485
2980985795
1224302012759715840
16470732
111650811
1081139397360115714
42597316
726874832944664580
112479027
39525214
54257466
5573922
2396037342
950111183251628032
1030464073752866817
1218530463171534855
184338062
997964739014774784
1093261710087970817
1219324513
1218148848331259905
1220227756409049088
1084854944837046273
1013868008
20804020
3241907571
27685957
910437601886294016
35403297
69647098
739410563776798721
1219333629358366721
751749362057940992
88768465
325353322
15595931
36684736
1219106941601046534
187563644
1020091683008962560
527918563
999100031239118853
105248665
719909300
593246604
1206449076360769537
50706020
1176229838979588097
7160062
305015198
3061607856
239168881
9233842
143146811
90965479
1442976114
2569237019
139797964
3148615499
3199856542
38453274
1002272500301037569
954193699
275929766
297073565
1237339706
993235330164776961
1132079640
1095382543820410880
2588077178
743531491041370112
65701711
843167524053291009
52758434
766231237
3093804469
1179114843489685504
1190895394621939712
82063215
604498301
275364170
1095670602625622017
19401637
1131214586730942464
2791127560
1578043165
1091826735182565377
901622635
359207891
2694342912
437108055
14163008
2330701658
421152452
805763475578363904
840988899627417600
24837912
1187744479580774400
1212724649789775872
909529938
794138010879148032
223718132
726170502406901760
996258647989784576
13800042
2903666907
928126177117696000
1194800395664670720
59775614
1191921739057582081
932082215139209216
2881774853
68908905
25124276
1209059831983869952
442886822
1153887967
33200012
16663346
1209430675209637888
4234589665
743373472278142977
913264981369483264
3100601189
582718457
271080918
23828512
2194913239
2856932848
14886424
1207012716914847744
3098859963
101582188
795990839755423745
764149201349386240
244313980
1008315090
2824306214
291387371
926839558708240384
137180459
16186642
1161206671164751873
331865378
4203009646
16131833
490744143
4273210997
1126980723896983553
1655321
65665638
14697477
1201468485878063104
1156719981511548928
19345137
4197002147
55206008
28868321
1642004960
359138045
1209499525
110465562
26796481
14236815
1119124996784214016
1184159883307843584
17698552
724422733623365632
1200360446311706624
3077716238
96843123
957072992432939008
1204110344756637697
20449047
1142831555850592256
1197968614793601025
743294666171289600
15023041
824065
69302673
740997137232728064
56361807
1048147479596814336
265622445
94081088
597530859
21223663
91970478
71790389
1935614784
2863982679
227002995
111490691
70872282
1200719039321923585
1035753548221308928
487982741
1099760672173363200
114190712
1197162723869646854
106706438
1042353408148029445
177058986
1191213084486098944
3363835895
2549155963
52513307
17247647
1172846539263434752
14304681
795881265358667776
492553604
8442372
889490683
2174482088
1006404615926099968
1197198500255150081
2429657894
1129576919106838530
191368435
937688847852417025
352940883
305098773
261634611
18663040
1191472169718448128
2826490350
1109286874646876160
1037393120936243202
28517492
234309722
231061609
1176019851766157312
1064599477342875649
902964770227322880
32746535
909024907274711041
323325582
55155834
1093612591275016197
1375825160
1068147338789748738
88214618
3139250563
794644695481729024
326856704
894763046056337409
977008305058078720
302592019
1194938345291468800
39816453
251811576
192408424
2480597803
56758804
83923033
15395859
956015058437500928
115048780
9552572
1543345928
86511895
1012727154050850816
39218179
16656236
22048180
2461642446
1396874786
237409428
3148332862
2474208830
3922359381
381326641
30157101
1098593323344977922
365014318
5643722
516734969
3124784663
249829698
877525149653897216
2935558724
2914605289
539981492
914119638
151061963
819936896
1193424937668825089
1193837399815720960
21460781
752615975330217988
511740616
1112794837185675269
160289502
1112794799256604672
885707305
106091106
3292709311
1117056188359688192
2913246273
561750764
1146729336940220417
2810688646
2596654898
39351968
14239043
426021357
50372531
804594552094998528
2699834545
15594350
872967754130874372
4020498861
23945759
37807660
941445693331427330
1222751
147996726
242355044
1186247575147556869
354537284
57465918
33458630
1126152782107545602
30422088
496229951
1072573631685775360
1090261429796724736
65882276
205834148
2915044008
3740407036
258025439
37989702
233278341
16392208
111134678
1130931417112883200
240844122
2967533927
22871318
16143105
129653547
23314059
62697980
618889136
16659187
1187289134513164290
40217969
1182528948497829888
285025435
131325581
76693160
95746263
372863204
2987122085
850296415708471297
2599385011
158936411
1170988554643824641
78416718
588271226
53676603
1009689660015202304
3443874972
1185663485398503424
604553039
361690384
1150740506156122113
4037096176
59044451
1185283448455319552
6361722
1099717696298647552
1063349507763638272
31936449
621133833
1242851599
60881430
927693278551535617
71158578
533858183
2462831191
22255496
1015251239460921350
633193657
142700772
97582853
1019618084766781441
4600907721
991344454643650560
835109916
16894616
37561616
323137546
537446034
176430271
533251367
741612876109123584
3034992353
274000611
15664021
3194788714
839056537897340928
981168675200946176
1673888166
236881390
116306762
32379627
841631347026333697
253615034
2310780752
1182680843224928256
1101944919508348929
2287125732
1182049138059481088
1096432811966251008
1179993889656250368
3282569173
1128690891881771008
3342724209
805728271
3405598630
772786326122991616
390266289
723581160912248833
21994103
1152889280055767040
475998389
1179106606283255808
879536914004684801
14165038
307615698
1117937530748510208
1244534917
110826956
744728451551207426
1100172769575063552
82411462
215970924
1035674261996888064
1141761579182170112
46516054
836141468838465536
110128312
33638637
950852947575009281
234889634
17293337
1176184452655067137
59890786
1042729382
1086451804211171330
823126002
946512471275085824
1161105806839836672
15965346
1005163586782670848
1169221886728785921
2407582093
50719414
2301856730
946065337
770668227219300352
182458957
348783351
1655442620
1052509345391493121
45355307
1474204879
131900036
3012974633
989577190793621505
260459937
1163712591958609921
1032210863908954112
430007963
186705322
79386645
1051613579936522240
102345184
937279846798983169
936196911819870208
1092101038356787200
1086994125348634624
92071137
1172976301671624705
797103752830402560
2809189596
974293953964072961
766298080874487810
1171072409157414912
936609169410547712
322578473
1139178460050612231
964133381029224448
1168162500086571008
1949796822
1006790970736857091
1167490806736809984
45900785
275675429
234532945
15186930
967076729423630338
2605920368
1041787952362188800
824159332191338498
38385999
1170642228450119680
2767245799
1169149799712612352
2533535324
1165603571989012480
34495867
720523873
1170148786934431745
26502440
1317511939
41594543
1014966682568323074
348031143
1169397749512642560
334698811
3146289370
1165759960178970636
1168193555963117569
959035217469149186
732758509918412800
710255733
1153800186927337475
1163065248720543744
183143558
1973361510
1117913113003794432
37022437
828018497049468929
131069217
7954512
112217391
200749589
803601566188048384
407782047
29502033
1146075639499374595
335272322
103723466
1056177813424930816
8248282
91380029
1108775789791768576
1161922568808538112
1031718963603038208
1048445878875426816
121140906
1164340156788281344
50092519
1133741934852358145
1147256623053889537
1140652344079736841
1139909229421064192
19435796
223712471
62185076
1161899389268500481
1092138909256028160
1158756194938433539
3333350171
887272277963878400
1054715880331010049
920255580
1454215074
928435429
417885365
166483626
1098617353288540160
2877486311
3421974022
859875144550010883
1160963613160460288
773438160751714304
29637792
130948196
716340973056499712
66312892
1146094493596131328
1153718395440914432
436943397
29121167
912803014359973889
943332888728150018
1056556135749206019
1157287418292125699
359634445
20549992
1137651706219638784
501064594
3041370399
6181532
1658740759
75217479
40643519
11383102
110717122
354099612
3649181
232410818
1580535385
52423256
60737598
14114850
900878221
29450878
107420642
71557700
50690435
431778914
42374574
48754597
16642108
202719554
2383527194
1138155816631132162
77199037
19642373
222295636
750022168675688449
724739424500764672
2281177428
15339668
1151899530524278789
899763601589886977
1078527421685452800
1150670961806417921
1102906320993296384
4323365308
806819791075942400
1146626636755816448
116337949
759410717791576064
551600672
1093100859657990144
243304515
1148672605249032192
1146833432254865418
15154811
1140098921097601025
1129479219203989505
1063834130847170560
945086682805633024
2807284434
2880935234
30492730
1140577345973170177
2397531956
25250587
906963417520644099
716772582
1141646111750443008
850978303750139904
2942530226
1140924331050098689
818880992253530112
246911513
1073388199
1144562638258626560
1119571848
14365634
1099356343
1127897463485075457
483433910
887630497614094336
136400506
820068756458180610
2214727674
2286785115
18881614
20605327
1142008451280752640
35269543
959067026139447296
468527620
25665283
47897751
2596812720
15622424
1634706151
2303021784
988715401499611138
26207038
30860293
49953751
950449228886822913
269815869
17236891
31135311
1139923083425271808
439273539
3261283531
1066048266
223656139
1022897926241222658
518128358
2798804447
4105400200
621964376
35777372
1676468916
958709775272837121
1089915847370522625
501160253
1006490087985696773
865152732
1138606788721467393
3225783883
2184624474
138448176
769701979
1117114004759957505
4798264724
1012095427
999384543462346752
45817265
1438826762
799463045592281088
349517091
144932476
1126856505167437824
6621172
32804806
339188625
1122448135597387776
968205825050382336
135095031
20911152
1135422902893916160
3326597879
470300632
1106170387090599936
1024426632432504838
237650650
73603719
29236793
20600313
18166755
737793574712934403
25997546
3066133528
1097434709255176192
63273480
170602374
39289455
95233492
22332147
14723614
780399461436645376
776402106
294088428
49344076
1453013305
1131586412720087040
1127660670693007360
1663619677
1153673286
1128208750937030657
133835213
322176156
917386554280239104
221906450
301822995
1129856979193749508
1129352073626161152
1130329478775787521
1130214013055275008
534290225
12915562
2494813172
898400704942841856
19541556
93930418
1218100328
380197286
150955779
841786994439163904
860278115058282498
1082671343185866753
962670630758830081
723667033532018689
963268201
1123793036411121671
13166572
30238400
2249688711
9880862
1116790237198524416
614440298
735954684981084162
7981342
159952752
548081370
395367768
610226758
158751132
81951182
1953438086
2877612238
187842342
1087433019026300928
898625964246130690
3355601698
336463976
19197134
2174758687
745720108740411392
3306271449
2231493558
244320702
810863952855007232
1126354386949529601
788494436498038784
2184219048
717712281497305089
841115227
1074078306566373376
3246553077
346498631
36678882
90677905
16009471
23337607
24804355
910594173547421696
1121098083759214592
4657994587
110817960
970976232
1122320172440858626
42812541
1120822642129424384
814826774
11385492
2185649892
1099550667591610368
296166597
10720602
35592012
3379255175
967448900528357376
1115250024173072389
18330892
49667390
928474448
3182087023
23227174
409280245
1121369776276721665
1095449724587573251
716552295685685248
1121171186090594304
1118684632164204544
247067769
3420785835
788063938139136000
33486421
27390068
74774321
3001480921
1053008996943233025
17792766
1117194846224232448
62533
2318700524
1032939600
43391525
1874806454
217804739
443003278
30274317
564176086
876622795974860800
134764881
322046669
1103476342895435776
294991939
1042132863146254337
3234442622
1117532862612328449
705857652434141184
354974684
3177088316
17804813
1118139535945273344
65082435
710474994917220352
1040027456399462401
531697681
241237143
832908278
764144886346031105
29610822
1001870036074573824
15730689
999365662794567688
989403108
246429382
569274844
16162503
20747225
68090176
291514116
1095516178041036800
2415549692
944994955881304069
17310712
7242102
1116406989989351424
14913707
125767545
987899121552928768
16738790
1017175905330851840
2820359726
70253371
3068975106
1113053788678520833
1173945002
84126542
241747976
364920202
177035884
14761613
296443619
29279930
15097731
122496186
739101355235782659
2718405714
30533341
2502422531
20852973
20263560
593985295
393572213
935772096088723457
98774431
136171581
33908245
3084818166
297103449
68291256
884454513859538944
725085823239086080
1326422324
623854000
123375357
596252588
951119721943969799
1458084548
2322768550
550171685
193712003
20134449
1390373317
461682447
46186003
256556741
17130679
34945788
61781304
1020628023471673346
1081244302242734080
782697614873616384
1112842627
407560785
307846963
109256755
14994686
714631619848630272
181852430
2295070758
15358748
1031559415529463809
584484464
2847523992
1022507879633444864
720493602
1006564103308095489
270162603
3054386826
2670980328
1060857281565339648
710588162
2193453424
1050603855489032192
436962775
24298665
791396119
49561087
1098252463918993408
16475229
18691983
15737548
4884785191
853460010885578754
221863731
249847042
15838286
906170153972506624
1003091893
74649871
1090295633083281413
276655393
765322600222457857
22853221
1059062263859109888
4427686338
302018864
1067212640701898753
1457482634
842136914
2616330811
34523721
14127587
1062026695153254400
2413093640
173445197
83208630
547178938
53980848
974933922696986624
1121858004
1932079790
1212140240
860482232
37416295
83414909
2340843709
260012930
571186984
1051947002320314368
168960385
630943580
139749759
277739683
23493024
56812302
261506006
977581006365474816
776880416
80950584
356342904
55188769
3065924818
41848104
1028714547652243457
85464541
710837322
913202314374270976
2393097312
24346550
12926182
3020037105
1638765092
399009974
1119977304
108333238
79991316
3717666916
3666025936
255769626
450762718
2462074386
41099391
19983334
1868167160
19510427
3439448915
10464092
116765012
602082770
1026822684158644224
876295022479630336
4497812715
874484450117140481
63604827
133424508
52046944
828753321481666561
1526565734
4085885540
855291277092331520
143274449
188684905
839899537900777472
210056653
333141322
1090261818260504576
2911279295
1031926053269196800
3092281864
21547114
3391218545
22609759
788073636049526789
491713562
761331
3105254132
5649
15765248
824304508444508160
45930333
34629311
241852738
7119692
3073402977
822393797162258432
624774427
1073035829885456384
17225485
50391712
18002561
402576033
283767054
370889554
1332566462
776446521625698304
2425782619
271174712
21664181
799636639643529220
2541659651
284193430
1055478856285593600
48264400
2389980116
364816880
4144344515
710085334873350144
243184404
454966034
874621019197247488
305793267
1037370778067632128
20397734
25624486
14446607
3042209831
1400815494
903442033280507904
2602542277
1032382649724166146
1560020275
299893515
847849514
1028797072173084673
20530770
1006582010
544328367
17882795
4779863874
707896682214625280
18415666
1053717941500428294
352454066
273881271
322143412
3515085202
432223152
115250931
71698321
394890783
883380238260076545
17638030
941676332282404864
2988899804
1684230956
3857391
20960234
2332741807
4446821134
958358484956995589
47963235
789555465319542784
11474302
623210042
1017832721463177217
14522928
54746118
963220649811611648
731266685848555521
18664091
22097535
150293439
7858232
16268906
22686437
4194885567
1114776500715175936
3312126374
1093903547744374784
770912319744409602
713064266
890762020508770304
1103371481780809731
68002968
3000431685
20473445
1111753858173362177
206284383
17418143
53957195
2740433990
84653850
877935550623354884
3404750422
2154127088
8133862
49921739
360324153
832237793703256064
895766555140788227
28028017
3332014947
1062196454985412608
783599340833169408
15369506
344745010
717733727493816320
1108683659169751041
3657048561
11282
88273299
38254045
1089669721618817024
86876782
1112460933924876288
42485312
1110234138601312256
2863266281
825087118309351424
956616990944194560
1111296350459740160
397140553
201015192
76440446
414595823
1064927272669405184
496042381
1110466830773248000
166005683
870364054044520448
1544468570
1034415977897844736
19136693
78255726
21242028
1109866709576343552
116678326
1084822806372773893
1087681977896091649
817603403677253633
1692248610
261789755
2907507029
128520323
1603548319
1010896145495846912
1106033347153879041
367885445
874606223206879233
21594615
721808153722007552
1001018193312468992
1005299808691630080
1105331540152578048
715474040
289107682
1107490011505557504
622325507
538220919
1107233098746363904
913494466568359937
4075485214
3272160883
2955753810
247521457
1100774388679536640
116420080
2419033884
915230439761170432
708774789352001536
1105508110213545984
28335599
68745900
1075270982112206848
8932272
3871799607
2478954626
14491507
80648956
740343
1103850261783572480
1042867205979832320
523582008
301229250
392878071
142686479
198780802
36319342
955479346281701379
133453102
1020385726519742464
36353282
16488676
139746344
31239276
243601945
2233198784
3008839924
191853117
1100300461402288128
1099843636886466560
2278495789
360653854
891650887952760833
10887232
920240592235515905
104532087
408733008
37477788
16557127
1045255778138038273
3181327130
340331086
819672734552576000
727971045563506688
39337029
365977229
661723
525932400
2363921
232747485
18732270
21815986
2692
20382360
2544133232
2952081
100366610
911297187664949248
427757922
553806984
2303998730
61558421
123641282
1016036181874696192
116485040
823740494781911040
15335123
2644470061
1043926486024179713
735510093828132868
1086751123300585474
1069673508463042565
3833690662
444945609
930731585170804737
14465889
17548907
395765315
440964655
116098759
1078488858080301057
1468517006
1093574715711590401
165013005
3358905196
605350252
25554345
1092913237606260736
7988912
57542057
2813805938
1092879995465359361
722059704
295204424
48067315
2547158426
2370633102
817913162108379136
912891546038673408
267048051
1054825998
1092064195300909057
28756245
2496689309
7236232
1091143666985504770
717043271281717248
1090464587076587520
4273813048
717992786717499392
1089222625329582082
24263
1086649271682822145
157584905
3362159232
942113247125229568
4815544781
1004165338265604097
1057751236542377984
134126302
255964870
1084950650054721537
3264830920
1032294401651949568
963302690670354432
824017640771481601
1083375341874249728
1474335595
1086384536336896000
826892980804018177
1086218111844536320
17606877
957947484063649793
1083754649260343297
338603142
875437737242877952
25983173
918553557149691904
1966921812
1081651256123363328
1082683100000337921
1084433618838073345
2555871688
131388343
277502604
1008012188752023554
1083551745500823552
375021493
745835176278790151
238002077
1081688139112927232
4812431
1080374764311461888
4298910508
925253779250745344
879336851592630272
1079289433126367233
512388879
1076754016753856512
1080873157186199553
179149568
949233568391286784
1575749648
1012168470153351168
591958034
1080297457957912577
891564468399951872
23010579
2180823582
1070385771058610177
1039469870272978944
2828301882
41022875
843949865004601347
235300742
540072832
122294669
734008328771252224
2267832854
829761900
916085155567161344
1077998369329491969
371328288
1076923487204323334
17273800
1377831396
735748297
2811947860
1067453704067080192
3437737299
1075284176494981120
256497950
1063230502331736066
134949295
742675419388841985
1075694059836997632
2799822058
1071739066717106183
1071060561671024640
884629967149072384
14827826
855001992539897856
2865404679
4808478762
493276617
1068382683263320064
1066094285974577153
25275776
964381501004460032
109325729
1068256253955072001
397711096
973257301
18988568
8779832
17845080
519634458
856609700
122405720
1619666256
17156385
1246051
1071178077122846721
1066670023387881472
799316478382047232
824853902994452481
885518061297684481
2348301866
190885140
468076687
4832093669
842898917498982400
63526140
1069715993553965056
15965341
20131383
14558698
938396880597164033
869641
846052070520086529
40231282
8538502
4689604752
17053097
251328502
80646725
1069003297317683208
931436553636851712
85932175
323658480
15570920
1068207070707511296
1068395466331570177
11207112
736221501209202688
783120201739108353
459706003
50736346
302204849
15281650
1055324349949825024
81633417
2604969084
1612233594
435044143
185260921
344279239
11617852
232280601
13071722
774575
50733972
831123936591171585
147654165
1460702785
1434359630
34575041
24579490
15168678
1023156670459854848
921524598218178560
760068146552156160
1065576770903121926
3982698389
69310193
473940816
964912348120064000
1012613146626777091
1023634212291850240
818477992288587776
32374740
1064201647067324417
2818776293
3771956075
963823401713524736
1062111118527627264
26458325
240202531
1059963368344154112
14157847
319395554
19815998
23153223
1062415932457287680
47195143
14251177
1467737210
161455525
1377334160
961623752432857088
128084854
605923
962005753455243266
15358348
316870965
4558263461
196845602
2722830710
2201169726
16092926
480824744
70835287
3240195856
796877583455555584
1860340056
761743534806306816
175004978
1011263399945166848
28291565
14341386
70478255
1054304661816164352
829854430803660801
478872415
14222871
947834276959215618
20176114
1095651
936063487729643520
1080494257
787753887495315458
33095424
11685812
18979543
21983679
611552254
14389093
276643081
772269362162102272
773958371066118144
1004723664
881895919901343745
2309086950
2734131600
727848992936177664
733412382152646657
14102236
16061930
895463230901952512
104088233
66555302
145392260
217846335
19739636
907935044274147328
2382490464
1046391030570872832
2362420566
174671261
1053254395750686720
787404042012098560
3393585069
956067732
103744373
15195679
719985167087972353
554589135
1047194156731260928
998604071367004166
501201426
1052240259323482112
17249002
2377353302
50889580
2992610139
1261222422
374159383
3984438142
1944535268
252090197
14360985
92487864
22024025
8184962
190261638
838597606414684160
1043696833632055296
1050050439700520960
1037260111972982784
30149171
636456897
19495410
1872291
5010931
895738907899248640
19073238
878882960598069250
934646861775949825
1033711
20813165
1034447898556149760
1032347744122404866
1048090286914564096
299185667
3023483599
442073149
732619198980063232
184970148
17673283
2580335239
121777368
801427927686676481
750173799132176384
32270295
921547063
988773975437336577
14221013
985629971426181121
258012622
4350552736
1042465565598609408
1015371395683975171
467391323
1016934507239260161
1028661254921973761
893461834019344384
1032373178734194688
1045583212301471744
2783868944
734845140766883840
164545254
1034742686501285889
368699415
3572919133
1044554336813142016
271114555
2738020447
14573390
326414427
427479272
1249315346
1043285986636050432
926426090788319235
33995522
1586404957
10950722
22914309
371391064
14782688
2393183286
1043255628964274178
972644920371458049
475262480
1019579207951814656
1032908804273385472
37027330
14245811
1042372540239241216
4383170232
1006487815230840832
132310937
897825842000252928
86292908
38211934
4811860572
169411292
2387248926
56335928
1022038614367252487
1036180881663320064
1040338098935214080
923518673435987968
783036384017719296
939076807025766400
18143999
1625422670
2895726664
1039095514573094912
4665448154
2467798122
1868435072
99586343
17843279
180360582
986977017647239175
113522520
1029657767576002561
28624302
135802435
1016600477071392768
14066429
18366992
169860894
12035172
3091479862
729586356024967168
626287832
301551487
978607519
22213177
309124612
398932879
556195066
41572443
196133965
1648626151
200990392
1218594902
4901659043
186384746
1036612699575214080
759760270302609408
14332082
27245095
226716159
8182832
422752694
989129238333751297
335800049
1033607346377961472
3116826721
746447318728192000
87345997
54137920
4917066662
1034853080452362240
806927785746776064
14979220
72261881
20962505
16424420
12811292
285320418
14510231
934064701
1005722609475031040
1034283402860486656
75123
861682439252529152
1033981120902135808
329750144
11549322
271031226
815159837944377344
13645402
1442005603
77147948
21055725
4337059398
1033994385254301696
166186555
220279273
788839378890227712
6577922
19607259
125716923
1031055356888145920
532449573
1031884418913263616
4833475103
1031477398372536320
2195244234
131502557
108523679
1005294732933828610
2563255134
1030803353666609152
1030477865920458753
475706270
19648526
1021049743521320965
2364270865
18204430
2298182982
3707214743
390324658
36679399
21404049
2265598518
927047039229116416
1028928038304534528
17285285
1029052072895762435
977667314744283143
4829413013
161916370
171235706
538998171
145875986
12675582
47948264
1020238793360621568
1020749305940807681
172487362
2358892549
1091547702
712499518491791361
796483497078575104
940311704499519495
3317414703
1024157036185976837
85713423
850182805447335937
84508784
151844326
17463036
860851604731424768
974045090
834504883705241601
8449562
2229295439
891164966857953281
4197663321
1025105797557182464
1015380330
60070953
176703914
530819674
740351468
551196023
858969636
1023444092133560320
64017773
2192508812
1006776558655328257
176920987
983150509954621440
14397047
439572655
862251330
84108585
922783415690252289
1021035375593021440
17850785
494024520
1512969216
1022002997197529091
870017940883734529
1372727760
395225941
13096842
15081268
20904490
1019204397471940609
166899577
932238090638372864
1017804524591857664
147730268
274557769
1020191004123594752
110187946
783619868746780672
14061661
12020532
2972105392
580776360
1016331490525892608
4244058383
1018875831261671424
886213105520439296
3130969245
745695504
605697046
731654101
841425235702304768
830778641659338753
781382047319232512
844668818312105984
990677632650903554
159169086
1016329617928384512
4857958234
862648853878722560
1633358124
4043587278
76890915
1015291205683499008
1015681547415031808
524514354
1009024467362877440
522593098
1015137900042653698
359838444
999157476833615872
56895375
980495855831732225
887802525746966528
177917116
303303648
2419446288
938030251
928035669749800960
205333610
98915540
1013627935616483328
1012970168006238208
1011241198206324736
888733285790081024
1007477796980035584
817883013765808128
138966937
137277810
1004241725160902656
3275245574
1010113971423252480
1010431299394441216
791504779298025472
54672074
611760467
1008772116651520000
14134599
14775116
14093339
25710548
786866224881889280
11916882
225236194
29230222
122424832
277517550
3422323522
2466224420
3738124111
222511762
3390591063
1244079788
1645872822
2002641
69251739
3389241832
128232442
17019943
989756335402168320
287886981
890818788555448321
707295406640640000
1006581830521241600
459714447
17116749
1630018609
418699840
2191294658
911594350345428993
782482
1006138872332419074
15340180
2283463274
16464539
4860242746
388932769
972032800818950144
1972217264
1000957392153071616
815673126818299904
123695829
46351561
958391792071782400
56080971
614322683
2614183202
851116964026224641
497857649
999935686827499520
3056102787
92392402
718215320679424004
196669711
376302887
6496232
66682073
787926504214827008
48695271
789458054689480704
880126586208628737
890863857203384320
3641275694
3020578369
3848864183
1002265476867743745
921826133217370113
927858138568683520
16874506
15049077
1147751
745719757433937920
1000741066264346624
337283972
730633231
1234713356
76732293
195350638
286786939
867935920036528129
275760419
999204716226605057
2469829394
25472828
264372541
269218489
998545549308694528
11914552
925296696191434753
784928874358509569
6257562
15619174
75977129
35272365
823540673160749056
499357902
997139637729509378
997412178809401346
47304813
129122332
89258666
498169912
173507101
547871798
74541831
996347918671065088
607253801
4234701683
1229679554
922309525
224003363
995623468975644672
778205687021273088
994234497997590529
994992321006657538
796479090790436864
726420629319213057
929205015440449536
1688796331
993105583623454720
3935341
994557060011323395
36515907
994257493147566080
877854459816288257
993523194404323328
21218554
917125874922643456
992115165716860929
2788675605
977817674552983552
253980248
1808171
140428623
1287459211
52404243
992499080021458944
992287382236905472
249665093
344793630
2863497110
3718630632
991058848717783040
990984868845633536
990669171514994688
157932989
47391400
990467332077109249
756336
345838923
15891145
25645183
3064431863
874537873462218752
3078393070
2987884727
2274780686
518170685
1689421
42018126
1147985190
389900156
364593753
270998809
450074804
22971117
277216230
8247922
3314972898
904728529971105792
180786661
224052452
862642152
164766159
703573219
925643101930250240
909972200
1961776214
39189849
896652875631341568
985551147854434304
228861147
2987215269
14872331
48679531
3346706537
206497772
604785277
986609295163707392
732526434518990849
344245693
48092276
3300566902
983429513773187073
912218021162299392
1835821
13251782
985539184919228416
58073253
322863200
43868896
982195911714488322
3153881338
745467557482618880
976193117497053184
303310855
98764925
879869919625711616
343368633
491044309
1347441
15942325
23005053
20961822
29058980
3425684763
381937821
15021046
473055082
351586309
2739505610
17620729
822416413
18892030
894981889978748935
15551679
931881281876525058
21178259
190597053
900659182633922560
814287320165871616
389005082
2841431580
545203265
793688995918024704
171386002
3302712983
437862377
12470582
269757961
1792005572
773795797
1454612790
970631385785479168
18132640
180731658
20080117
980717044361412608
958408026519752705
972889132900016128
4528602807
107696329
50798522
2268682651
976709366828097537
1288969765
748440965069692929
15515193
975389917344927744
917962906456686592
880671777680175105
973214205842042882
3282765732
14575354
15033829
1013481272
583637312
841497890
4843651330
3509452832
2192276532
9308852
2410911061
14185480
16925097
370593954
726176121868398592
78976878
2799763282
973256509902737410
879998832800448512
14084122
949681265082499072
728914395015712768
36322070
490477183
3740214921
878198648269455360
26085251
2342245093
2525002464
220983330
5448992
237057414
6219222
885228416324313088
28815097
965106974487556096
32455381
3030902753
827498916866318336
330204570
38582653
969159639794421762
16357947
306805040
905213155659456512
584745858
33677565
875353447935201280
92124471
2497691
871561667686965248
8960202
36063132
967784046368645121
15196090
960907750124302337
882951413395070976
591702780
277517574
59217922
758044583846514688
790476923923271680
452886315
944404436
3345273832
783329470748979200
964196016298844160
957579406540787712
963804892493238272
491502607
348491981
922680503064342528
16545943
17013577
306546359
741545062979522560
890345761690595328
938963693022277632
921458727345061888
963075457922060289
22674817
950544532734693376
373399001
49025071
961891243985981446
51985497
571278553
2343649726
14232938
902121528912781312
817812
928304483821604866
2989324719
789540776
433172747
458580088
365013771
29460483
46760527
73486672
115848464
955931537106767872
1505962958
864218779164835840
15270027
907598382511874048
388649212
949860960549744641
521195201
569186913
153368326
851909804549451776
7288822
182464536
78285757
6688542
955923402786820097
246102226
20738885
72173234
897750051681972225
580335026
2706839206
359188534
707687180093628416
76607101
2921641455
323729843
915175593666375680
4209260986
953277877293903872
417874373
123055036
357916553
31380653
1279855549
42363259
48903
950758661621559296
14235169
713004100850491392
14512581
908635112794927104
917644583353356288
2195983525
728950970
1111871
2784612037
325620438
854969496875958272
221636851
148528335
458208340
952560712576053248
951701653522124800
891374978599460864
43239422
703632550
951500962509795328
360960958
40720843
948794050727108610
886698150559461376
780253521538977793
157012781
829243809687015424
1085411059
3931240040
292646714
5263
253036048
234513180
334935824
5051171
9115762
288473878
3224261371
7621482
245217900
3252642651
45827605
16895967
902556777459396608
2332630685
926368503191531520
931468218392248321
919897413317472256
82477628
2155295400
507892325
794549789715300352
2152064965
945357074845839361
139758826
3253736954
4338651552
4761048067
874481040290701312
945954293470957568
945354415896190977
2269700892
936779780430671872
287581959
120002743
234990270
910756742790893568
1161127597
943486530181529600
936506551854125056
13591212
943101339156041729
17106144
524487637
46392565
2353655340
2189138839
98909100
78583449
254256534
155255409
912921106272669697
278036462
926602575545274371
526292034
2791281953
936220695104651269
924288779418066949
16648767
417720618
10034972
938402698868670470
901820691909148673
171753220
3296829681
2586364634
730681213401346048
8213822
731454254515294208
161471794
42259648
80271104
75261668
183707694
775084540209537024
2473528178
801744286106734593
392357015
2266566666
769202024588144641
14538102
164478889
867847839757422592
2713916748
798111562242412544
15751438
905653487446265857
126374082
282438141
89219751
14309386
936701904545034242
174953869
823532084
89978194
71381642
17448269
1637456210
1924352143
225505935
6855892
1186354621
2586733693
70660603
379631784
38675728
1203988381
14904769
525413893
177695119
577427081
932704979147788289
703377579349254144
13501232
872862102
2921427017
5894872
118018672
92199427
894719812366196736
14419091
409350581
308098794
14820026
1012513639
14625212
576251130
904094541036347393
2756479056
885579182570209280
2705821142
923890863851343872
14260053
903166205170782208
2814476470
552827804
341075360
1246421
928238407133822976
829984881937629184
4897300665
17015363
61494971
407158996
21216898
918865518890688512
869576571161640961
926173346852720642
253356373
184917701
925647562538913792
496430086
899642897938628608
904656962079662081
887523304961191936
3430771
122269645
2468420658
111432569
119863857
3648055819
13616592
770399359464857601
382535871
1221377785
919920607675871233
8659732
40217297
3705344055
562020929
4912826616
56231291
402519372
22652982
415077242
852781536
3111471219
181646947
2609411946
2870115454
563954898
923182352855007234
921347724594831360
43966438
857970652149579777
17638298
2202252253
830441935923875840
323964137
169399653
3879740056
2396006202
16269143
1969590229
19907166
334595872
3071601897
16166031
1476592712
223613160
716946952810860545
919367159695806464
916321899118059520
917421341359464450
14386265
127699630
181307729
1975793911
384086602
819750216538669056
136088911
849223975968309248
742266207789797376
16192510
3824367567
24391851
135146549
393790280
2485483598
914877545669169152
910955993487544320
887720706007597057
73433626
71083266
2165787805
257319757
912357502905352193
16854929
124721452
804385907641978880
271852011
912584285193854976
4735840604
824721411579269126
811708117
2475103891
20402101
13441312
16709688
1283178246
907265604511571969
1103487896
631511940
447837030
26467925
864430981
892525308292628481
810331766691074049
388889805
17536486
1343132275
23355247
5742482
554662969
706483028348915713
900269312019189760
805784421597085696
398612474
9469272
842050828601069568
809483505759584260
12050532
88477464
878391055808417796
3240302326
885173964
852207600171175937
466331650
856588728306999297
834404942
894723591446687745
1451384114
780252197003137028
522682828
111870266
153617129
907454808
192124363
96029333
709814266447142917
187718921
21084047
884774818465423360
898836114978611200
1241474108
842245914853007360
20758355
1311656826
898380666232078336
304470478
378718305
866981923091906560
2259019392
698053482507403264
249577067
2229489960
2636478938
94616527
189711337
12084222
205383932
61163648
234990624
3073689333
383289779
588852857
12861
109144136
862900518779211776
2798503888
4917922363
17101169
874458090287976451
748193877778141184
3354846525
311722513
50810156
3845466500
240208535
4920395598
82052152
43740255
34522996
756195413674393601
76887049
12179872
22673907
800434472256581632
4632644172
15486485
977141742
119954789
715212559318691840
18233743
864540407383937024
4311765082
856036949332819969
859419630133293057
709476815090413568
819927704850038785
213931264
18509815
2921788528
788373368714256388
710279977
886519915863134208
852457498040688640
847566036165685248
332196424
3666853107
17772558
4071042346
7445542
15160873
21489609
1318588657
220247368
293983295
771302483733938178
773397716718252033
220376789
835223106448949248
795184155923451904
37465862
3085673568
3307350179
3007491
859624160003334144
874319793364635650
1515761624
19935575
881019045214011393
877616433609318400
24373104
2469901466
3074304120
880502667855966208
875553408559833090
22466026
734667419055230976
860670133714288641
872056904696164352
17187011
245861298
4310447902
847349859652849664
566399492
29372089
821654937851613186
1122763056
66283
1733265096
1066079466
822843332938207232
872000786921922560
2606773789
869612918727467009
16810020
50364633
231970459
19167465
1070878838
874271498873184256
3129607366
504632850
72089005
14216117
1603330320
2207842450
16949354
801197178312151040
14785822
868754053857239040
2421031339
34215750
903453062
114053642
520433517
3302155629
132588518
15181766
55117799
793917895621349376
571781990
260415455
744037269732999168
2343198944
14083539
17271664
422637659
86239754
746797336588738560
39503091
58741527
17069499
123933889
148052204
272008339
2204962711
211282026
249794996
61937793
12687172
1445663808
3307422171
210003400
23861430
54638897
19650696
47099187
2681457421
51591949
722214536460173312
16434823
18679467
14217419
869568121417248770
118013843
48876524
700611380
122770149
3042992050
123341776
829365548068782081
29310753
868135807722414080
13290152
14374944
2391
436682744
14078457
350164545
616203093
14264021
1201716864
147470258
802474190620266496
2987816933
329309066
226682270
101414873
2860429341
17070023
3383775311
867020086783115265
396811761
88485756
81614899
7560662
588587201
14311035
762673922231955456
1639877449
1328738299
12033542
126077339
337124515
3736320560
862732731117129728
857272676309549056
325825075
3073190728
863624755332632576
862353995578445824
776166459261095936
87147602
2801670994
856808659334070272
459854857
2837943413
3837622278
130997715
71583630
45562530
38885823
860206530708119552
15834260
3086206928
2974049416
3230388598
19060632
13977062
861184919669579777
3355799469
47325650
2515311
3650183657
777198339058049025
88592839
124920374
2557762548
182456126
168975071
13408762
1859284338
20520190
3775651
29508165
153460399
814467901361102848
856957674793033728
794651849429229573
2298913931
858514354009800704
14181389
858347449987018752
128566974
813776468417200128
855860783863001090
46414339
409083115
254251336
857204825074880512
28240340
884301
9381242
856104100013850626
856057907770798080
852759814027354116
2201289119
42646960
931068577
78234317
499643317
1602110791
2706458106
322646593
12140572
747761300252528640
37665322
2221797366
1482336073
5977322
831281802106986496
25260440
719967213336322048
14632640
343650918
19791758
486697621
806899908087189504
847150729965912064
22389244
148873448
4152371
19022161
53691381
116969333
2307474271
244822624
46731480
190987043
917261
3024338659
4212918029
22111358
7571352
612420486
116006673
1039361
942492936
96102210
26569643
41358714
1656288470
704769925
11409082
17811957
577507370
3099501
218576357
2594401704
787845896348110850
85174781
28290853
454763887
728532434271117312
391835914
1675730336
1427881004
848836882507022336
758380759359062017
848563152568451072
829180423469137922
2364445033
818111284033880064
256309106
2722224465
356006641
102407605
247594540
96323735
49793
2259251365
812863400199847936
99744347
158681231
195301167
842291187742593024
843783762366402560
44890780
1228746852
788035189008109568
863004894
259494950
1644831
2330689464
400905182
839047658874486784
840612089626468353
381044159
3422087092
13023812
34328935
108552921
163020371
3301830235
390611045
17967549
114563183
2910644884
17462037
83903305
33165894
751715086906036224
47234539
2375888137
33715192
779402170408046592
174924801
1728941509
87606674
84043985
15341579
166297268
48088165
2647031
65103436
22152907
17050026
2966581167
16145248
829941038240239617
25611502
12850022
4892498170
39646229
783109222254817281
107102838
264144306
731081132712841216
3351746919
833184208218632192
835811670786072577
631975206
931570267
85649579
3697013177
705378489541783552
10277212
613877505
2318979729
301619177
300827265
193063049
1389390432
833805448574808064
1045340299
347658342
547127908
143152977
4651072036
933793051
93130465
3345941951
4147670429
10457862
1379487866
3016920315
832274979114856449
1158366278
19017654
56456529
755419584
70695732
14209454
15171302
3010840484
8039302
52489697
194110156
761302448296386565
134700704
251100956
68740055
244455466
197134898
16857255
2416995770
62861782
22403036
1638828828
296979153
134463667
18946966
827853311638282240
4159768852
824668943285702661
262088479
10620912
2241108109
227587615
344361113
115831933
369038524
18666099
3585321676
2437368372
51812921
11837102
722242009
1319164070
3037264229
195100950
733536950963994624
1229757158
582161546
188672931
19590257
49237316
272099717
822008173791846401
1567585374
328837752
817858805706985477
1955845404
17656957
17118141
377186587
40702612
3393011865
15208867
18037594
3128642530
14248567
4408407699
9417752
2885692329
17021476
233514093
818959927175618560
110443692
734578981954031616
850645992
812383935342649344
818109431846039557
816656020361486336
817366733862371331
816592920249712645
35455006
15734865
712659863747211264
527854766
3320655213
37413496
298739736
814608504229130240
1927028624
142752345
813836701042900992
351192223
181363
812127939663974407
10343542
313323304
36868158
144624330
810225154257252352
793483735018504192
52295644
780444770812309504
1317699726
603936601
803205878145019904
45580925
45721308
605999737
103366453
127126968
180193144
37739259
321538860
797955084227321856
19964193
790874119550144512
761561820075294720
339764761
13348402
4711752349
15106188
14382918
4874286179
799746423029977088
383995261
4895391864
5548952
5850862
17261311
798266006032576512
145782482
108108392
14897485
804187890855120896
14822306
209201485
14235240
15384720
14303901
1912681
803392084732309504
28334303
732480028324200449
54112812
3385072940
16461990
481690288
116054058
292376212
3095708168
25151703
13682
56806677
2864401215
20965303
7528532
10430722
800381530719723520
18901292
409890910
1112296472
798746647433920513
1427429168
1012597088
798585862841724928
3198095872
3067930637
19843630
45637734
2979812014
2431686332
104944845
796702162369687553
3907382243
246492004
796504656470044672
2239946074
726525870484115456
16621479
2334568615
784732543392292865
1101631262
261579828
31451498
296712580
1574131922
601661675
19766166
747509011289899008
15109591
20530586
16566341
788491725811642368
731360706
46117192
91102447
779759665139814400
2811095673
153146297
7703052
123405231
78438917
961548792
634832050
391157191
16944165
292522786
183141581
397694029
2615305706
138656615
2574802118
383488045
961461860
794013056
442343093
773092706201501697
84825820
15318027
413987476
16099139
21777017
41847514
2360071819
21284641
176715298
16729309
135076044
2255607860
380880629
273356549
94330872
3349227891
43309789
15577394
7287392
119882560
4877533535
94762245
14193610
39272683
344026221
262665364
53480950
729706674227949568
176371696
14843435
31099575
218830003
481548003
19474634
55052943
20931632
218911619
3329586130
98620063
1737674246
16320554
761638264218542084
1358652216
14632254
15005640
380863305
1023184723
2233795154
424460570
4784828498
1650231
29735775
616611494
201980111
10268072
74975960
2951920127
56496363
2589793429
208329872
4764582062
1608312078
19258241
316401133
216356099
200434844
3303884845
1589376188
2765630239
14903
719703671
267988806
447245416
3378834078
70570429
3584565133
243129214
743660376
629877726
78242215
20815245
2310695640
435948485
23564635
28838984
14111858
10912362
438729858
4621291035
3820534877
147652366
746790333606928384
87748483
17172978
770218928257769472
366154590
43044860
770646364355194880
79144010
39969172
7841792
3289187731
462366624
32124032
4869309675
20926161
41322463
764071893972426752
240607542
746923
9541832
273142385
2866446858
288907326
2909853924
21301110
422131372
252204344
731131313093103616
2972596395
773531882944335872
23029216
570084331
353206269
19464155
32823701
3017980054
1548560317
4269215239
771283236886605824
20770144
14162405
93455698
763375782135787520
2913685918
586941998
767154252733030402
706158140715376640
768169625481801728
2813510514
4805465595
806901156
2866489102
549903284
23656736
93848859
224322705
4626964301
4005605284
17600799
151896824
44860754
766900545487601664
15127834
16796862
13410842
87690783
87795235
15807403
19467248
14121668
16016538
14656222
753374528256905217
14387679
2347676396
7030722
16230316
3351841581
1705693339
110851293
7288362
16136933
33697623
65723778
981101
549381655
763931941716398081
717997777515622400
726552444625408000
725639768663576576
4126047022
755325186774147073
3511866015
1489963346
916473799
232756064
105335024
2870302407
2999992556
131330710
3018841323
6444102
19948352
20273797
3207393315
12022522
2534488869
2728434075
250243273
67890418
14611645
758956556234870784
562571892
743663532734980096
394236894
37142924
4422139709
755399751923863556
25770354
330151669
29586736
112291593
755092895443525632
3303904384
3034285955
2254561
57140128
715860653064503296
343949540
119646271
592140483
2910538092
524662554
85605334
131886694
1543621052
3940682483
31653862
1910248830
2649793578
133292177
2795057560
43707210
232334233
4680366440
2899117548
68985507
710102699522527232
745339418245013504
2987442281
120821393
18767830
14806752
18855622
376269888
140999152
29955398
719513138408906753
60906404
113845219
8079862
1296212790
105768989
14561292
3313635451
360646795
149806281
2431801963
44215530
137349966
709313
3374422992
356164932
742437455475838977
741003841127075840
75356440
44351245
738767604156768256
4537097715
47886753
517724691
732763580034994176
2889599577
740309749175095296
124495836
738900010448752640
739520337986093057
3281181511
300538748
723398828800413696
2195785868
737537172278890498
1523873066
94857563
4631863647
272852686
46612397
14390525
1520105341
4390699036
18550119
19471075
11661402
1097599040
75249632
1162505240
29797189
352650591
9864482
525307378
2351814589
540719146
39218315
3064618349
764902788
3925268817
15350593
733080392685654016
1104347432
2215577376
2521014836
221857665
378996698
23672100
288804079
241496609
487382618
732248582208651264
371017223
12070312
41353586
731436868747726850
2291049618
385486348
176719055
261428668
352676636
188578326
589077989
32340834
3042711
15025398
719922388079611905
5941852
872756292
18745106
137337075
237603861
3283774369
41953472
2258174017
17775715
33406544
2494344043
182685536
310520530
483986116
297053923
4842897833
168627231
432812106
17147821
10671162
228184290
2427099170
57647138
587616545
2937071
280746316
793517
722392503983349760
382562043
55572474
92224842
191968036
2906839101
1831009416
14327760
150129580
292393079
529522923
141281459
14725695
4127505857
1316331686
2711213041
3305501631
118379031
4822486779
144972081
3091900942
260233285
1280341
3353136183
21705861
712642114681704448
1110374196
715214192072986624
889803078
714253766187286529
4000962629
12634602
4866175114
3221371596
2831665301
4861013648
3017608006
2811394160
9961182
707583724108587008
22170500
15179558
140028095
4686775933
9271782
3170778564
707244545168248833
4924331
96435744
102804709
1924325972
703494062100324352
3068713123
15583025
2459785070
3873471269
16728620
1559040643
710485028
2527001
116877838
22681810
625507878
104427626
2382191208
4742495237
605837459
3000448241
4874453459
17861792
1206796506
2529196782
76855027
15300187
918766670
4841765755
1345208706
141723734
4910784106
3065100340
1095670098
3312002620
4885044233
601900191
78969930
2207892020
699952702072221696
259626154
118108551
46431656
4857186011
213698628
4097942295
2338079827
1492778527
919107624
63111567
4900556820
16632227
17612154
2932719107
3023414977
4705409717
19451106
86507069
5698452
170918683
307971284
3307074945
22287219
15058411
2457154388
4889143097
56741110
3294359094
147139688
4871155378
21615933
319393009
4869936466
2198523230
593364579
14991701
4845205986
104453319
4026655048
434547480
161609480
2163933680
4171424653
85129926
15194201
4234982447
392133708
1442655894
1526850973
141481575
2107571
4847251276
4813526503
14343368
1131645518
1598324696
103989154
4830384705
382803046
2897118528
193115103
1425924810
3320897369
4829277184
4786709654
15200878
374414383
199656712
4797803236
2148488095
259412877
3900704241
4743111048
4742288359
4755153983
17960561
14135186
4733097854
3131613922
164639178
110666346
362904303
2861222181
190520633
340212738
309977000
2252923364
4632847874
4395813073
2812246047
3953299635
4633784534
20825949
4578833091
2925904998
15066893
155546616
15767266
121881387
12381352
67168705
334813752
2904757123
26755373
2792420270
76038149
41396437
4048115123
3214690125
14817871
71268692
52329348
20223128
478181304
426816916
478025833
4535765652
1493877708
1157254406
14712653
8180052
2430151290
164241783
2158479523
15150655
16617790
4404703462
14280445
133685820
4276597281
1038728568
33651124
4278408517
17087547
163002849
4227711394
631116029
314818188
276847410
255760213
4374662474
116713174
16982848
4894431
25624940
3692015245
19182647
15158048
44680765
2889117595
19998324
2961783350
17728231
550204442
52428541
4259532627
27337643
539080607
47647095
9412672
20297627
12808192
2588726972
93256503
224998433
289272242
711133
2308138747
551152068
2444779273
151382847
89785537
128429167
2544202424
1449997902
128329913
1107031676
48636190
2635631242
41793711
23217085
237018893
3313174584
1874255766
77537105
84714362
3871826339
374659701
92309335
794665
68848910
4073782497
57138421
15150080
67100074
219943294
332782886
2209285350
223390034
146530465
17354555
985718221
3979923672
145627846
4009901849
1078365600
837649111
2575876440
2699218688
317654826
1360786974
334425800
119796222
6477562
777135943
3935571737
125762504
2749524433
14711619
3418572729
127523111
1807451
240960771
22943563
14709746
45915982
437591452
15102033
1221421867
72216530
12984852
540302095
262342417
127904641
1158218132
1096432166
15216569
2704409172
3253016791
2341031544
139007207
14478614
850796622
3289925259
2856255388
92236028
26948328
1418236490
57408232
16928656
109839156
108979911
3254869786
576790816
3143763525
24961156
2175818538
461375034
31097538
2919145157
13656942
2756179084
295916413
2335347078
3557540836
1267026674
77749228
2982996029
252245569
1960957782
215629555
739521654
268035072
1566336368
3130766301
14352807
19603555
583814681
129477896
269700525
3401904312
1441673010
366329704
2885138213
2293455138
257355139
14420132
890778390
3316362728
1942836326
216735143
3306286501
2801406986
18403981
2908811979
2657201988
3308320896
3404406503
721686930
1563900811
566709644
784824594
833849054
476611140
45411436
3474271
44553548
432833886
36133587
47835353
43664690
20260144
1711971121
811916034
986248214
582174814
32167214
43803757
3388372761
4509741
2181109652
26736307
159960428
14185405
175008526
42289758
3350463579
3283151684
100819164
2567769336
1729893264
216606171
96435044
467021491
297057136
254052728
1946971004
556678927
2380913911
15343494
87081736
3275217746
723405457
3295179058
49413866
3270779804
1321535000
354187880
3362149012
17991939
399805362
2890693563
19893224
195980873
3356988311
77128810
136761537
369958119
2842787383
15505653
133385126
577192957
77295594
3330324095
14177696
193608515
2843677124
5940702
19777678
284023908
6577092
2413166314
74956332
12855572
15008596
604686251
1231314888
337138660
1960504254
3244055041
15045590
14075441
3231207114
2956651115
3226773236
135239104
220251535
2841961740
273701297
272065025
131264897
18610217
18332190
3219675302
1949408102
1578736244
28081917
2868406716
2327881
700544346
2452073258
44217911
53977556
14659447
3292765589
2340527012
31100040
8623322
42329259
3803261
47837961
2182438333
15271321
1214573959
3012403395
1388076674
15308526
14854476
2979712174
2383832209
1110221
2701241522
2214601993
2868044160
1666663740
457313
49332350
120029735
3183137060
415419035
1121934716
3222389326
386330001
335145634
617243
288237991
514482096
3096335597
312699023
253221289
588308841
3166349004
2981337146
3121857573
25656018
1875760862
3173863096
3070516119
166009943
2210505861
14618663
3164500906
2931977180
373919439
2467862161
3144037529
3046939576
289601740
3142720771
2736540361
57907381
3121880187
3020624174
359024514
422869535
145201349
2221167126
487416322
363181033
18728897
3015906392
19246261
53717936
134072288
138885922
72323205
19659370
1480492747
2762152608
755373
2338865312
16507835
151774839
3089602431
572305676
832088971
502168138
21982329
18923276
122891835
125148033
16401959
173199311
1394139812
2980109686
116143714
526779717
14208970
14381760
14106345
2991697611
85119450
2588348761
340957066
3042332014
21253578
2441518224
3017183235
275031945
1281581
20520810
2289600745
18084343
2931346059
176537792
182815954
2383547119
3014381239
3020561861
2891423524
60322751
3001459905
15425104
1564100791
352317145
695043
986670360
473471237
19016850
2985937169
519331011
2994751803
204297410
2482378435
23584512
2979689966
31458119
2920340728
106062176
43643202
2929982876
1228644097
265311885
2967135681
636954360
720754110
2975603964
1107439897
20515207
209012915
14886242
2798230831
1423030842
2869351188
1349830620
1717653254
2934922098
352248891
2950334774
29785823
34349316
373557640
19597819
342783804
248393312
25386861
438860229
282303612
5812292
1210182949
792328333
2923870245
2539640557
2216287027
1935982500
2907009051
2894878655
347834285
19282539
2920144052
19420634
2426899684
2478574363
17856025
22896465
233967205
2861693224
21224343
349881551
80963173
2377645411
2861867520
189054386
2880962315
2880905121
2250947108
278394041
1371790790
633108622
2251038091
81824914
53720690
145258625
249010855
231808828
404946566
16968551
1667014177
146213978
14161722
7517232
14344469
2199880058
2573455914
1096239127
2737160604
52133800
570038380
13567182
2853144665
14269940
89224611
2880973698
42953393
2823967430
33035944
14305066
26970530
234321271
2384210779
2407754575
380527852
107301385
2459400854
2865346076
23286383
2861180605
185632245
15313329
2445631838
2291153000
5790202
180960841
50517429
1061545039
38939378
101824202
199205892
552397077
576041562
443247502
339115542
2271676110
149056741
14343004
16656383
60014176
17270684
14787683
1936691288
16448472
2832582673
547148452
2832070056
52681562
1191541
14911927
2718632349
2231179117
2355181
14125815
63931368
2789545267
2816959777
21702713
2301433260
2269224186
10232022
45780582
75209316
475974198
1246397209
127503670
2801302182
2728977745
558507989
16468323
1119836179
14941540
2728631083
333599715
128275616
917442644
43329269
7106252
2771542538
44788583
44155565
20017383
2398901665
9162532
2688248610
1737988050
2148627364
2740042004
868662894
7263902
1180469892
45160435
18084770
755722453
7860822
31670954
2730922059
72608550
18023897
91688695
9148432
91782996
21539965
104462518
2461984087
32456120
20558200
206452449
18059285
14322554
567605134
53896134
101013718
1158371
1281526188
68987747
2711821338
25811466
251423102
2675420324
16212250
2520213194
335294347
262396578
176746034
2533092614
14444911
432665924
17931232
124797824
125190426
34570753
2381133948
16174144
1960705284
382134761
16448704
151972628
156031097
17809159
2499461035
20819506
52332354
482163835
2527034018
2553240126
2575013988
2611731446
79717747
15289845
201892111
237831546
490434655
103137138
2159775193
2636535196
178537877
2587811778
758869206
118207950
2464238210
2552114780
2533932864
1254046698
96192934
259271267
75694920
564910430
46477340
731241991
2545089192
303880374
2078
87940664
1127660005
1898653928
2158361220
42878311
1591684346
74719185
2515473380
96570101
454965982
15597809
29280756
2432526198
464518860
2239730276
334520055
624668875
250217107
91856307
17226037
32312650
2445104401
246490565
2497733938
854581958
1257618596
19866053
2470949721
192490281
188204899
49909199
1588539188
76982240
1781611
2280630578
46383756
19531716
2432682949
1449975342
1707165132
2228500290
29891068
297045249
82636408
201320266
36155899
1448481
155601665
760038973
143344335
427119266
375668090
279716656
103761033
28333413
42634782
7074462
235429240
16614440
1455347772
1147031
382128909
9550482
2383104416
2064551
81421459
49766535
20506953
74435134
47574630
54980022
193635928
63798154
118903766
624642133
493456371
226434314
44469136
12537022
163031693
13621
1263423644
143561317
2367429949
31339252
471356195
102378699
273160040
2214844344
99173786
18102873
96612686
1672202335
2205444607
1407437425
14392797
316622190
2352466296
134936039
2338242230
318368492
5734242
22541852
14307977
35522570
23399565
29509441
77015373
1407032330
735086004
194203770
34448395
17185395
9429302
26831165
14370378
140939995
1868150816
104745184
2329800492
237893933
616287486
15458277
1948032967
748018813
58714978
1685568800
472057669
590412354
211243284
1357281888
2309146435
2328480740
2315407863
2272830862
26211703
45961521
575092551
15762276
25774136
20798763
14788950
1669776499
2302472390
55378888
2300509777
601077417
16132687
15134345
105530526
182491078
1455056994
1038824982
2205999434
1937230741
1948844396
220378862
60959947
764499444
14937445
1103381246
436095587
8039622
30500021
364677403
190563332
88412859
1704585511
957251744
754980
2215394947
2253257221
388503174
17271765
251754880
173881525
2170999954
2248917762
2246658294
2221810511
1287854952
12973252
717105715
239902490
1346542286
13304662
146195370
19854920
1300724341
1580349043
1499022697
21712592
2221274438
553931137
1677187706
1381588260
545445165
920491754
1392035323
115115342
2205310152
2209399928
244991150
296003222
1253761873
1933603682
18129188
1302553580
1569180318
15147294
24881064
154251965
142247982
746883
294642540
11892372
17324052
6851972
1724595342
1316552491
167485734
66423950
136745316
5380022
276508048
10358262
59550822
245826086
8748172
883799436
16958344
1966575282
257618993
227458257
14130929
441187477
455901246
22963112
47571441
1905475543
20851240
337357518
1914275102
374982676
1905104917
248096731
263182459
1853667764
154805391
34937343
177483499
19006352
54140227
1469371004
1729327273
46299743
1193378816
145592403
1230943206
426279405
66773314
85629903
290725575
285121756
354216678
14703163
103004948
14855613
5159271
12342812
86708850
258823740
625295000
16186606
1587495132
1547438474
1488289106
531504378
263079414
193278784
240676435
990306085
487623589
194145842
385113279
246244073
136325501
589384842
10239
5411012
8106742
177817784
29414577
112414366
418984026
314144509
1410437030
14921922
176024190
85010311
141158595
239410139
90567075
432977797
1151537048
16467495
180036582
211092754
14779447
500346420
1617688958
1042121486
1596632774
1405963742
1581522368
254925507
1310823732
856684314
724575481
15278808
614605715
702686215
16996407
14523409
1029017544
14872659
148244717
1513185295
248135933
1428575976
78895493
303225453
168888836
37025330
7079752
936881
22270580
116777633
308762488
35449790
63058314
13686942
1464314833
839549586
973350253
262130711
16239202
980046830
445640675
372282739
755959
90233276
19389228
429800217
650383
449265724
136819422
86148456
14685648
1419376183
22911342
123665450
109519601
522671217
47433304
381644595
550766956
45111407
14448221
16149989
14580192
15031732
14872511
15141306
1369901371
85072368
1359515948
107471115
1307697708
130310739
1347803119
6581312
5345032
83438404
576258821
23482778
37676258
594616066
1322259607
1318408266
1317999312
41491084
124388447
8410532
919854116
286657110
70131975
771393770
7082172
327525429
473315786
622460633
106312034
25696968
127143042
15102006
434239710
17015268
549507258
238436945
156366092
17078593
80618068
989927132
157295110
273935884
167596579
1224228434
51067708
1538841
1017429942
810103831
1114876842
256635047
589300441
577195836
10451252
274885424
17175257
15919569
857447425
94430366
55651936
376019079
16067430
473923529
76273976
19528058
14915653
215755802
117553058
1215950024
39497992
98662718
13126022
1004260722
3094891
783383514
1207413967
887971
14388075
1136522773
417209008
92144604
17047046
72913473
217130694
31443503
861434520
3558021
197579994
207484300
382748292
117376676
114900702
981591367
1161159638
11570962
23152525
958429208
51921721
1088438845
14834982
1132895131
1132922155
9588752
110147859
356788303
467546693
2931631
258947612
782934
903253872
62873480
1109178072
125931452
10140
1057609746
433804160
427762009
70235770
1020360170
14111827
10182882
6073442
17657107
14382993
1007609748
12500962
847158949
211552689
977111204
59367706
250688112
540098505
314847803
18784239
106360393
14263699
226793939
547991717
25375670
20963651
400623373
552675723
548257095
95552263
16342611
11990112
164644973
153347833
14112045
24397834
369753041
916520826
898126147
420574923
233371749
20585553
926978372
20392496
509628426
190246525
389020742
918827838
326036921
12819112
918593011
52994178
168088769
21239354
85307840
199332628
195004291
116505663
632360987
789874747
5715952
9551492
17867604
216303854
207845629
150190073
30194985
505650259
636096244
815880932
426463629
451448044
719887554
864669638
5439642
76642859
66821479
139994091
9950242
180114960
579407040
14172581
194094820
34236990
415881007
19701419
672353
221309685
34255829
112806109
287387396
897811
23195240
114824794
257851460
17581976
152938317
624850194
161443532
183465413
820628064
818341597
16576882
300866884
2813661
813944107
17422632
86288974
733014601
49193797
468706090
13496342
115408792
25583
14091176
501968170
784533055
510240949
103937392
95923373
383679869
73376995
12646842
94856925
315488566
624331164
4215881
29327082
14901823
22807828
186484265
21631772
21224618
16433143
607469205
585439060
15465094
20321140
485478711
478815112
27106703
297500259
719179987
717025178
210788309
714449166
352347165
38101189
471913605
57320656
634052512
18831353
135592507
15287857
231187770
622728920
44141588
633925004
17981917
633120524
237738266
54810639
321792211
189914627
34662322
260416718
538303163
159121804
52661395
491873688
618047093
582662802
26158691
27883670
574262119
374043579
596500117
23813634
141603000
360580596
109982529
1226131
11425292
122764805
449513582
21801907
14372621
528353970
6716292
171188916
56463905
63801028
589734186
379107571
595975114
595764745
513520030
59810703
567723005
594035852
586521942
261531575
572997284
59423714
589265864
31087482
113653403
25699055
38766002
138124008
30743418
200996852
567467234
583753717
556704878
342517027
537409790
536841861
567179645
42755923
5301372
117023674
15411434
12512112
76590728
32845955
22394209
25915690
1254161
564995462
402875257
1066181
382298665
459850612
509052250
563940715
755830
81222959
274388734
295430141
308623046
259910222
11055732
555323618
286504285
10748252
465045134
454378430
14169354
633443
541131956
1460741
176753998
460528555
259871223
24133831
85542425
534156198
539253749
525526320
156920978
17366790
51201283
270447294
156852223
394880684
52182009
360387328
212344348
67124834
8719472
256879792
450842550
506488955
407515346
61111487
93950513
115805003
233661443
14700993
15318505
471954750
211331298
499186012
50226680
89892943
5532642
20568801
297947269
435829965
5717402
117116621
41006650
164640107
78244514
15488774
10777752
15258949
4215051
14959314
325100970
34393727
90083746
4142571
484943633
454512354
10673092
31522489
86390762
69155652
46608601
14299418
128011931
120399933
350424151
484407295
25387735
482953165
166845078
35708293
405654015
184039782
427323266
18217519
19456359
441993236
370294951
91312237
426695273
202485159
81849860
13511492
247672062
19978107
382047920
211177035
282615966
220964293
240377563
1120171
20342875
25743783
419664355
169304727
321660017
1833561
458385130
14895278
467291927
464700016
21759817
15911738
15353610
16199886
172416552
462075739
9861312
25645291
27143494
818340
3615101
42716347
7004052
14526315
1366811
67591743
25519637
5752372
14526679
456543444
45579466
181550972
14705826
27761821
14604269
29897913
14793714
435032274
7559072
25199461
418826947
57189001
434787948
17191664
339232111
382393
177497394
393276727
16511554
19299832
60025549
18680083
19126575
118334939
81537889
233671359
16016618
51164461
18367054
45310518
380886090
54002739
22026168
43323995
18803869
14093433
29387052
427890856
158457020
427150978
14480416
13327002
424877423
10462602
89545649
73118103
196591040
404150867
47604694
224896427
15168355
89508110
2013121
403371016
87671968
17780580
177891462
236590586
155470822
23200109
17981537
37388206
105104911
19788301
14794077
53560219
15534181
263085803
14953211
169887721
284553
380769141
293417075
54290240
33871051
165367317
20683379
27707859
47413692
369732344
109889005
34937778
18237848
12434302
203593854
268919557
7340612
45896633
16124644
59126394
14786131
71044761
249351969
16629994
22470221
14948842
135899401
42044311
155634745
34227622
8753452
14191640
2383781
120454760
17346968
262612392
204016563
10330212
16509448
111312653
39903999
49328534
195098382
58569704
108146681
63946929
355455644
26422595
69304620
14649205
355448084
272811073
36900495
333696410
14065835
343084232
208988759
267256091
1104501
13021222
5641552
298700210
155997280
14331818
16729338
16165168
356711357
1211311
806545
144626914
38494776
17406425
24671679
109219035
14355627
1169321
23755339
15787776
164224214
9266142
14284282
49270737
21695487
18223968
335916071
78807415
307922579
1483
13332772
8564482
312446413
16130960
55171264
64901517
13502742
58225585
325126593
108989193
311404595
67131827
23574321
1331551
41383831
19387570
15668978
35916892
313283686
110383715
291222707
70503954
241278137
145186185
84948426
101303305
301589572
248859700
82883834
14641095
1503921
16309706
200122481
67941602
28608536
49295962
291593355
17784479
5774792
14821718
18876718
239052557
94468605
18285035
37624515
265327337
293460544
98098550
15626406
99975677
288429976
6483962
104682265
22718076
214012219
15770457
152072103
10059592
86390214
21808052
273457535
9812972
19543146
15579361
217544127
210787605
156259271
226646767
17011077
187214458
89426783
28105238
23798638
127003086
11114
65565675
26299160
257119202
250382945
14110428
160302915
14467115
200456671
56355855
17907761
230499741
4761581
19042414
22474349
237892378
194728123
19536353
18999920
106204010
47703572
224631899
230796598
11211542
155501153
8510252
7381872
155977997
14729597
105529826
219024133
17396170
222246979
16317778
13918022
5044731
227673621
148815591
188104515
6603962
17290922
14295341
5428712
68413277
222765418
80035797
220255405
211140253
78589126
15554461
191982243
8524262
188354270
22839233
19256096
206108873
21245588
27238310
81092283
104188987
179523
25884563
17567533
40197991
12432262
122973487
15132914
1527461
57190437
29780473
139020599
66776735
134765219
17942434
15237935
11356
15137538
14990646
10012402
160877807
16084102
47876842
15803034
14970604
18373451
107289311
16496846
22911650
15015126
4339911
2418551
88936048
725323
14568034
38892114
