158479183
12740792
991009262192087043
2477907980
3120314526
14663698
1174058004074893312
2585837712
15666676
1175125905829695488
1284236868
4723871554
1073388199
2783873257
14290960
958778591705264128
191194410
20291117
199238295
101280438
1223431478731776002
15704940
2805731312
96435044
256900512
749661321977819138
2856932848
14826965
942544632898080768
177788470
1142047961779724288
23081953
110198955
1074741266561294336
137885308
15040566
1179612360069115904
14446071
1694961
752133
17135406
1169288680667828224
15891455
1213638943310114816
3302542954
1024614790310682631
14993466
7706292
964586261104287744
6761862
101186457
808758
14405481
978641502485262336
1117853439671795713
712963
1212774952870371333
716572199201669120
296201298
990956169006010368
14336304
1198222412514394112
1200608894906597376
14385684
765682734303879168
21266829
736884656
821487677631504385
1202249312941543425
35657608
850205068733235200
14888109
18884627
109188699
6238622
808051518242979841
377695833
190799800
21493261
16650627
14602130
3156919356
1519566978
1342525938
848977528979107845
468975674
1190023856905433089
1071133864028966915
486684913
17701258
18966808
14893345
1158985128925966337
17235468
141097653
2982078561
386505090
939217114606354432
319784912
27241881
10206972
1135180545489588227
820368486312607744
372969203
308799838
3269294971
753743
109994007
972958099144396805
9169072
7037732
4618993574
1061717459957415936
21414779
267382405
1029172960995631104
47886702
899324319456800775
756863020958093313
202193994
14593259
15259174
67430296
912345372739067904
8870242
97370635
493556576
18808263
19619020
1140344288082944000
793470713839706112
272053984
35175325
97837005
1086590312615677953
1033457972045705216
806433
545945801
15056775
843473223048200193
1037833822417633280
1134133834629492741
787273281493577728
8926712
866714773727072256
1138829106999463936
2456854800
241875443
864990764870139904
90766257
4862390348
133359130
27161330
16042571
16860092
3524924897
632944430
2533768586
3301148736
2817720176
991758152403116033
17261276
1134508645130129409
481749355
176425492
14698489
115972820
1111275854284365824
728335634839027717
2698660063
1038895821087862784
1135191035578114048
1136871
8039302
2789208758
15276621
109207291
354416558
2638518929
57551320
2983612105
1131385796743684097
886857693209776129
15470557
21581968
90305032
122600462
556162290
48783
837641
419602979
2894082393
3051280765
1062359582
911204188985708544
232997732
1660059337
1082911839535665152
783114939951185921
892170633966219264
1121390247907139584
587744668
728629981904023553
459815573
2244994945
411179490
2548685208
456992870
3017564139
47774386
116041517
787545291633270784
735715100
117232091
16599904
44052627
39844028
1534927790
24612854
783771891186147328
128906168
44864257
1045079862644547584
730437321733111808
751858596086845440
243354786
747956015774244865
462341019
28668018
51869131
762985135557967872
2548425156
780509502403731460
35920760
93544843
14053355
65533
629983
17503069
2780865228
3041191
49722441
15209648
869065291476725760
315391695
46315413
22
3946301
51627206
1080772901681356800
1019427161772396544
2826309879
66950277
82467998
3302877383
37591749
1098958704584638474
261034930
260059140
291765598
3235862039
2327410070
913494466568359937
400349833
285315905
548726167
886724760
14591604
3058771
15079737
21282673
212632603
228925627
4738317862
1104685669526335488
129339420
14139773
118989676
2399287802
142731803
1095105948182503424
302777155
3811368074
55206008
227928681
111838472
9953392
1049593211344363520
970665628750270464
5770452
14247442
732763
175594704
919742161
3180367712
1071571821592543232
18117814
140786389
193408450
633385022
901773635962195968
34698700
82321900
242134794
16465511
1480021321
15741563
745578761882640384
878680364
2344911372
172236234
182744327
103878711
182477687
1041149233510866944
1232969042
242281517
840757098
16329099
23127649
973233091413184512
1006743582
785924042314354693
727935030887120897
1004849747247747074
963172733306712065
783152971878047745
89016418
433898790
1912763791
866958515725713408
1024158722480734208
41895002
204570292
2573880420
311023860
207348194
2473138729
713940884
926893407980601345
15772978
1913345665
14541776
817988301420457984
55559224
969176287
7377862
36551886
2337389724
28351969
14157064
2526197838
201400938
2195392129
19068720
331769593
97097235
1019451660840644609
15953311
381281322
1345043875
41016497
471319801
1034340545106198528
22399212
936436493702144000
915227687660150784
1028594858787786752
131105531
1027079871678148608
418348808
526485204
22837156
1036837382069334017
1033549891761520640
253449166
28071888
6085902
2618846190
992576220725481472
193598596
939506035139547141
286548753
34324747
931790367199969281
4911518353
2789291
995880994258354176
14898461
985726479727120384
71762380
793351
10268042
110244676
35661167
2956929964
961714446002356224
22651735
7861842
3528644057
73241221
377594179
289483672
7340612
4467749174
3329856289
271753718
766676242611351553
96592544
14110325
1018586408867454976
908762978245156864
42691116
1023485161940443136
1023648132595425282
115254146
818098476
2556352897
5676102
15662351
63303159
1377882152
1003660257896402944
8692942
80480104
407946338
60760075
2175647936
56884542
781786
414350810
2756479056
3485892075
1598176802
8815922
74475118
19261800
109086082
1009853764323500032
19697289
72446237
388273208
554403406
3343554719
1859683130
998020807359156226
2688223291
1228181
17505251
197704257
116856931
1006576621124399104
2836738801
1247777906
2982256304
313083966
975994927611039744
9233842
3557691135
708850697165524992
849468618911907843
114017660
126526478
42821585
25312227
15178629
145527781
712589605627957248
3241060205
1209499525
881941146510938112
993160832178708480
4956001
965341776
179699159
5908252
2600479693
861675964216090625
53349828
143326456
629200206
104358108
4481067028
785520731660713984
1175616385
304164067
24478021
143185350
1423760509
2594174162
40971698
3124976812
748615879
16301542
145363200
31402798
297249751
431830695
16343912
44127741
707484470392332288
971234559890153472
607415567
858107360098889729
4712076260
3194864641
57977563
4351530312
2397965574
716713279146606592
2585192815
1094862913
975455200038105088
827541292221554688
703640640
82125436
74845075
862409140861194241
734058582
260891880
2469870438
1249673383
3295529346
94516124
171822100
779627
438753812
2238314905
14738568
158907678
21151390
108199469
35196048
189314574
177624376
17666138
537384805
249809561
17678044
2711809082
265076996
802267310660681728
722176392905895936
5483482
198615870
216193075
14164724
28863621
44553220
27093292
2191618363
970668586741084161
12687952
3034675706
3333538151
966222734467330048
280477264
105533433
16696636
1285812348
138966937
2328140636
739821696308285441
467680894
960923507466129409
786400462178177025
751073154303393792
489785019
244951585
1352549288
38088253
16695645
52868992
14248247
1737831
428058083
959127998409699328
796666787215667200
77337890
3167301
950530690424094720
954760147078758400
18206703
2136771
130787220
264436428
57504781
952609378795798529
890932741168136196
952862276712677376
7850112
18137449
454453435
430939356
24877257
165837734
948446552875520000
916385776996192256
14431173
896102591498776578
2738086314
941511448903213056
2203863819
37290907
2488749041
482746324
3005815580
748621770379321344
262804522
2453891772
18689607
38218575
53172703
911162538615820288
14984928
303300295
18337283
128361194
28580776
931608658659512320
74143
258032124
1620641965
62628733
226204003
783339470632484866
170718652
338707265
22107793
63819362
13
894719812366196736
19924413
13196662
7978932
6510972
1689418998
877522892090740741
15237619
920422761113276416
250282466
883178401149747202
702214495
70235386
62258125
2201716106
776738133518016512
15077191
915176605470855169
2873954194
539876556
2738020447
29112695
475922872
760708465786511360
3382491533
84822240
732227203929374720
547162208
785520336611586048
31350335
21942866
22545571
23138178
1898899188
39776651
334660979
89108994
1586645468
2773111
889988453827530754
15693746
2662225535
6052172
45788888
44291046
389468789
743634217297293312
2806000111
14325738
392762750
1477019234
2729061
66883055
27558636
734586149952454656
1477953828
4068707884
275567323
16562139
114744695
432019050
62623358
4834583360
753330730491449344
722532584190799874
889402770905853952
843477826913292289
853689722174005248
886135151260053504
1188951
865477152
808854232422121473
3230328776
303346902
710033401
12791752
178310729
216735143
3188116284
870899576579866624
152187124
9798452
220165520
6837342
5649
2425831
2927857526
786491
44106694
17005439
1966559904
988102339
179305666
15266199
45563099
257600962
719909300
268923861
1120250947
98059243
109184306
385663302
376825877
156124269
255128359
14222126
34019494
545625585
223671790
1547384077
8739902
438018881
14923397
3246421618
16460050
212990606
250174596
15782607
2892290399
818504641755381761
775787171944931328
787098414437675008
72471437
375122326
87906268
868347945715892224
111835534
864156914170683393
8004912
22773313
28231872
2720112158
23487777
24987895
853219505035784194
52158131
190906140
703205101
15896666
1373539004
851034408878559232
28032548
334246622
17465603
1699413122
29326989
847029954869112832
594421145
19212550
845232724617125889
802463811387015169
19841902
20865847
762144638
804461591957741568
839634301176070144
630517931
838778605698166784
4161288257
61530307
2777088840
724601877992726528
13611
1603173211
91320575
2414501557
809501237968326656
6725942
753755187345514496
3425160160
3065958274
816562266644611077
813850139882356736
2464080426
574309849
803230003651481602
325686439
742311641115549696
735408272707096576
4730809883
800834331921027073
17199995
76966092
795941001131163649
7488582
13773872
775704086159233024
233780424
764040947080499200
764808115367866368
15416259
2948479996
20192621
9611372
47350883
325403489
374098382
779584038889746432
2224114795
730497942801485824
517995561
490295967
14645160
3000401661
4642
40075209
4875487440
375273766
19049989
766285338528608256
760531143829688320
14360516
410492373
150621067
14802206
747519480784388096
21733355
761466246386839552
431420754
3017474493
3226347819
14093286
34895938
28110069
755474197082546176
600803189
39294566
14945367
599284756
748906439691759617
11809372
794288
15769372
14585205
3576561
121704560
744400480483188736
248699894
319169458
40498542
1468861788
56409421
122141282
5443332
1533324444
222750011
886708759
17213939
739080235015122944
37975275
1790831
325737446
53687449
330823667
3150827154
175840941
19596063
149246495
18941245
112406475
55490061
17429871
3200158244
120001222
15791604
2268630533
3649181
17202519
36817916
3988598853
314765338
731564618246725632
706089065184108545
61209196
188498839
729422451327815680
729328582544121856
771470
131177320
77933132
3242776070
728073742199316480
11092282
703993574225006592
2340552697
2530495716
35121912
2910652490
12486322
4861919665
2481654866
66291510
3318200353
61479041
199664730
138821196
2265207757
19939845
4874289952
9610222
1394531923
317858863
3004102703
1010752585
93320617
768867139
91331015
20236781
1384939404
112226987
1132583654
93920255
50559156
771585
752198053
4833354028
1880820378
703144149894066176
15955121
81575887
620794756
16519220
584673330
3294256128
16331539
21936691
1891540123
15355561
1895012264
3300625809
73170637
262748815
35816485
300471596
14847176
190934284
10784462
14434947
3894281
56823695
223044036
137392810
28301528
2397921684
14650877
82607998
2884620350
302284145
98745280
244925283
16478642
285370024
2586860708
98815618
11882292
23892565
2930447100
57742502
16359502
415138119
54287355
2262084043
6414562
608161934
4833333143
77813014
29710616
4806017117
589881546
2742021985
39952775
109387632
4151822825
93434375
17518412
9714232
3290261356
3551179934
4549493675
10232022
3222410820
15347596
164533049
3140829144
107740408
107471115
3696590542
201262607
704196260
14828888
2375404134
171844064
1998691
15005347
10325302
697893
3963767534
1935706704
113646008
14816103
3905998117
2800780073
17407196
716493889
59036562
175097303
101273027
1205884376
15881746
2901784495
20563046
560074084
246800845
1858201686
306715105
168429466
3401762715
3369460079
586586969
3186782886
2247275598
487623589
1690731
3387559761
768870
2291377286
104616026
3380973898
42724943
3313708936
1425445424
18983897
7317072
18302437
3303713379
449451889
350289481
9470732
1534020865
14928125
3106584658
2843173858
18121126
83188373
3120507657
163853677
792172561
23868962
38949398
50122858
15376576
373020327
16496157
76633
1713188785
10313032
21805972
417622957
345079522
838673862
2446931507
117528397
14452322
1710649668
69496707
2887810253
35848713
1380198374
1286116932
2179734534
159077651
30227740
2887997012
311899396
96179624
5973972
124036182
44900235
14226206
44104818
19750672
668033
6580202
271726105
14148308
1416857629
46654180
120451395
23429280
2167202316
2822354559
790444849
442210660
136883220
13970952
2838358228
1610703602
2830254912
509264761
424528180
14161722
15770165
497418650
13000292
88108409
196346524
2801064645
2848554423
23584962
265441874
14509080
42831440
288915923
49077206
25715570
17966777
17508703
14584629
94133565
600297900
18233747
2566421
2276111
62449855
21325333
261665936
19521279
14421746
1877714197
14336585
4922591
42741944
2866953709
2854828470
2821089556
15622871
14184671
266878321
2812291645
187184961
16450873
2458643239
2779469834
1642728337
97074139
1232850504
78371959
487741257
512728328
16537578
2798234112
2788883912
14137234
348215285
2586039739
248772956
2754759463
2752516297
19547958
2714398004
122860826
349449012
2707297735
6660002
20451081
715091507
102541100
1381038708
2575485504
15275777
597020272
2601910506
391467295
2317562359
2615813323
352333907
212437411
583039651
20419431
322998219
21034413
260582890
18888797
15077532
16347115
48038030
1428035659
1250203272
18179241
422135704
41668439
1002360092
996938910
2220292128
11385212
1170636272
227831314
223001897
163154809
768197780
30280453
68474000
167521718
215739497
747936996
142163480
123518102
31996813
14504859
236189248
219488584
319190726
27014466
20566499
27546319
14964620
10191332
981219097
11462212
318594338
34953
81002407
65052968
1384452044
291966254
135309308
68669602
995805672
9154112
151497921
54715826
263725732
2230216363
61072075
48103098
15393687
2277763242
898852310
1525669423
493528134
1875519415
14446089
516930319
26515604
19587559
45704375
287489570
81185366
1173647358
703748851
79178178
241840562
1591919857
1613870641
8253932
3945981
2176019383
9391642
2166966085
53973958
14722480
37280410
18907368
17721801
768378055
1323456060
1327645838
1372382972
1575867907
1599676458
299980652
17124131
36876872
15519021
1624153628
14964856
2157101
1603681056
266809629
21827225
14499809
447922252
15375238
17048048
428719184
1115374579
1362153415
28412082
14510426
108800160
1228965656
73210577
1418783725
25569214
952485967
1338918870
142886685
1363070036
165290994
983985678
121516548
202254918
1339307876
1329229902
398696860
48843
1114485228
5973352
768335606
1201371660
17475986
15717973
14902596
1160598210
1125974660
107807966
135961176
40720843
554730384
32559327
10106322
105800703
1115098002
22690038
499050840
9632392
17907299
19491005
16739711
15199325
15684843
190773853
51372794
222169337
725947399
841925708
94138491
167566966
494218395
288141062
369701824
944329878
737717107
20720688
756083
911418878
593418450
75183681
14235515
115931826
317372210
335455133
118156770
368530398
436882535
182101428
39281342
60880148
124336558
773869508
55641214
14294455
403901625
558731732
15224913
495197862
155787367
304973239
717510906
17736981
110586755
121837527
702116713
17009526
14449583
523027313
6521222
14683259
626182892
274761460
14806423
351059078
391755371
611842798
612999112
5167291
36388898
62633
162998586
96754761
17328508
225915841
14129373
585197727
15153333
370356158
24736901
237446906
222239662
82746374
580069594
411293930
206382301
16425672
14608922
285269109
11209042
127293727
101859945
116326532
565142397
22176952
26656865
41044925
520770025
20633392
288469550
33491496
14820978
16327427
17929443
15519752
57310896
16096916
164762580
14641392
18588604
443881429
169249029
537563356
159998052
746323
382708807
404146506
480067405
759694
187354174
16296551
16464746
95453332
18344422
369177167
14129576
19682566
14111434
473999323
137398585
403440128
517230216
91369081
17045039
185513038
501092354
17323497
371644462
244222109
263857777
495249586
44355843
744613
13729222
16820748
258900199
484139318
429798955
126712398
480995328
245589913
319312838
17639049
477400947
16151587
14233285
377549764
56929066
465734453
396170363
191298468
213833103
439218311
208214509
14716900
369478072
23075847
191217730
20173601
387713995
41857432
372654461
14713941
54505575
752673
24736261
28971254
310414964
385892141
12526112
24461416
903901
70845445
397791032
19918623
1019381
16347514
21396332
23965638
330624835
84234352
240447836
28919304
286817251
14362988
184659541
36947924
6506832
14672651
20939243
16130242
122401461
8655892
45615299
383872984
382493257
129537034
212847098
262441059
356021374
105841132
355360253
51234529
302772751
41648722
81842358
174729975
332210069
1635121
15241304
193736192
221610799
6366442
8407952
47230518
24379484
276819143
123975474
106502456
17494010
28889460
26256573
16725416
18611923
12025002
202236256
294135056
242761889
46016732
291327709
94412979
297507496
106113764
113127099
23703410
14882705
100828166
28599820
270414854
292732824
8072912
21771952
270527418
288650223
212103856
287297566
246072681
15754309
19269183
95093861
283738444
147678012
263450469
264032517
14611336
190806793
279793010
237958122
11899782
277344126
16832632
274632397
14687182
46764631
82724693
19523753
266108355
31150877
266846401
7498162
254636066
13475852
15366875
18307596
14227855
2633711
89845863
263355709
963481
14695816
65688441
185708663
25919258
233746033
147365574
76840708
224098692
25781141
253342680
41363507
251669133
3219
184443591
16418654
221427169
15526795
17022537
221793778
22831059
240613989
18170310
14546690
22509548
17032054
203377975
18731529
118788168
242261379
14246001
16374168
241426951
19350236
140928543
5996132
96602314
1626161
74390465
226005899
39079406
116474864
74334679
193406272
16629256
35011771
14351053
11292602
4884291
7753992
221122833
19659031
16148602
112914417
18027754
210233556
6650462
199822106
180196540
17999296
8224682
201808934
14958919
16463562
24409779
130645379
5465562
21028778
7955842
161669497
17331589
1527091
818591
19837303
76855995
11091402
159301459
159766893
35168125
107477012
119607875
142016636
151939505
19909402
74190922
19256595
22476800
6299992
14711268
86391950
20751318
21862217
116144439
32810447
37938693
15665019
48826136
15393304
15432750
78417505
17119699
16364788
14312099
104897373
37027131
15507545
89851400
6060932
29482556
77241751
658643
43639369
23813634
22446647
19128661
82363
40275420
35149266
14607828
49004927
46841768
17596478
16907473
15455240
46747489
17717084
10470
23224543
26565152
44556072
16317603
22530626
17940499
14639629
42464016
768783
22857071
16381663
41672844
26778367
39898894
36782358
22650870
21875198
17078632
5908622
686993
15402475
16071123
31488879
3667221
15163126
18279169
15256810
759713
15684838
13130412
6053842
14637609
22380829
31030273
33939302
14989284
21104301
15243116
