2680758350
574404573
1238867369008582656
279543445
772900900411154433
1241216470132146176
1226482829841879041
1204789364120641536
152044607
1184539395862466560
118674790
19363028
70631526
2168590914
3134511674
351927492
89650159
1239638118665457670
31238219
128186268
3113786097
50938151
128154301
1098285103
400147857
89506797
1234509509349036033
1015499938036404224
213423192
14123330
1229632393402880000
3387071
865160954
1152291552062038022
51790773
35411013
912626431112339458
103023146
117495828
1097362550
835996764
93797943
89807165
14161554
1129026570289598471
2352121
1093594976351604736
2345651826
330859844
92823619
1235169244687544320
12814562
380003288
1209624425521385473
753374146722164736
2347868803
1167123175672410112
46134325
586230892
1022194187460984832
2218292204
1155552836459085824
70600470
950832235
12530452
188487403
935807910
59926552
1621503044
156204842
58017706
1640449027
154636109
4591862799
986936023727849474
83636128
56619104
44470729
905212430115946496
286819419
521769198
33702441
143854418
162034177
264374958
134282489
1236025978704576513
193004510
405650919
160970683
825380936464420868
111908651
1051566401062928384
404718106
1120138908
1138469511630401544
1716476756
505395247
964225392688033792
225543340
1195000384470667265
1222987052523782145
29556428
1920954410
1052391
93244326
201120540
3027367372
1229366406967246848
1037996126711021568
113268930
2976595450
2815665329
2575278036
812863400199847936
53353202
144794031
394306377
927178908
9334212
1573084832
50113441
2816897689
196764620
940927666265513984
15981533
246416840
226390248
14934389
917405209579655169
61572717
86406068
281246016
2991792054
756985
1061903919222321152
155868556
1009490806548262912
1224373285724442635
270018971
3014369394
164389693
35539209
1148951682
1083326686245064704
61171056
117519025
4099407197
90977347
8223662
14697909
14305619
313868631
283601538
981277718573670401
4782601
355023430
256900512
1082722392663908356
733563392
46174573
50588269
204245558
15177919
937690512122884096
15004560
16551979
239378890
64608368
62135964
347488218
15234678
27899548
12316
18308809
22881123
3121429744
326654147
41774135
808618286644658176
2451737431
18657077
768870
259784449
6417622
104583349
15171615
329656576
1167185879586299904
1189251211855314944
46027761
891391272715517952
10794662
14572270
111147511
22751961
137507020
1209146973233860608
4622401
1025991
4781026453
14541776
9462812
1215097107994021888
3795873387
3383762481
710115712170270720
327779505
988472005803565056
1430585155
1216606340463783937
957127118294519809
1185993485750587395
18291581
72794830
1216390528717283330
14731218
553244141
16638816
2810968542
938877395511250944
2455837914
137281533
71980713
2382469310
19346428
217021946
1088965656433721344
23536039
1121166310094909446
298438140
179863579
116569312
84062834
53752463
3580286237
717544535371460608
970790441024094208
23592682
2240176170
147723848
219488584
436165664
1641021698
261059361
312576137
896510022
29923542
19686482
5682242
14244862
700560219844153344
1097499762809556992
1454266386
2912694513
1171777776573198337
1209633525282082816
7200752
1544219394
721182595
958487202962472960
1084709393877352448
1254723332
50286290
11297362
3045053475
25872916
15347228
5701512
409822685
1080532056705323008
3596269997
14778397
1204591718621835264
1173999509564776449
17355865
301147719
4267952182
14366149
978729660933726210
276008025
1108721102841356289
7969342
9866582
716523857121816576
471924985
50189269
1202116446995853312
4756165758
86240381
1134561308232364033
465879001
927134636408541184
54440793
2372510162
17207451
14504040
14785423
1966475286
108580151
2880056154
3512557336
910936280
17783176
2582234222
808443470
1195298739524534272
42202786
129517510
19467875
2445350389
4214366653
1074941955132387328
239093261
402798291
42425069
1249653888
262594741
819782364322594816
320263087
888400645216129024
1171790856853962754
314466066
45174236
1194985704692101121
1057575787346477057
3927353729
26685390
50372368
2188536864
866916391147851776
4360821614
30165588
240829876
996103703701671938
1068240425062817792
1147938717476249601
7331172
17096142
723565590
252869514
86282892
1052436183282737152
5547902
46434769
1115715083735187456
1139482306643746822
3596936122
636944846
1068610000019513345
761571301
1216620834
715612091
18717097
30220083
1130387346833022982
19933191
71216563
1073627929
1664819528
14816701
904362229
2983130752
148333419
1188799710389256192
32882136
573888196
24075454
1739395051
17426039
2855676301
3060296542
9885102
606285334
17965292
6697972
7630692
424297431
48166977
1170194437282127872
22327316
3266089872
82956123
23806061
726356631760572417
1182519883734700032
18104870
182956752
950837328091729920
15413949
1014244758556958721
3142412482
47625896
382390514
1166608298977767425
3101805413
41968732
819180480
871652364
695578260609114112
799013026657685506
1545751
813934789807833089
1183556424091222016
472072816
105822968
1737011
1143136859863887873
28265107
364468182
4814660326
186662038
323682465
325855606
2995443296
108512211
273596347
162868960
76223486
817354526751473664
378234341
872455250250170370
1103305055376236544
117275018
993827679676739584
1153133150513618944
58436373
978952577323708417
707024399686193152
941017355399729152
1095048539875524608
99006221
90937144
1402369795
3059285824
1175385450904555520
1070418203405418496
1136993722170773505
894057794
847881143483543552
1099961475760820224
2838269863
1221963552
22886553
1176606112520581120
3312334914
15689747
1141383618511671298
469222309
1155872489555341313
4215909255
1175735241689972742
107022949
1075272380128350208
14333581
125792350
2347773326
1174759887622086657
19549035
490485465
40750511
9391642
1082595944783405057
83438083
15612251
2403544216
143177475
85176110
1172205352370233350
155068238
1028578811124822016
1157142945063006208
882862693266317313
784413735649677312
275029650
107822071
18034566
178252177
22083056
37387919
18288464
1149851486668505088
973614368117018624
656383
273502031
1118573027304853504
859455064301285378
861267746918674434
42200558
1170501279019175936
1067213318274908160
1169606089635184640
433713863
364368248
4320964894
2371538100
12436622
257469626
161019289
828720092405911553
1131195510
1166260973247893505
1167755913723359232
14882705
332300381
5863092
107705726
61642028
983917611149938688
12806052
3841106895
73430976
232759236
1391907750
1126276543939063808
356387555
1147668206909304833
161324205
51889696
1038961507181023232
585050661
157708222
3185002790
2897234683
10988522
342693528
430644703
89766816
154137798
1136165241996304384
2817375511
4502282357
1084447430
3031805070
65607306
1629437900
2294927894
175881647
2824555206
106075844
4468171
609415225
7992882
512159093
2383642997
373597859
789827684
548601592
13235832
1131637372523831296
27819723
236296665
3224991331
2552863814
1351627488
3241369574
18811351
174695603
826271685489762305
976274128482205696
850398833766957057
15366733
3876865408
1141062171843055616
1339354699
266666927
1090653908144402437
887257803555000320
14405017
1162879502067933184
107330350
1077424214
36946358
2322043757
1101192678543380480
2532941502
1146833268995710976
3369420800
862831980177575936
750746769823191040
9609702
2731055016
4854401703
969322358317240320
12705482
2357329778
4614162846
87679835
149265113
2231621136
1454984520
66931539
398950395
331788062
4184147592
37952942
135637260
35177994
56134869
871008143756582913
736672624420519936
889171232540774401
2955500627
878506939008679936
916028207022903296
1151257530389204992
211511416
895857055
721588970
981943484298006529
1649260861
721687491674300416
348717012
14951612
1036863199331708928
14343133
720832656
72612189
928068531916218368
625985603
18604460
552148139
72828612
14558020
51268429
9509532
14065217
788596879454068740
968747286791688192
94117031
900157671906488320
925901887261437952
15148639
1154080126663122944
462551660
849039052095594497
15504121
783691430229311488
87886784
263263710
2261004456
133359130
1151787087001280512
64696058
1155034517196955648
249116945
589725037
8127822
2916634652
1473888181
1127613643934269441
463192777
1064672169634934784
3305797792
982126071402266624
380313366
959381846
11546132
1153134238579023873
2328571297
300479107
276366009
1244613096
13097242
1054846755429244928
13245382
268611440
1637334481
43470772
917488567
129377677
4175116233
2550828770
117127117
817970300650274816
35475800
730135146356215809
2629815339
27564211
55815422
14963184
58174056
889807750649323521
82658300
17822760
738471015303532544
354528924
14515624
863928685
28637946
34889433
17537004
369396634
1053073753217908736
921818621030162439
144322205
226501989
625786339
1088014917888823296
64682825
419877744
16186564
4064982374
231888711
3951347595
1140429386476400640
14321568
86908659
20900945
11738422
17452614
19826717
102161699
18478038
129293611
50945356
683993
4064286323
5462062
957593723080032256
3253968129
1069930020699865089
41567650
1092853843770175488
783031705
178299284
1470133556
19095144
14816083
5973972
1126476188
275440121
102720893
826783995232927744
2234494071
269730668
787670338138177536
360343956
421644540
2567281658
1106877114601689089
1725324462
1014472445380780033
587761670
1077861319510876160
792203320962068481
18922981
1113009097945833474
213578753
264257109
2743387825
16456163
1413793638
2475521587
15362577
575163842
1131433047428128768
782894285863677973
1286521794
159211369
104699470
20422729
143100026
10189332
624387324
353861767
736936561
3260613752
187278408
4825483863
1141150508406775808
717783264
53253
17107634
27378953
6256882
216490865
3060836348
75125294
491013718
1127298045534588928
82018451
13629432
197158879
2789208758
34607104
1535652301
126612269
44558759
58849055
222909206
2287363454
18898708
1134602017316491269
2636865904
288713684
17837561
69858763
4799194998
436151277
1132392828246659074
14525424
15672198
21008301
14664760
1066995433329868800
826415175989391360
7626302
86875208
3307880540
65380425
139754777
1135180545489588227
322334092
35043251
726634776237461504
1130398269887176704
707399786
199823912
14724533
20900329
1134071935183261696
532984543
1105153975320526850
1132803694330880001
137274529
14772956
1120930520882221057
6507302
758588466271617024
1132677804074721286
939207175603449857
1134603789133127691
1129206095522570240
285295004
44791621
3064540936
53986971
528283942
353531745
3410842864
16901634
14073560
213402791
154443761
56933504
94761594
6829732
1129479219203989505
121512953
1069919386302103553
480087443
1305676308
15355316
739271654920978432
436253270
475866748
6851372
1091040193
1829345701
963243294791782400
3384219653
22246130
15297153
278109279
73705954
50969058
21181654
55530558
90208576
729623
1130541562474180613
4923173954
1477711496
2189754482
54341186
700693440632205313
1951530067
15749670
54569034
1130809456382664709
840479486089019392
15568900
2224256146
18255054
9587042
115311127
141858228
4331697634
50216051
327614909
996693423884300288
115147066
188674560
83198945
3284070756
1126919229134053376
1129867997865271296
452104880
68459944
191831068
33653611
14441860
3185061
38877276
77105545
53393342
10243242
616329127
1098227791613644800
15799374
217942080
1591322989
61146940
151163069
2543178203
2728372527
169505740
779341926453563393
64805842
133447503
54032907
906918505366335488
760405493168955393
3065997863
1749311
360512961
800221693
4331838453
992609726042173440
326288097
889825706
190967190
246393964
659393
1056535607659413509
170923307
753552040199094272
34919908
2910993558
376830676
18231129
32003396
36262258
222186902
1126610356321886210
3949202362
45386819
15772495
993269161634578432
2903357295
5913912
6758192
1126573581402554369
1725399738
227366968
1117525208
182083051
236877806
16302665
1037077955489550337
204356184
18917564
1012483471
1101244435
292670084
107109411
1503494010
2903812140
885147090460053505
240883644
47852128
20345716
823615
204217929
20648488
99426992
16580294
1118533799757873154
11895
524346043
237293113
911398692636282880
19260808
24957062
219758089
17789045
338821447
1103901
1107827772288700416
1101413278876610560
15534230
1123661151735308288
16829516
1080177712193507331
16734023
17064538
164623
212632603
2861988257
2425322425
38154550
29824178
11274112
2952405166
10626512
14170770
3680791
1122295454165864449
1226470117
17538244
55695175
27576405
3314847989
288666095
383977318
1337518398
3287546748
2922106557
380491301
28946770
594489044
1106913181816029185
330671005
177707939
95370772
123950596
25373256
118808209
2195279451
528854135
107228290
159417597
102627198
286207701
920783727910891520
937758776349863937
494647469
18773541
860432491
333321970
15498124
408566119
30838463
2168
22121676
2952504948
371322356
28530512
33527449
105218320
4856478409
111673162
25489060
23538480
11425792
1035753548221308928
1095417318
29567394
16962915
157971739
3200008757
31355134
44674001
26702071
245525794
202135382
902514836
26702926
567794882
357639760
109050801
431432943
277134873
356932913
2456569842
23665890
330547546
949300812
2872897828
3831176705
77963222
35925148
960563855108734976
87501589
1115644029226479616
15710844
473386965
72502874
9284062
576535497
360550951
4461845669
360126556
30883510
139764520
2837985609
998562224640847872
2320622126
175706393
392418342
128838608
13941702
28773901
1032312858804019200
915718124153872385
5718942
3103450400
262762865
3252650057
20351550
1111747796686815232
2397984907
1860615380
346712890
60263011
185872215
220418464
32311103
753190654491131904
827819413051150336
2919901578
970358657694216246
385197507
165190779
203112714
1209508160
229405633
11196502
4808456116
300774476
14473073
399961305
518824398
189758527
274938382
83246302
23758690
2288394510
1059366291323138048
15197938
198214766
69542413
123087360
38904050
464867261
22047953
1011675576166440961
5417852
1106601692139847682
17772686
350246108
13187822
121483860
104674844
174589113
2192209504
15564127
1090895688442015745
565472748
240757816
105195921
1564132892
22247123
3937720216
1560050624
174094954
191973
153334406
57076661
508493022
24313912
35725926
1891739941
934379468063498242
1218489091
17136564
15994068
114762586
2542794706
14069874
727170583377678336
261222103
711303124569485313
1101830894413737984
2896514525
38717115
1088973161968865282
5965992
500903399
977683304
1057102101426257920
37391190
78312009
95958377
130527911
44707835
1022624395708137473
824703130789146625
54315079
270237312
4207056793
1040043803678105606
1098310895678021632
184906480
821753743544827904
2299917631
48093492
146450177
860494610807869441
229788455
73779849
47116836
8038732
52804593
781245875884429312
712971299090481156
802415
14205594
14566379
264228291
29678151
276958669
29749989
52365962
8592732
7178502
113415723
1090685829209567232
714908892
333617703
937764830072762368
979081380696023040
20113971
874755748525486080
273190110
475584305
312270808
103524892
7171702
2160865338
14481940
612543878
345041995
93588043
2547412918
2917008239
18337700
15041407
1013384258143051777
123646449
937101424210710531
993154374208819200
79454416
192934379
3267050610
1672060778
320983153
251988018
43805569
470144110
281532725
3238195609
465748048
1019341686219116544
4928259562
334821165
2821320484
40419206
22999271
67338503
99320231
248922170
312920343
811649
105405166
16920358
214073
35078308
949650347110395905
19822759
27789148
7181342
33486430
20212407
2153406957
1444791494
16307863
2842060772
6776922
4735965167
14813071
1093168860172337159
18267111
6977272
484675900
166667340
17814727
526485204
3224063099
475399977
705330458842701824
120242706
121724948
15119662
15397636
17363218
3170301
243817157
1695191582
994639060143656964
18975723
60760075
1927667402
978941110218317824
2254315993
16058280
48184627
162424023
433443705
990302450841260033
738802555
1052129708274577410
2226342902
2981010834
1147619443
464241437
372709413
2972069349
237894821
154386272
206333531
195062040
19063068
774575
36362120
229137721
19639955
19120430
906601541590814722
1054762789955223553
44670815
26758363
1084045094519562242
499658914
2351468094
1085278804644429839
84305683
4017264792
248675866
94602573
253890669
137249432
1085895424966381568
1238971100
2375818562
135210389
104205202
12938612
16996308
1062484787594698753
1937754188
34952760
51848919
26869615
2592011827
1330187418
153828535
2846301
146425220
228499219
16167568
106048115
2474519773
78188781
101771305
108655697
15052909
1044578112
30252339
110730064
8939772
297645155
1070179228841259009
770797550
18088152
14210367
1067283048
20654807
46021228
771762266
25314937
34987747
18240547
1580507083
6296522
60923750
14656424
244362594
390593115
16468043
1229267196
14115566
331262055
2312002937
15161746
2548426164
50923807
278377000
28154309
2322141703
51033497
875844416
14094468
207739654
18112013
289556378
48247965
2607784988
197753972
18187569
54899413
105899866
963195632193175552
77423098
43859640
3404884084
17814833
77306211
15659403
1682844176
545003849
13029622
36093693
165263694
66244831
62801092
366546950
132583766
735489042
19077259
53841728
74188930
2850014472
914512950106435584
316355674
3129600429
32935484
85657537
16316183
103599668
114919308
595722259
60674120
3375218719
31429996
2496325052
283201871
791283703
1014225446
454232717
174386226
471681494
171424895
402536444
119140538
73690530
75090159
775627268
3396902904
15054975
15925663
63917090
15890501
923591677335556097
93451567
77200549
73919215
77739069
132414749
23519579
46121235
48529642
4526791
261986843
1040321335392497665
2756967333
117851977
10100882
132367158
81845336
611519946
33341446
48591206
30405490
1027452124089778177
362828110
2691127848
1023140699561238529
1399690844
14919781
344809285
872223105518796800
14472259
23794732
13065812
18247521
136785428
1066988239427461120
14657243
9481562
17689627
3462261
21153251
861635704467722241
131126827
63992478
932281953742704641
15306127
87294104
17452621
23511717
2549323591
794922872242311169
544016489
32422725
132466130
77293
2289965725
94205766
57732021
14344194
90709428
817880
44587497
18764318
273055203
501770141
113439913
991374091511844865
741929407560966144
222583637
38625174
11313212
6594192
1336275631
1100255204
11248192
48285663
38015264
2295308850
18432029
186531036
472853011
22527820
16638726
405078113
1381667708
10400022
14388751
181427567
280657127
846644643467026432
418798874
105197846
18529484
299305648
2833601
23313814
12624962
26458967
260432037
938551283224428544
98218628
723181538
173955895
69874181
15839977
198802644
1434467688
554445728
23419277
108108392
4506572654
76629305
26507958
5691762
301565543
280232230
2821364614
2439082687
57392876
913221003576094720
94086433
15068047
2941299501
267545566
392336831
466872711
878006950432301057
15429913
1066504991437807616
365660331
736840023794810880
943090720583421953
17257812
2382281029
14593576
850419180289613824
24060627
16104112
5796752
556660788
19742731
206398602
487543692
856616586232430593
17058778
581489951
252647166
13800042
862904090
218677706
235163374
259899456
39449480
1024664054906933249
180040903
947513816245592064
121513208
67804750
27839299
881677259404345344
1075652801701793792
758017064946761728
155984540
64171513
41086468
13895242
47350584
150620568
902344488881983492
45598185
166809034
515206451
2485914139
2893254696
16199845
14888109
2704613772
1617418004
31099666
1050431
1062443042
49287454
334955469
14293328
416861589
48838943
5674722
304809708
16220976
328159292
219955074
1966901077
1070036846250471424
21638915
2804300154
1070320622864089088
1070309798476959744
16670131
268940970
1070043899362729984
3437707937
1070049482883194880
228417119
249242199
598344780
949924082304270342
344601028
39357495
142081335
595645533
1544275038
16312974
1620933619
64732266
123238672
867624789346668544
102334275
259328745
176724026
12614742
21621562
884117471933874176
183833750
1067165515100106755
315906583
2987863588
42103080
15436161
715527321516683264
914434825930575877
988157604
441565461
122543503
92930574
42848152
14296308
363051434
213323300
192043453
60899871
42190738
29787490
1057559278410706944
164986276
928621756721565696
3228647204
224806156
199026672
1058823790539538436
14567381
7078572
9701422
2451257888
558121283
1665671514
59129547
89955016
2165010085
1232533164
124761691
11423042
2241693901
154627924
64455083
991169199950053376
341117290
28046198
1059267886408220672
93587404
305139080
230771535
1061806863660941312
502892004
2757371984
26938719
1061810818700853248
141367398
3121262999
2668871
1060324221912440832
84878559
2273107466
712351117653512192
102090885
116628243
3277227368
728144271346311168
1007087981780299776
2172304020
98753025
2370501180
21857107
54733465
147837726
962580492032794625
17991352
18943333
720144030265446400
431127373
258836451
545853747
4863529585
218308156
2260836218
143206680
190690379
719436633066504192
861466800919203841
2673923562
18596495
729964657096597504
63054750
31524744
1010804636897472512
934693603506450432
259380437
2455390525
378756939
1043600735785701376
20038820
31202887
100768596
14873056
940120147540434945
191714329
114758167
825720046722875392
121080247
170243046
889838610282840064
163277898
66970696
3246227319
1055268416121159680
1254762127
18602988
3092408105
48356566
2272115041
11454572
1696248823
45645739
1712689070
4179030017
44015932
17955298
3108369027
149177237
19526303
741694633076346880
984627003297906688
60700003
958294586379653121
877551968
263600855
2560302655
450836082
724695680212709377
14061017
963616203955568640
19387971
2459927904
957962727913328641
992490865267478531
2191222296
37141866
58078935
301489298
870728813449289732
3232943582
2904378465
89445848
3878478855
26918001
600789151
1321960278
332503630
7445692
2282703433
16016084
815127698
293293497
840894199637643264
428559523
1470829196
824331320771878914
879191
902321011
706841657602396160
3861070161
80279042
14265763
14215067
24007929
1903966292
14121838
15830229
86817011
508685581
62197858
5844892
2535635137
2323131
929633679818854400
1044906260703969280
84064765
2463347059
1044789780305899520
3133670966
17417171
382241875
148459376
831871730
212537881
1697769560
15412875
60412911
2253672644
537327307
91886456
2873623293
1157858503
72831122
1040448417812512769
802354
85868154
59246419
442959106
488378460
1887724088
220443654
1035990972600123392
262983193
502151967
3622162581
27062602
1198322046
105920551
367374097
592020816
1006458697541931008
20202544
19245990
1650362688
288328373
3230055801
17134254
788822058348060673
1027226792426389505
768843489404747776
15174932
772016922
8942382
27984436
1029309068165431302
786414367747084288
145677232
19479109
1023249486586544130
2868884404
24358960
2871485014
1002274455576428544
19575257
1914171
510659981
16251002
13882082
14223222
16125527
249247936
265953
23336254
851430115
991481321666039808
1074899342
62625508
14145409
215789787
444131405
14264560
19175718
1181291
75954193
4447007473
1004489096
131113286
14888571
13993962
2860535254
17796491
23634130
35133148
185632154
98965420
3507295523
15735507
30620663
216727067
902037804388982784
3919196957
3731907555
14124289
4838042896
8660312
102882177
4389831
21961473
768844727538032640
1024629258344427525
15200015
301857714
949590782
1394548280
904610959
1020761567527391232
218780896
14542025
157387378
14050728
17735174
911680808762724352
7045142
6226192
716955346158399488
104590107
1421726809
95208974
88465741
912534330983026688
949263370909356035
1363147201
15664858
15427131
18634321
837701062618411008
36155794
934442161793220608
171373531
18638888
17904051
1016044151467634688
121224818
284289504
21902337
15912671
48197021
14649665
1003660257896402944
897449553896624128
36846894
43361083
1240841348
188992157
593004098
828313378544304129
4733141857
864610626567643136
215512259
434757012
986367790763401216
1000441211260256257
34433422
15071318
14402749
181495955
451037412
8033832
344546781
177250777
4872990236
947815969
21663209
2716170472
2576995106
107307337
18167137
535950560
942770311639965697
1004400289313521664
3689392877
330300487
1418301674
3822069137
52944917
133018256
18531491
212618006
24039261
66370229
552445541
2514207884
3115199530
204531932
48947582
192810625
130896114
1081749746
40929930
44802541
266259036
978179352608280576
25475383
243072901
80783569
11263292
794308721463562240
122028611
35818070
61869169
863326710
234624720
3675067453
1611931838
5929252
14154998
591927379
20630129
166576196
232492541
2718119131
4496441607
20138080
16633676
16309264
550493109
1325349350
4161310818
953463687246790656
755268
15041789
16989927
105498262
9786552
4886318950
2581526838
312881016
849515847672639489
63729822
676363
4829901
83652877
22122215
223784255
59644912
1470288691
874027656
267167055
999373894200020992
40975804
15562898
17926293
29591712
286108707
88760217
2246106925
998327268308082688
14321984
16115965
393056991
40138560
56834947
489427595
215379839
34321563
41138473
12597702
352498809
18204232
9804562
96579772
987804587238150144
2852425610
6447302
3662855378
626181652
15387262
9887162
19425146
2763944675
991367892477399040
7845292
1593100076
5516972
989163588878135296
66478616
22461800
17630239
2840767323
304881529
2981431
17402349
4324751
132694561
3139434814
53014926
2289397237
22579475
4927618108
789174467264077828
984039915401904128
856614892727554048
52312126
3226055606
24690628
954001
94247119
875822531726508033
16562139
3023008120
1331642197
935924126752976896
946062560230551552
151632665
817738176
9135742
21887074
431994641
19267830
38433670
16753226
756621
381407180
373584972
56596984
796481481451261953
937687584867864577
5610072
972421522311741440
24477419
16872076
636739862
244155643
772076964849061888
19849412
403380006
754116251174055936
249458275
210319350
14822242
141120086
17050488
358353503
57367121
14273282
299932017
760776799
15335300
15714595
909141120847876096
581571540
33108499
396214728
15632649
22136863
18706550
97114171
68793295
19354282
97148339
6162
883228129665351680
721322978311598080
25678303
83416302
1610060696
24932945
879625430508204032
130523890
16171758
19638674
2884332350
1085393384
16555592
2269087106
28346366
23316795
848975063277809668
16624840
938881759
7555262
14283186
14292941
278061788
20773394
75179110
1959121130
61155602
1159442503
17196120
954491266355613696
60892839
795361975312195584
2613792114
714345607947636736
181853199
19540528
3036329200
169976767
85615623
48887637
949659652215705600
6150242
2244578772
400997333
720973273
2398013898
3301796372
245942173
40735545
755794577613787140
247451477
938518742933352448
502691994
2887687630
929421320365932545
958141045
3222833269
89276193
288999876
206266900
900369714
14266839
124993147
1852553154
4197131
14262029
47816573
22134091
33465631
7675672
135703590
1066151600
14086115
819780276209360896
1367767688
16402798
104260136
221514260
13518
65444206
1033416301
318565100
13235612
921625403936055297
903023966226268160
698483
2293860354
931044481352290304
922645699703042049
924742064507686912
70752036
929099837315928065
44897207
84558328
926263993391632384
20649339
779490387173842944
4193599059
922291840489017344
928165900880138240
703250627929878529
903803100665790464
3306924786
919369867928723458
911665618012835840
4148958498
84990731
453141985
9195412
13344202
71906095
13795782
171191796
2990800139
59614683
14086636
36995367
5972282
42643957
14626544
2798489101
22945637
14678924
1601790200
16205348
239133838
15045413
890452255
2869479547
62419873
872407203675820033
16063910
2180340467
95570886
16811339
11816472
921613594441027584
1189761481
804126555484000256
773225856600645632
8003132
61530307
907703448090632192
2600885485
30008264
2332835838
919344598107021312
139228314
2831699765
865399712647491584
4202251287
16707145
921420262838493184
19966241
766951044
903822379457052672
906378039168311296
180876463
918458440699269121
916066461000585218
849786294515503104
893232400054005760
352031585
917411394823376896
9520862
4438600576
43156220
253456495
15677361
1380622190
192386707
907195685245775872
909974259702910977
22477055
2557634838
381664030
895685965733281794
1017428432
14497891
79290568
261018647
2728657237
746122541597523968
40257064
905629454294241280
14226206
839994066314092544
230177047
23941495
458547677
80703
19790191
12708782
591289104
14297665
33524926
823816573332824064
423537080
903056760654761985
886594575338483712
8249862
1597249710
2450432070
19536396
75820786
1285658839
15163015
708954880933806081
3100344503
19552154
196477831
8407152
14200360
766506660194115584
26379044
896276921830576129
880958460858388480
3327588810
839068743313555456
958154761
892904135715987456
68103081
156082322
1929371954
6184622
473942525
22271508
92174384
267784628
382235855
891850702955266048
721363671624982528
1369305018
7384342
348087539
18818260
14187783
39109858
889609164888186880
233644569
806297
21039908
1621677049
513589104
19897629
16343430
14242706
9657992
128673049
24795115
897282475
14388078
225581432
753334439933902848
22110280
57479486
403426956
91177081
2885429099
144456837
15782607
57547297
247186337
50124536
383390540
9381512
11412902
36119194
1613642678
2482093610
57427164
217381167
117278501
824039958457434112
1345454113
721863060114116608
15767097
87559451
31170081
724890457747165184
19638289
14417034
18100961
2888022350
10936712
68704471
2588620322
215822029
16493367
782644533699850241
26250653
3662221
60212114
1521382033
3984642080
15095303
870421782267707392
15420480
3384588885
33923443
1000566408
845094642
2869125486
3256301227
612073999
555494047
404288333
2264725987
22120094
856141748996775936
837269217820950529
3392101504
989656094
151151308
847250906345226240
22210125
31204696
77323564
3280041349
16215661
10042902
911760128
2983593493
73220348
56884542
201522218
84364568
4867175643
16329099
89483328
65918731
16216798
8962282
4030833132
22035736
17014345
226993426
144559716
99800508
13332232
2170800488
13975302
53955984
735616994985140227
40526875
2644418021
55981836
724680087279300612
2376741302
3362971339
3804203714
844087785837527040
2992753411
5047701
1314051
70992350
840768823624110081
14873043
14407953
1132876218
407175927
836882611180032000
7082212
3755420532
2396497351
168738308
705153
827830794311786498
78247357
14164862
15062840
710434903
817817107714842624
829907493459546112
237413764
147550813
53919959
825409653454598145
15713240
135808827
17296646
25981099
22692212
196883385
17044220
90273483
24987895
801158282123603968
501120050
3331796638
565403997
2192945588
739884300980473857
88108409
18168397
2269588628
26957269
2156753630
7824462
797681400228913153
768092417895477253
17994310
15823636
1130723101
379103669
11078462
101921482
12128992
792852489875759105
754429375542624256
15728729
3110416142
16825418
14816130
2616097278
791338290641182720
77087624
28726080
14117880
789911403666833409
1411465590
4106249358
1571477054
189745391
728324287418011649
700681176
14945367
220069567
4088131828
154765656
21336788
16721670
891724027
292511030
1222377817
20596958
108036647
2491819189
14687423
4736058214
242845932
18134873
372340665
225124048
16123893
422871041
420557266
53641156
113142094
15971074
742622886817628160
12245062
18993135
263751522
58926052
272207245
460512830
308454616
778641682820718593
1049287556
802784815
14224979
1240601336
14624389
341226037
27530237
15015450
17740248
3648005299
3780264201
14341839
132999774
405897992
2984839173
53289753
1429148504
16305138
735118372631896065
2338171837
47350883
14348452
748276766
1064032543
12951352
717353986324631552
20696610
762068158450728960
79329477
1279892798
2308316975
1920966252
369791364
47323865
768803640157011972
1305940272
763476518802776069
2690891948
15774694
1057760869
712873400163762176
254873442
1493346746
189213655
263792919
13820922
14212659
177788470
102570045
20081632
219329428
4028220194
2327560616
2349095342
759687410338918400
15175793
15758623
134661691
3728671409
3689105905
149869985
115751131
2577114018
801712861
4422921
12281132
14452238
9077032
2925684486
38585860
745966883720007680
17052007
2230104438
2896133071
213119568
736247551133913088
11408202
1526157127
4175171
20115496
2853569661
40899595
18431686
14372681
3220803811
3816010100
19313831
733506587772391425
715220375622148097
3871843558
41178002
14667241
14249044
18136067
41833
59341538
378403110
21891218
732251985588584448
873380737
133018035
2810398899
705406475821125632
14837823
2149567292
717331917914243072
390743397
526049413
1850484768
143490689
2724420097
1081145246
17943698
410057933
1061616835
328203
83656341
726088824250462208
534913110
1071926941
4556491873
362074693
724582246649352197
7548972
3363040814
14462720
26041099
2745769464
18618275
18227996
717203308604166145
715583012247699456
9586032
313546512
695993682307186688
19832383
835155378
35806201
868932596
3222418475
1043107568
2821259693
18198997
5739392
2164690332
260597904
14260840
132837846
13404142
37144486
390239334
20083136
24831062
160194341
3246780898
342438867
8146022
14440594
44900235
82137558
17800194
29516060
512066764
271557317
98217920
1878440263
114611984
1181030863
4901246837
187737126
906271303
87882675
3386918242
325643974
199588114
22882670
4889321548
2403736109
47707747
4890234311
13083362
14238010
771676909
17180806
2856871390
20020589
3675920053
19338475
14830772
2963365588
4204556053
408912987
87556835
1215375414
12853342
2228165431
3938048897
25337234
41321404
135094026
16459579
615428607
14734356
820373
1968883592
4347084317
2575522190
1382925980
16985899
163599910
4180626554
38409197
15301646
1656315427
466868011
67738190
14639127
4252726411
2457154388
36284488
4534904180
2490903332
4502024180
7900242
14193957
95944299
90376831
25107402
1424161
49436500
609015892
15134307
95347396
30002917
547969083
37698492
1325369768
5625222
7073652
18687741
817564
238214965
1400301194
4328518456
180337525
4350873492
4051011074
14361975
3256961450
18913524
8094902
209184713
78968940
59085158
4142605992
69469511
3090920289
3327334967
3006535391
4121439793
3414300316
413822580
248872224
418379573
2500058114
27028163
2540278455
57666747
1339520305
53276218
17810599
15852497
34148121
1731871
1096135657
209047652
7862582
47774386
1425508644
2794911683
7097202
262484577
512926848
545604853
21336288
3948421276
3301337351
3392554677
3938831116
145620462
260808679
3282885931
16578359
24448708
2892794997
59807266
877992457
1861562977
3871395291
7150222
3171064658
37522835
380660738
16166358
8898642
19515536
1101447474
2496886651
3473337567
86153408
3696202096
218970613
3376603318
3264471840
14191961
164397633
60344721
951180583
1027262941
3229178700
111416485
3405870333
17966777
3252851667
16634305
3438124894
25221560
318884991
14185226
12916742
91946336
33959820
3313083930
3131102986
25555358
108235175
10672292
246673442
209651264
1957364688
1205673463
230786806
20038157
40333911
153998882
190633664
1646532438
236503492
3229986260
3242414498
234707375
49607086
16019412
2329527482
14215825
64172365
74706793
17639049
3282091039
14478573
3195467395
693703
3089158336
2992606255
2899314333
14421898
1368431108
121788417
338490286
17425633
9571572
14695816
3187056242
550643609
33794734
342459272
139169934
15077315
2098591
47314880
112487498
3248564046
50543799
18001417
1503322244
1317214746
381223731
14166535
99484927
470699108
2378723204
133341993
1486846981
1077011760
4807561
240205845
15071177
2653734282
24031455
104449048
1586383560
239123640
78741646
2891261245
347458982
380403326
57870444
10191332
297799119
16223195
2499318074
549501662
14709437
2533272041
12245742
1528444616
23651492
106978181
57408608
3196691268
96483337
23813710
505624877
3180940631
1342806296
18355664
541673788
275616920
15211879
2589622110
15146957
51297072
78402461
2586103771
15236749
7736942
20681204
241634480
26268654
83155519
577384171
1861112179
158445784
29951306
21631105
19100757
736153
1222788679
31402528
534946799
59979919
8866232
59911425
13773872
191014340
302754657
803473
132900875
16120736
454518932
607093
64005003
306497372
740920470
17200578
632167472
373707217
20352555
10767702
966991
313921534
87749652
64936302
18690928
2210286924
913200547
15373404
15338247
132233154
3122567805
17025041
183329704
454323537
91496333
45092182
1417092103
14528258
635013596
18027848
17050823
82992069
80577897
3121359767
29280574
76759179
15358333
14334385
16385118
66385218
16297895
465482284
40046728
2255745990
44647269
130226309
6192062
482677455
39825387
2341826354
15570803
48074390
24523087
106489746
48151970
15648633
2322059234
59100491
19685068
1026182467
43445285
19796335
227107812
147217258
225509260
1111660207
14675399
14297855
3061760635
356447127
3043200671
3060288196
35089909
2823725547
43523969
56486453
14306330
83388354
2359947662
1614751873
3014883399
201059958
23913906
135183414
80523
2974812364
2944068880
2373025141
2877316513
65803
1811458471
14466014
1850250979
10462172
78719776
2927108202
49231743
334179253
2864785600
784467
6035252
2393718854
9196982
66432490
27736192
159495112
526786409
118172970
2728677166
259785933
2889420702
256794034
18733741
353199587
14137772
325170587
6548592
287885970
34644660
818146
270870921
114399919
132287110
2414030258
14475559
10650562
73740347
19760274
3853751
25629453
14392095
15794866
33934499
1960990278
17061861
2468525089
14566795
450357047
28862294
886491
130963706
15061942
32205230
6938572
155904345
2557481588
2711914992
851530128
1452021786
227543470
15385234
14510710
2355036929
14845197
926344062
15695490
8392312
12435562
134425576
19205339
14023372
14022792
17801177
115265409
21539374
128871433
63527490
15544659
18344890
24284106
385006558
15664502
14781062
2502503156
55483309
14356844
2377199287
1005075608
13682312
16455419
155759716
210193709
14188391
9898392
1687437205
755572680
46113
15828516
298567315
85367596
94587600
322716548
17058501
206674043
55017690
14725428
192098815
25773720
82171841
749583
14079705
17056605
1660797229
2431822728
111320672
7934432
148253952
1465659204
14631642
167030937
9767032
16261507
110755082
13042012
181387072
7261892
14268006
9911802
83268766
2471480622
37708591
5465062
17397461
514918564
8482592
14345985
986554441
1310852304
7723482
13036132
9589602
43346092
75487565
18647824
106406095
28878517
1189372340
15220128
399370021
13247382
5553152
48785299
33468211
147140371
264481774
64710632
170814667
18094148
14281221
15434371
14192659
11303782
117386727
96220691
317389999
1979327029
78659477
12779052
17053134
2290198795
14914716
356930534
17356834
14673245
2233524800
6205402
54008603
604807820
557933634
16445616
13348
192899799
17609837
602367564
14836673
708093403
18168194
15641927
47016794
14230604
2208083953
14564062
14887946
14429330
14536524
385263
166095941
15649735
127935940
14586723
14121599
1578016110
88196219
555681182
5658792
92398060
14453057
79000815
148351573
147333803
17757889
24846521
5666852
946198657
26803375
15926485
1561608864
589579870
1674593665
18684144
1637859474
14081721
813402
14100497
10184132
377139166
199148889
22792511
9169942
6500702
10076322
14375294
16107645
374806099
16807224
9551792
139234811
1138959692
1445399744
14320158
35656967
15723305
80905225
194486279
170793777
20877047
97078635
1381826934
13137632
320792090
31693
17173207
25240992
17398187
78673
29092926
985897514
184064459
332328671
14761387
109755107
14715229
777766650
25729841
25994592
