14993466
414814288
1230776608065310720
1015520880804364288
1144301762330804225
8314612
791300
118133101
85805855
80881027
17628591
9769712
1223568834
10184292
1035676762380759040
1133337944012599296
1142047961779724288
285143508
14250469
23081953
1131195510
28552516
10313032
89490206
160830377
13096242
14069393
1135180545489588227
7861842
96179624
177760845
14806423
965638890307706881
385091505
16597587
256900512
7516232
17170196
8870242
22545571
110198955
2335363536
3167301
922943158434107392
953651186158260224
937715702
1093771226
102099663
255296017
19682566
81861899
2393719763
2973006897
16130949
4217023737
3227346389
1538841
2458698614
17488992
11547582
15662351
87914521
861702441569361920
280477264
862957554363645952
162321873
96435044
3380973898
4874289952
22227677
104616026
2753928441
23801344
23863969
18636447
3775651
8104532
905180649824280576
1548263610
5574792
272404407
1024382768367599616
872535841641345025
10399172
1149368565851496448
9720922
7340612
18241758
54008603
94133565
2278070497
2806000111
9723932
751377644202106881
409363641
49174192
14343133
413898659
1003051210499416064
269025522
12486322
1488383220
2296628186
1086590312615677953
3649181
40975804
153828535
14602130
793351
2459147202
382489438
14325738
23092438
10368692
71762380
1152388711100928002
1106592332902612992
17489926
901773635962195968
110244676
2690731844
16821279
166667340
428058083
6998432
12687172
6440602
15704940
455496919
804180963534237701
206157730
89610282
