134757795
70915412
15649735
150311157
66848987
1072501233968123910
87914521
123249720
1104350541260472320
253449166
256900512
11902442
14585205
872449766931800064
1222641804635447297
110198955
878296026452566016
912573125107359744
2371351873
153158056
17620009
1172248533115768840
1062011932880879616
225941207
860077068754800640
1081872397433794560
1149279723043917825
4338560956
1285702680
842135467764113408
2691005563
183579921
99465070
2602067167
1062654864600297472
1185231497789427712
928905356859854848
240589428
766541
1439713758
1189858182765699072
33585989
2223745777
923880020380176384
457004155
2266055574
43894811
871456043578122240
2450203874
15822638
216715242
2331867139
954034410
90461464
1573108141
2324956603
99598437
903498234
1139157627525578752
1058874707892682752
985325841465987073
184989827
1930787257
14341495
417103411
1169517957396848641
97030663
782678074672373760
943204136178380800
487623589
1161025583049953280
612474451
146287709
747783822
962517114
3178213894
284192166
17762416
12486322
780269180
1133519950428168193
1041113841214480385
3639920595
1136761879525765124
124115802
84094412
30250438
52104057
785548547362004994
1148106258
35230061
90863210
1055638070
1131928575245004800
4502781794
852434044537126912
1120650694644596737
25146103
155005569
3117708497
1041690135702589442
201314366
437809949
1571830082
198207201
3755188168
912788064082255873
1404280362
128374139
88431976
137477017
58375462
2728579706
73590781
543469552
229139871
2756479056
216735143
746906251
198410599
1077623138127474689
258697328
740119254264090624
51164205
2374255676
2664623197
892107690075443200
975272129255149568
263564826
16496930
3093798463
19411724
134566718
87412289
495859438
18186836
1943339184
40848770
372742337
1055054449788497923
1051855751730352128
1003616379264741376
745938196379369472
1045986072361136129
2759138064
161346857
1224771330
955369491847892992
1038027048353259520
15990035
287524666
752898587479121920
3189001238
1026302921313595392
873107477809684480
1031650526549757954
71762380
971872756282413056
849900596
843098472291209216
885337954717249536
1018162111611129861
1017414755986706435
299660898
114783797
92508131
4203314843
4826176802
822016507
2589969746
321478422
33453372
85302647
180095836
984159291635568640
835059474
3100588765
20688355
136190639
50486659
126425000
982627488
2595744403
3595439354
4725255521
758786754
983963740910563328
26105210
3296854501
976539006006644736
115339399
974290702917095430
972846656583483392
476087396
748109219728101376
14302602
409363641
286445412
1018573111
959127998409699328
751368833995268096
19014676
2841431580
79571979
955399354189139968
912373768021999616
951137934643814400
118338610
163012008
12706022
106997697
4867168439
942544632898080768
539656352
496430086
40845557
187977156
358326110
923552610988249088
1725928496
932898811625836545
923589640497401858
67011680
231845623
278063776
875349400930983937
2246308860
2841236267
877226157921497088
1262501018
1288593824
2895031964
892376954678235136
867341025454551040
3804659063
35875967
38180982
259848572
873162092819488769
873103962139901952
472832659
811991666999644161
705694059692736512
265979517
966838886
2289855493
36679399
864851817154449408
804470630
36457188
803234558502207490
22382785
200278362
140172478
4805571398
16244692
825300365692256256
769004223564361729
783010658933694464
820940988252352512
1308851923
372806711
102661351
15782703
27112513
126360941
750636595653578753
55128017
50504510
52598473
803661044157677568
479659763
4555727520
308789690
438437515
14420912
3824369241
876493080
14074707
242771706
150946939
3041622765
71230439
22463639
781214979194224640
195956504
114151701
786735373
782644503383412736
18448835
44410324
780364086970310656
69305574
771681593496891392
487357501
305901681
30729612
179859141
1572343015
457180380
56805505
743062510316756993
758984432443285504
728480737
11379862
40465511
53873400
751875512461627393
107471115
4340105667
743095260931346432
1868487181
2437272608
702902586056126465
871356836
718910384158208000
512048945
1260511266
2623269305
24752158
2509050824
3138046308
720743001723703296
424099728
2485993465
1281239473
849394351
4653571152
3398706617
86295436
2467658215
1421910019
286118888
2499235068
58430265
501219282
48882155
1974233137
4835224593
589077989
4886453174
2489681164
1935611414
30841465
52130716
19964912
65781589
3397667871
17940587
51164584
2661912331
69819418
77624428
327261227
131727163
1903431361
4065140123
4054128619
40239472
600303241
272745014
53388718
119694413
714535898
3811807277
3372331324
67262842
210925142
18726488
405049811
14262678
3003455115
211424366
37913564
594616680
3051116948
3406944567
49719051
2569152318
54018936
116851655
3298944321
2786328110
101280438
108436016
1074554173
62115778
2326963465
2952275940
3273512104
41445632
3130938635
3117712245
3131149702
2883468245
22907526
447381334
18450527
3001656585
82952699
46899136
2396453562
14821718
206876820
14815775
151538699
160476060
2887885034
68652328
68442845
18608756
45493707
17085813
520599240
176931101
125119873
1898305189
2811911018
2885457981
103549232
9123492
318515969
22121422
270427931
69559777
2889189956
2148312943
35046776
20838986
124203962
14160039
46566696
49096399
17960107
118680658
430860212
2838315649
155510497
252907811
273890006
230683835
2306735286
210198711
2743653637
47711644
905975738
2650962710
305490716
40829038
142923388
20874923
475056810
2520338245
547207522
213604938
46914483
19901517
502425610
463164376
843682712
2213823000
518496503
982956438
2326880810
27339743
82647786
29806698
1550048125
1545127160
36132287
156194000
282566381
2248459250
49921739
329823396
111872837
124457944
283454162
72713198
140743554
262794465
19654909
1878801188
116677832
120282935
86983250
1615257752
240839288
16084670
29290365
14598221
40025280
449200195
1148140052
550716001
47931955
95195944
68926574
41598925
173620082
22289298
10368692
1052507107
298759262
33451109
46493715
586020311
9193912
21409435
113647168
137596550
226773521
44327341
801743
233281305
15341627
32347444
27181842
9385792
988306446
22399963
416909756
52722878
40655158
