28328314
1238423067287867392
875348691674030080
40023909
2742098774
17047046
824422377442439168
1968716382
634409552
2240913758
22652645
160877807
13056062
25671394
184949908
3240521535
838879130
1030477865920458753
742639456080039936
1133741934852358145
18779156
871729382745927680
907664131
769299517434957824
1062454131720364033
42533416
204041202
135210800
954415397457063936
18326200
917405209579655169
21594615
102035138
291053113
2856932848
866157062
1389132409
709068805251723265
156078207
1086994125348634624
1195829914131415046
4339911
16345271
88936048
1171798769182097408
34223124
23446713
1178655955040505856
15229560
1184041588303024128
47917199
105761199
2798804447
1065133130049355778
135108807
4864594415
959035217469149186
121140906
21218422
634191743
989812355814100992
1107490011505557504
1153718395440914432
3826631597
14058200
30951879
1566336368
18376095
968381488852021249
12296972
73069706
11261982
21192026
132631349
93241327
185560373
18881614
867935920036528129
239291309
22668154
16882405
376684014
1034415977897844736
187571209
225236194
26207038
1433601674
190261638
22963112
2303021784
29393500
1356787957
250366919
3378805919
3314907107
40017884
9886092
733536950963994624
20309757
209600707
895552811030650880
337124515
897401617837953028
313681803
14387679
881292428132704257
1372025708
475706270
1121850858562621440
785438834
1128665038359810048
47897751
237018893
188405911
3377462469
176430271
131858444
287853714
15907846
301193675
709183659
60008753
115938897
831123936591171585
577427081
1318588657
323174342
22881332
171880441
186096225
267048051
2342245093
489773454
223272232
300857933
2609422667
793376542860546049
90833641
233170973
949412396501790722
18565851
4002445214
976760206003597312
1851689749
1069382472163565570
2885671481
944743304
1059519124483715074
1012692353247674369
2434107518
29691947
2724545262
10887232
30621675
29460483
1151537048
959067026139447296
2808577839
2551208653
1166726046
877616433609318400
6109542
12432262
245859512
768924216607461376
922349800686866433
2400261836
59079318
46299743
3428432883
929444383245643779
820231302154768386
3291612623
364298220
27495968
520750730
10383152
395511231
419710434
261143373
174304146
2309381
1585310641
17323179
976964451243929600
978643001869250560
2228818970
1027630699434586113
870165894663503873
1031055356888145920
748057779827519488
50226680
1001643616542978049
1000814755664150528
18539631
200122481
341522155
1001814311717752832
41208613
605697046
38821410
232635278
383145649
992427392802197504
239374405
1447538240
1007738036958920706
222765418
220291354
713004100850491392
7408952
466772600
1221421867
20685968
24421119
584101411
2413325431
25901650
4152371
19966119
36914965
19536668
2466224420
15286595
131503485
829690840067035136
793772
28333067
474034258
1637456210
14077727
953401434925666304
128045880
10255672
4436208917
28763451
2406793580
257958109
3364694416
761431672042557441
183858076
376660115
147730268
3308291576
920558460730671104
2919267654
910500930315063298
1343132275
849713561769320449
39724357
2517378480
170321891
397999477
743373472278142977
571008166
2270934290
559066281
47684958
518128358
64843021
60555736
104462518
961461860
310737043
4456981
51591949
2537721601
132874165
856957674793033728
132019080
1305940272
3223407511
827208222847049728
73177322
1068442104
143613614
1224320287
1632943975
16141969
267336425
838761720638287873
601369792
834344700907757570
409371427
13533512
761147570496245760
824271353582907392
3410806696
115248423
2368593176
798480658616254464
14251177
18814759
42762076
3109647939
2801353393
2906580051
1287439501
50286997
3391925555
725325661934485504
784309242991775744
3155859670
429737989
41100468
234391012
4028142161
42618286
304074960
1667874206
65882276
14489131
188333294
49517641
1527972253
579811387
3197081633
2174036485
35206175
55361508
104524251
19039695
30179131
2513078934
3378834078
71280613
722939090220363777
67566869
722972045982617600
236034180
3081652354
4831946963
623597168
1531229544
165072774
2189632141
263115234
703972036360728577
224806156
24900939
4738081282
4882683051
249082059
305765649
3247572993
4474341933
4468539197
12915562
16728620
951950401
195350638
461665111
224631899
299231306
3455164875
20449047
2540844682
188477075
540098505
11252512
3291654017
2828473230
2404767650
806545
574262119
44930975
3361815909
3073395440
11549322
1281526188
24393226
397661591
2991697611
360580596
493262690
3245678401
437591452
457342319
15482365
3322731502
155812498
121584267
146977144
1135420477
14856586
2349915138
1631952518
238905703
305475856
187414245
230529467
253142383
15196090
3143593761
27710704
3111238396
1213766340
3108386734
3101890622
2848769005
3084800743
3058322686
383032655
14328731
330561925
72201161
2979618573
14264021
2525733496
270003408
11383102
2886928943
2749025300
1953969710
2887565305
69949860
2403370896
859512157
2884065720
27426375
322518509
2859777390
2858295384
829137056
2827144931
370817386
2769009335
45337119
239538785
2779050683
2767318672
15967313
599348506
17026834
2621087573
18692032
342589799
2665679054
44133568
9102852
793996184
90006261
12694362
79509986
707634266
582718491
2631184486
170121578
116461750
23100054
260338179
19255689
19450230
14301261
161603209
5345122
2587821724
23962473
192173602
2532064382
2469677047
2514932843
216637962
2383781
2307504072
87510565
2340996422
2166351838
286152036
114773434
772689
632868263
305117731
569262652
146168911
2260712909
246771160
61315223
544063990
986423623
1940375832
35134711
984419436
338335786
581999820
20646352
226334158
1723394528
1878715921
227627337
13068142
54520590
44569702
704998344
