114256447
710218616520777728
18644407
811998008
16920358
17850261
110434808
78181025
4706842067
427721312
196200551
6650562
942544632898080768
284192166
718910384158208000
264345179
390386118
87559451
1186177395021221888
17781158
14739250
775647982754684928
45297280
34698700
21586240
10821
256900512
110198955
751749362057940992
1222641804635447297
17628591
21594615
16130949
9385792
3373812033
872449766931800064
37030214
1219800504
123440295
1085313876537868295
832639920485175297
3307273203
3388665549
742944134378496000
622718983
2956929964
253939528
7340612
745582409257713665
3084096189
616287486
450846609
6496232
237293113
901773635962195968
959127998409699328
71762380
875349400930983937
255418550
194542913
829322083138048000
2938162967
41556625
164557926
734712905237725184
718859070082404354
3595439354
4854191933
29135599
17300873
3167301
490631300
103949787
14815775
428058083
47735734
18061835
2170361
2956410177
89507719
103549232
68442845
201670103
12193532
107471115
2547779150
487623589
6440602
1125548437
87717624
