19406291
1045009031922880512
864269017476775936
1232754194479796230
2394678300
2159552496
891019569162313730
873956382
445081157
62533
819927704850038785
85713423
16269613
811989608
17638298
15107319
3061561605
34698700
14815775
1073388199
14585205
110198955
2821089556
571077965
18326200
434927367
65399835
4194885567
61878718
14695761
1215646153389346819
165838540
842245697491496960
1055034719111430144
956875477280370690
94440137
45556777
998717246372380673
239403108
2189124805
1195851201000005632
1198311147415515137
1194321986748637184
848539288472084480
450183403
756949695398760449
84000178
914784308
1661247566
938445206369849344
29841726
232741814
153158056
701783933436895232
18496174
21035205
116306762
30805244
1174625758343512065
1179003804915814406
786737991385489409
1676559900
34975338
121881387
1147519660218310657
9463342
1170466548449972228
77073780
2905400661
373094097
15226588
472531425
1131785067368308736
770729895374708736
72220010
1155569075919171584
6440602
1155172598310944768
1150883966913695744
2675389368
1150138114523979779
4033812987
1144311302392881158
865307462324191232
1133725477900890112
1136712556830167040
276156145
16620908
46673235
25387735
1633058688
961544622806917121
843473223048200193
1123929345335136256
464868829
212632603
1096579249
1114177785034104832
1038854971
260563117
305765649
4544226373
518230347
63008614
70643
701443
113211709
1461777944
745582409257713665
490668639
3339171
959127998409699328
37391190
15365988
1049465570981101569
151284278
868109688113680384
1053284002017275904
186502104
2169541663
93404247
16657356
39168805
1083941203996016640
17559542
8298082
81867782
39519032
192098815
36762530
2317678297
3618720793
1049681147846950918
1052250631552073730
94384796
16507835
31432598
220367244
973591240242614274
134962562
2809963340
966261222239883264
592893583
50318827
761062929512869889
809318384122793984
20819506
788359680846213121
20082719
21385600
1044789780305899520
4318561
22651735
902293413072183296
12706022
171454612
14898461
961714446002356224
256768216
2789291
446300702
2965324384
983701640053186561
299345388
725957349840674816
824404793179381760
253449166
130787220
246959051
403540613
617456996
1023648132595425282
987103302042054656
1015001862062342144
11736872
3993550882
17514037
1009333825611161600
74628920
3649181
1289595835
71762380
2892219338
14325738
32167968
17518412
109086082
15024868
16130949
3269294971
869860585806192641
179697516
2869663966
17323972
625093
24669835
20342875
3182289618
16255749
406911096
796877583455555584
308313722
78867746
795207442283962368
796709079343366144
4874289952
119819705
2176211192
15823984
29021913
4720239621
1862291760
860230130
786735373
2247004801
2386326275
10368692
3595439354
103549232
14739250
200278362
2623269305
3804659063
216735143
2499235068
9696462
29789545
55597137
15458519
128232442
2547824881
107854338
50504510
855617388
3495328160
17561309
44973000
26852704
16874550
170075165
926799758
994661905871536129
17324052
435564722
12434302
16687665
113778735
70478255
2964513276
2836738801
966374369265102849
875349400930983937
766366236452220928
16280132
887335036571332609
593041510
29050365
761188286547185668
763902104054398978
2315601
14389093
77436536
359838444
26551794
21112849
110244676
121363438
3611811617
961743017773359105
720260133767524352
1711971121
15791117
146514182
2856358070
949819433161248768
351387024
7300642
2828028396
1875701
1883789270
15166086
8960202
933981381226565632
885944485615738881
917421341359464450
141133
30272762
112891519
708675490010284032
21232619
2597780983
195410748
2287868034
827347245213290497
2238870683
824420863097262080
889521415384440833
20702508
877226157921497088
23779309
37665322
1352100367
458377940
242747411
4925188717
3193722205
47881149
454045947
23193042
263767143
100854371
456178697
34015004
2258967630
21051234
346880569
321631845
19641024
1105461
25107213
3725701
24546155
32946523
892537497837633536
36407795
18034656
16153984
283837684
59779637
18131988
1455575947
14547564
825727598038773761
2521030569
18542790
75318169
31128880
2973406683
840994347768193024
729170171982655489
14537210
243503281
378643923
847911374
849466210840436736
194644592
866334158443991042
5224811
145479560
872346618405826561
409723545
1539343122
16904934
1649725453
862678904498249729
1087921860
860575210612961280
860253231078936580
858268528134291457
800628931447525376
3441278713
298117309
74818384
851481247087984640
1219567093
2206783499
29198811
3858664277
37599351
1377379782
283160294
1694679566
18236267
749933723269730304
21932585
242785728
829042937719828482
3188757746
818614377016344577
81475201
28753138
1943426180
123096460
827163392435687426
786686538063159296
830087958124339200
14362815
4794182534
40816246
818137094954553344
350509998
830485564528926722
3046001576
525595860
19290423
21621749
57140128
37968341
19726797
18082945
827569721155448832
822503233293873153
824314224876756992
2240926171
2618843767
827537995402248192
2824251166
2168818056
161646584
19854920
32232452
705417792565055489
16799843
2725267867
25085537
803038853548429312
803294257578549249
496769120
111089535
772204596878073856
353420340
3216669777
24048309
161539997
788804194857877504
9366912
44035657
125867143
22973503
2350045262
796372059492384772
2421065982
104945065
810999124875214848
16561656
2956244079
448679839
14883514
482434957
805214360780046336
87606674
180590793
824604568499712000
2853461886
2341186004
26420947
621998612
860453022
173939001
3037213549
205711295
75348577
197404857
3909273209
823628014542094336
14759212
423868838
2517697075
19330885
2493
2469732464
2415591996
824475884535107587
716549420
816230357116694528
816669545796694016
22536055
788411235586809856
20698342
577403888
172067030
1184416759
14318382
14202638
3184016559
65016511
14094651
435002994
1238928506
19182647
22905193
2574249792
21740184
99315202
15250294
21094530
1471451250
17049310
102476738
4339911
315361821
2467867218
21653311
817512878
92139782
36989534
18043192
3223120420
1425894672
4542016108
18728897
545445165
177307010
20926161
19389228
15355955
6009602
27301358
98662718
14727054
179235218
5415182
758984432443285504
103989154
1105671
21819855
850796622
2828086644
747801286444257281
316437235
807515
739939093262389249
727155242119258112
2317884102
1323551
727554449640591360
1694538636
270816968
1157573107
95093131
16614440
6004762
257384817
93322816
14191640
9700072
2776403691
130670283
388476149
3433497197
257618993
424280899
9271782
492327798
34653414
2835940189
1466001534
17550919
107084704
127318868
69083384
772503890
340350928
7541062
50391029
19226003
3434511814
2173820437
835498122
3533559315
70976994
57949611
426171809
200165158
3384872795
3383507169
409365684
77537105
3357052389
3255974258
365832472
235396712
3325168985
11173992
33149650
8316622
499567089
12595762
495557206
1219602558
821726318
20685777
28776561
5415242
17055218
260907612
134072288
5802352
234248938
950280752
284352660
1646660502
14887886
26764887
14109354
184649645
111352959
235070564
2746280558
15084677
3094406717
16279554
261126954
7212562
39699705
15634011
629533122
2385066588
913568252
18191685
20565115
316622190
5469572
141633
19203768
16136933
2920965102
82137995
14345164
15890153
746308741
262295914
935871260
2895883611
206452449
2904607070
11531992
35522570
2411486725
759900056
2158337444
194203770
5124341
426793713
126323494
29845106
14278166
9806452
3094891
2882452026
23195240
85307840
135592507
90497936
349794433
419545517
352510636
30923885
2825202689
462338418
25770354
15005347
10820482
30441453
14118112
16450742
24913052
19474935
1392035323
38221421
86089627
201379948
83223952
25787478
494556935
479204360
2413261541
22848759
518927644
209611252
194337678
