557723910
1241115577575510016
20764722
1159951347933949952
1052293796636094464
3343845341
711854956077314048
38504468
7409472
1183740412948824065
1173959829901238272
15132914
1138750453502623744
2955262611
1050009268227899392
3021451109
852232832726556672
932288196
1102822213055590400
1214324036282601476
1131195510
2510203022
126278627
1035497025306075137
1219742002620850177
21594615
1103029939601842179
40915230
18725117
1381608068
15736248
3329814695
988845811005120513
31882379
55806225
488599232
1179876057635266560
93816925
39238718
508848858
1128780462
2644751682
1176610850272108551
1011989077388820480
19654909
1513172462
1139084646795436032
3362972415
782866923281321984
1129145083843031040
1135847959998939137
21433653
292453417
1034741599023050752
3194545871
576558404
1049201313052053504
18124573
864720728851173376
704969976
3320781454
2422627639
230413077
2280766058
1141024039353364480
172673259
3336675850
12504642
371236908
81347943
2815757900
827661113156390912
66321639
2528727363
1226142361
806949870648995840
569563395
855107640652857344
53168166
604415727
1184865773849849858
833384094310477824
3057071461
844529356500275202
81632119
57457309
807172720266018816
1103345112745213952
2794023949
824754721592320003
3329682267
1196782854
4877217483
1861666069
273070365
3068007413
221365420
823344151118958593
3077771
2917144257
153158056
770657078537052160
224653586
997644658741215238
1176109274696732672
4835916558
1171071404986552320
97200788
1098892060768260098
1133337944012599296
2509612730
996304264233472001
979839160189145088
1142532047451410432
327968810
913816576016740352
221724396
14696999
3940003905
956875477280370690
3179473000
1041606717686067200
120762870
2826144167
994597724266823680
4209260986
1078271307945598977
2274628280
529225667
2589972278
1129642382503366656
3405598630
60877585
1109564151070973952
785405514997985280
555194675
393481267
16780769
1130771167747424256
2333695764
47710875
901804222261420032
92060398
775599320137695232
1121685141590462465
4798434797
1065226841630404608
470188614
135513209
731473882725539841
108598895
297316043
2880584379
791091062026665984
855411899999162368
2546484926
2340647780
1055409730108174337
7526962
164312572
86825607
1033461479733948417
85361615
552117031
1097994112161275904
3134517765
1085576172644253704
1084873545614798849
250106829
834898918819364864
913313476755550208
1012005306841337858
1280253444
302394910
1055543741744865280
1035221267148951552
459197112
166935132
341796661
2923765959
1082062041576337418
1072947490125680640
417453620
2966251
17541565
600913537
953975487700795392
851434254647078913
2966149036
769198181792047104
779293515033505792
877979087821836293
1311678806
18723796
974310126
37277640
2162505696
107150164
3387596128
1070065528667021313
326047523
884688546
1435260462
2187337730
54490566
831471575484477440
971320767618207747
1021194368202563585
797121752883167232
1586153870
807203867071025152
4403504543
33982163
873069179196260352
1954913234
101553435
1055799681404583936
2280809136
987254426183323648
720168018920271872
581350992
134233026
1064531331168772097
1065717055918432256
408619307
2168955434
324938399
3579836002
1064586758837424128
956452553734180864
709519172607340544
356913189
1062410493888028672
2230133334
720261074499424256
404046260
2350541557
91130731
3187112111
851462695547265024
423008357
806427306138992640
1044163819868758018
185970594
2576454150
4630120469
6226732
970857750
2169232590
2756809435
916094167457116165
1008683755572219906
484798848
3320772045
781790501460701184
886506554299731968
584043179
2278172797
1319895450
636859225
915581936940277761
707288944048795648
306115101
3726864442
4212692122
110209662
840160950846181376
572599573
203000902
860851604731424768
376302887
882201442823663616
841229935826128896
128513662
346659024
24041104
1038738175391395840
14272831
34393016
783662760982904832
461134494
795810868105715713
23412392
176035524
745862684508307456
123587427
1413147428
82467442
478153984
954679043340820480
907971680315768832
196602768
2895726664
137019259
720901536965124096
958465927745622016
122319646
90438875
3801154697
48352247
816221311458545664
874612704027267072
1248320180
851108755852984320
394811357
65486980
33860003
108339259
112406349
515375367
496419040
999886079481167877
786171506548023297
1005185254427160576
904251472640139265
796055677655515136
89719672
2462186892
1015584500200493056
927837240260202496
458216689
872327471877718016
106411383
1018875443175477248
306914532
837916644
977970610893705216
1017004803921207297
455590945
577415765
1713130514
1003676248491610118
334835519
2353373382
911344230500569088
4921841379
621066604
1021793540
42016359
2902025103
4725255521
918066510349918208
383179024
425181116
5832732
3221130502
740782086030786560
863690335989493760
1834522441
967106228802523138
946000227852578816
968930171079229441
2204854916
49448861
905744695246147588
709858434603212800
987327153997058048
96838961
747331883164274688
3663548776
2968244507
331581703
221514260
117224360
2859154923
973150853505912832
821014877187801089
206217422
1450554822
985175918770638849
984360057444995072
965601420446756865
910008175788564480
29935217
983510944671260673
1550935166
806515971137671168
2223427849
589354723
2157424547
976776799488299011
206850545
1244581915
49413866
806631588582883328
142320827
979061392652333057
802123588807622658
21497527
2252360868
138966937
14472655
705406762082570240
949813005629513728
526969634
3308757539
337093463
882505790799699968
172453645
119158540
600795595
182857317
2698686144
552501701
15513321
948284586953494529
157960647
869141655760326656
877098165320785921
1352549288
100234077
2502518559
19770976
951457737401135105
376175991
280058345
716986249303744512
757943665750925312
9454232
118095292
733221038625042432
98149564
827899794161074178
950054566178979840
2779694013
226939018
1934732808
239446245
59896097
911152149484179456
16127710
933702290019635200
10506672
4148848786
745568325221105664
62647280
2188747927
1448389050
298654214
124512591
927237464531587072
2192901474
936606804649365515
93966147
890145889217650689
69496707
95945498
900289016570032128
191197287
867858315119910912
1361562523
877136287748296705
273327733
835193459891929088
304917008
923448138664497153
921957617982951424
2925189442
1212379633
926368503191531520
1091870346
2537740259
910871187156295680
55059505
923879984388812800
2778178810
914992391299485701
915216337361915905
4217023737
916302851403599872
634609763
785481620828610562
351545211
742890991670157312
525545538
845186475117297665
860519662068674560
900014191855194113
2556304796
2963723789
3044824277
883688682225577984
1106478007
2803929450
3031502607
50764924
83116880
878391055808417796
18218724
3030324179
14099831
890560919666872321
205705403
901820008573145088
1496246917
16512734
895199508
891925077704548354
850040941
2384210779
822068901915852801
3149400123
761113959915134976
228483820
48297189
34620550
1454396737
477868259
274979139
53375732
150676739
359526027
884774818465423360
2837985082
100836764
44332312
713477869930983426
799171227483066368
839113428019064834
772508780936429568
87914521
76668322
376266860
780361595650187264
52750250
157677232
61171056
861651799899594752
860846274702135296
51863969
77514418
3903170236
589992850
2317696986
3292882983
153492935
435202535
142237977
6038402
115318199
1000322515
1690767834
768622
854967185265098753
1093655844
714003031
292813841
813064467831554048
869538825290350592
874350676087894016
43780887
417887820
4228685661
79804038
800465923282870272
394868187
1034790506
810948365026553856
589384842
21806519
795959803222822912
2735668638
377900232
64159750
150195013
77212326
3029841904
68626490
807154538675339264
808307200141750272
3044640885
1230391663
445443787
197134898
538604740
41102519
1471618454
185969563
2893419963
744921989232599040
4289265158
29949879
65333172
2891247833
617143
3177698182
742336022038630400
313390599
830035365234954240
846799674895974400
22487743
404913496
274019691
2567806685
720025346888871937
2381118619
844455427475681280
2785330828
145984669
2788975366
3365540759
78927039
839399838550732800
839094277418467328
240621431
831554378213552128
555269391
765651407336771584
436038051
633159573
757676828664422401
16550166
834335953560952832
3326654069
832540925817737216
1931868614
3128828829
2654182764
183228285
827063370964688896
1226159185
10155152
433684191
219250994
297280182
3222313883
818954651584307201
777816006513262593
536690124
15852520
783176779901067264
788000292201754624
480632976
795243451784822785
47352462
94574135
393991001
18636447
2579018436
788375771349970944
803968525123600384
325686439
779830062
2849915193
790515952953724928
767293141699465216
49921739
190225950
799987000644354048
109905569
417742021
1080586652
15826306
18804996
793944937884684288
4891902196
19541238
3139250563
123876407
773201881996861440
1332287364
1171248560
450097600
1579949040
1384103766
4482182295
267815505
3046475920
2999962726
776487983017029633
2775278188
756136973375377410
181363
59461158
745608004108681217
3301953249
2238902785
4481740763
15167590
2520571182
2847817956
753326846029225984
741297034817351680
47557212
3115197275
468202466
3084096189
3007714536
79265286
3647241974
336624134
2811601246
3124377093
14931546
131161536
192986664
2559411115
738063809089286145
710874047639392256
83407425
17778540
709037653
3585968962
482143115
734030572885037056
1493428177
1295422680
1020794606
4714782915
727438915070730240
1101544950
2973163487
3365723841
4252431
1562961949
3018033586
569368841
2467323504
35694927
2790172128
2541357380
721804834144444421
718366756012691458
4196910821
3804659063
229542252
707858223144017921
21436847
2738477723
310873009
10125142
39326508
928469144
14162812
2865743726
3921572967
4872656463
4073533847
18765716
34235577
434517745
88189125
4360882047
558588244
3004102703
2399171731
18159539
252644547
69671220
2581885362
770145853
3300409683
57441737
3289763873
119846815
71759599
418042334
3089763915
10173352
370148038
351008077
80569358
3473272155
3395202891
126055961
286197674
16382892
52054002
9769712
3114341692
3099300544
89201251
3772538782
429721480
3092450566
19812968
160109630
404709849
153350471
229491949
34923649
182066108
293239113
209070435
408567455
213687476
48461672
3387199090
217393834
23434048
3073713837
403441358
596381268
61265683
1269458154
3247783601
1599131593
1749071
69625218
3128676521
418597053
2949114815
130159646
2909405564
378038998
2935275869
161328883
332389668
327285445
575206367
404150867
475721080
479587223
22927058
47351292
2217975254
64344439
1172375450
192928904
55504566
2327281848
2596501471
139982032
5736252
119855758
481896464
8337732
740113
2552813983
2603723603
2371509174
571087457
25297021
2473944972
229867314
2430116089
549544996
1553265469
561068507
166971267
50599894
78400957
239751015
18461346
206157730
16636733
300193022
2154487868
171092976
1516572780
2278817844
94567349
100594007
533047414
19506537
137457764
1859939942
2175990686
48380294
6496232
362380727
363608564
127466088
253962593
5719682
65651300
14424892
1093267412
330404654
1178453437
1098436033
464641114
456665628
259757051
921652897
133204675
39810658
239789830
361767333
42628461
53498731
404908036
531703039
106074594
110805453
13884242
960089636
13587572
22026217
132314308
132631060
44853429
644413
418683292
861656186
111418787
384895155
97231658
780279043
636811862
16131853
341979831
41342652
111847613
198652147
148428142
236411256
408643470
557289925
162825632
283976991
14314716
366088660
142673586
450846609
27502705
154584056
209066290
82072173
