1149279723043917825
1139157627525578752
29290365
318453937
620878605
55206008
28482605
101280438
256900512
110198955
253449166
1073388199
12486322
69305574
1154185561
1215205058243153920
68683162
1076281
1003616379264741376
113647168
3117708497
199721060
1126627480784318465
14475849
52302477
240589428
1187472971369242624
907551432634748928
2223745777
99598437
32869153
2593752752
84995698
57843399
1017414755986706435
842471595251769345
943204136178380800
840284695
14262678
2485993465
32347444
299660898
146287709
952669860487684097
988465844
40655158
1571830082
405049811
942544632898080768
2499235068
53872576
1057577206690537474
1026092649034473472
115176087
869060746772176896
42936942
2245209577
4718718480
2416037762
718470501245399040
2796387360
2609487218
205505287
1579412929
1154225041
252689784
1193001001
1079936550
987206226
1078705165
52961649
