1930787257
948208245264539654
1697330839
256900512
14585205
110198955
1222641804635447297
16130949
1149279723043917825
932898811625836545
183579921
75821392
253449166
928905356859854848
240589428
1189858182765699072
99598437
2541039903
71762380
2737018013
51164584
1017414755986706435
943204136178380800
913141727007006722
101280438
472832659
142923388
972535851543605249
284192166
1003616379264741376
29290365
12486322
1106191521643139073
71073084
418588499
758786754
3020462836
252907811
90863210
97030663
900725658409631745
2485993465
1571830082
1027651219773255680
714754492361752576
1040688255027568643
1219800504
103549232
912373768021999616
372742337
1074554173
520599240
372806711
424099728
9385792
405049811
2499235068
628717092
386538440
68442845
559590945
901773635962195968
991786479503454213
118338610
187977156
40655158
400819424
902972375465066496
3804659063
894719812366196736
1974233137
140172478
10368692
34698700
872449766931800064
32347444
14815775
959127998409699328
940581990667038720
718910384158208000
912788064082255873
875349400930983937
487623589
