1239523327565164544
334597844
1099318459115159554
1111027675211157505
1232213722367700992
1000296585685880832
1059565906043506695
291905125
1011334277580165127
2345878529
979076011
732890947286147072
1146885822542749697
18326200
53151026
771825162421436416
1073388199
154587092
3483708015
956674177033015296
1152253016071966720
1213393033082703874
3156915158
2540635617
275562615
940486459856949248
777810797682692096
3560500512
1138022905286144000
623105305
4341794362
1201940762943983616
996038086650875905
161000191
236554868
1185076637777440768
1481782808
48391504
738146625651015685
1018900222796320768
854647709629911040
847748972714147840
882608404338012160
2611613814
923799038423650304
1111616726385467392
1186253425786445824
2168232372
3368648061
53560219
1189951161799004162
2301896816
337185552
1124002561533587460
1132691608347004928
1197904896110059520
327929923
1141457750528069634
1141761534756040704
1198988883104587777
2580382232
301283997
387149996
749831434076983296
2810023685
1054106375930953735
2647053624
1067523680807329793
715877178
64494971
972166361031077888
3332014947
1174840468296863744
826111302
1055786027502235649
1151113370
176733810
1123793036411121671
1195379832672149505
77994562
1193911033150218240
2330583478
954465517108121601
511418695
14403154
1192008707988701184
972246810277433344
14241929
895865052472815618
1187778043550601217
1181923536040017922
2699834545
19238587
600220995
752378437202014208
1185357046616641536
1091851053790842881
1112576287778983937
1045020203858432001
16195883
1011287107283898368
379559780
884167402732351494
1088416604994584577
1090961309103996928
1155634482629791746
1171375049372311552
758247887021178880
825877183
761443048697978880
1169366036145156096
2670678517
17837348
1168900604820885506
599756088
46720094
511903084
821055843370233856
1014957004643807234
1166628550436372480
566456396
1023954298508640256
456608322
1010031906539241472
4107913756
298451734
113015471
824192657169780736
1027951520682323969
1161013935937642497
1160835175829385217
982516081897156608
1148330078457290752
110940386
139900809
1144674896318009344
1139031485900632064
115635549
232924281
124286173
40657550
114942930
2427351685
3068961197
201313019
2730509646
1113366978075480064
1146129757232402434
790481221
960063365061132289
1136822961145466880
764964935482966017
1044317315314176000
928603616478408704
707809593548783618
1090677573032599552
3253804451
981024381001351168
105838257
790194085
20438521
880814950607974400
816566226994401280
1097884823077744640
830095167835217922
996687907804073985
369618568
1138515537447870470
3159013185
405896265
1005878462454870017
1121862386087092224
159237705
1921119872
154980626
4544226373
847757609889181698
50463427
1135684062407024640
1013142218520039424
961376623458242560
3195380606
754096404952444932
609675794
1151537048
1101401893941710848
754983973328195584
896550381102276608
1087333451685027841
979656585885700096
2346435522
1157691060
191978725
891107779221565440
4182168028
1109091508442054656
2202330626
2808961066
836929444795273216
981990989471666176
286577937
1085569242
40372128
2464731932
914207274381512705
1046589272
843169024594886658
969593130428321794
228876327
871630734867415044
106015174
753003839284977666
20651603
1118854641779912704
910756250169761792
1061967576195055616
29829724
2394794221
4789293134
116448983
303889307
1000697584728596480
24287699
744423568746897408
1101432513547898881
774614729981587456
723601275183611904
734104904441208836
799117940
786509991310073856
954015530507292673
801546205
939477905171771393
877715359
1074083445679243279
936516166226464768
85665145
70205946
283892690
1246368547
4118228614
1009461123236524032
1089802064144842753
879215769115963392
1086325040541560833
969627087589036033
1085525190967283712
1093160266081148928
709905140
1093077835068174336
2780891946
1084088820
1094560718228213760
1075721208535154690
869650007745605632
3034551000
1137281077
51074246
812349269638336512
14115377
780753393795026944
165516388
1056260014367744000
1088512404563152896
868159738156109824
4297101072
525406480
1081634759414108161
163177252
310957038
3611410942
806883313327730688
997343719375466497
1039457664953188352
312869556
927811690275786752
3342282058
204965245
3284670086
929736747805806592
277672451
90120525
1068153738970443776
750266165046472705
4854929015
778720471789338624
812284035154092033
267936512
1137647556
25128372
416177876
921839673219174401
99337522
2508764141
964539880884834306
828853605805469696
797807485
961002471807123459
799868608763441152
1059726402889662464
146926157
2998493583
1052201773233033218
113958491
112410807
513919777
102662658
82690534
987361404
6478742
90303879
66741432
1497673452
1038753352740483072
793522644352110592
788244542851952641
811540898848903168
1034395610277920777
37290267
1015978077061558279
19931593
999568980120690689
1034735242924498946
1033706910183313410
1033563949525094402
94425877
354685839
758630973902843904
3123589192
913753805782519810
994995814849286145
2178765391
2586541148
1019937562834669568
3814926082
806901142256959488
863668766
4754034513
704214636019773440
841924100721369093
931147938054541314
767724136919556097
1021064193011798016
1020083417390698497
969324218671353856
3014743158
774982216870981632
364718293
1018176906204594176
178884357
881650677797330944
200746968
1016257353430323200
2864915543
1010977163917570049
1010097512865259520
46889390
815159837944377344
1006801362930237440
1319138377
798280932
5382332
1010665955377238016
18384215
774441872320139265
134798300
3395354891
112440496
4081756214
811031711140167680
926684976
475561576
741587730199511041
880416285435207680
1250944261
14476341
763175477540380672
15881746
47375662
537708943
861886609771438080
705785205722746885
1003194607050657792
56911922
303789858
80430965
992242420749291520
4717440867
991334058138505217
68481335
1665490464
16105655
992868259526520835
26773740
852660853
992680893172023296
8922252
315386621
2180514907
397306055
59150963
56988644
984112038359306241
22717759
18855100
124834891
539753813
4384185687
1215145676
956337275784187904
2620999233
835323448675164162
11916882
2610890424
236697939
717975313121157120
794733816
963991108098277377
752159689941610497
2704256160
16924797
798683009411125248
779025373
48014293
1042356728
893812250347266048
14685658
2236532897
243352109
373714550
556020548
883246634825646080
38866651
21388529
789519068
2238035454
2876961683
967759155997134849
2566220629
744054932903464960
963884836162342913
870610679346200576
709883501965737984
957244101581254656
951429239450079232
2540514931
223536535
2932504013
769864442448347137
897494098210377728
2833731503
1696005139
2182145676
132582952
932521864093675521
2556357312
2828300944
80498655
716280222186909696
745611831826329600
38413254
712223100931338240
102659003
44698222
230305971
927722235674136577
1385463565
3826634662
849256735361699840
924406837662945282
843102126
734680821685223424
106582104
787404042012098560
3305925269
32746535
2883910297
15733345
124993349
1690229683
906228771467870208
3242182827
829459635446771712
23945759
2391501209
2356617109
4146032673
3305896289
890928444493746176
720357914377076736
1975793911
628185670
704111120
2450867203
626897898
894958232455831552
2811984156
825974666053435394
250389809
892231907496382465
828051573725134848
748094983111049216
889012012646322176
888839539141300224
19090293
393542959
203574192
308272243
2877859768
3381806721
788851519064010754
880550732595961856
38243614
206575365
1545908220
3164315662
1062510396
849667567
242859888
86837398
977141742
2861260789
778870218022092800
60029927
847326279397285890
302260456
857326581701849088
825287424620138496
17542654
836917435362050052
3574786337
888435512
837787846811369474
725447727195123712
51824616
260761253
3230406565
817295635581956096
2886972634
3240162575
107832057
3364818939
2305444217
3043302184
827270278052864000
3384328197
827597844873936897
52640499
713123591844413440
809869565731573760
15016481
22107961
793447254942216196
320543516
749494155412398080
4653908841
739894326
731075419739324417
37180215
800069592022323200
768743263750746112
800243687238156289
3284775505
119802483
798009020493623296
783977915050590208
739484250131554305
3136967926
331776096
602181171
788766945818574848
65340656
2256517141
753654335184089088
3011830495
92752037
34431529
775424385557598209
14481940
224631899
3384263308
726583983169921024
774691894618124293
3040952291
709066642035249154
12117332
740935048283758592
169068455
14852707
2719290066
14572397
37989702
854581958
1288683726
2380752145
28082102
4236247752
22805769
715225228184563712
116919172
1089327440
4061800463
730855876395958272
738278543289778176
2860117179
758455051350315008
755740870025023488
139504746
151193108
35928614
752487999800094720
2899541234
237052633
48941468
2334342866
43833
461781459
1608529771
709856162305458176
1112334877
845325542
4697490079
1175748290
3108238809
257775587
717975494344515584
899616042
2547792564
14112036
1143306289
2181136904
369098653
709705023605895169
177705432
39978933
3590542828
4882985481
389934996
3200048459
4794983586
1227499584
1690978771
268919557
298102676
3242773941
22714857
3555378377
2767480644
3318578529
22280526
3306591675
3904845372
3820956794
1863811460
4241036958
3880760903
3175646543
24365404
4089434267
47336791
3927581352
3922925481
3844097055
971948592
353130160
1966559934
2785181925
1716341
2810299195
174280913
178011641
208988759
3369483622
132276160
2981013099
3376995663
1518670375
99038758
1709719687
3371737750
543699615
2596589880
181542491
3301061596
386532712
1251564685
25899390
858619916
2584677434
2796967984
229859473
334002162
292826860
1111729808
199809099
3092978446
2942748298
2230335182
3096604948
1398900980
22281002
1657725067
42016684
317883947
2720218147
2906491178
2177281213
2172244698
112204992
1410437030
2410922580
1722921726
2795571041
20887036
2167057326
2349907753
93240199
235599690
16132687
15132914
1099675542
80553919
1525082982
235333555
2207754123
98906985
522529826
2735909876
322089105
253685928
22647853
22647328
53986346
1439468730
2496872120
2231179117
126117770
47584491
2425619292
85111683
93722592
149460258
2547822014
211745797
465564078
2490609068
1307614093
43832477
37563
71011099
66257982
957311323
1477833530
122471245
16034735
328130890
746779988
2356843267
16796862
2348138101
111180022
1380171182
318976741
774309649
23973450
2248550496
370331730
1053928200
146567174
808417052
180310067
1319063112
1303659151
549434848
10886
17106514
65160223
246490565
22292146
7739722
474657613
8778992
5815392
3781441
244991150
436857900
1218100328
17275319
1534330364
1398283105
82511170
104968078
553642676
13473512
36257001
55550359
73416869
115854230
24253645
