3206686324
35569456
1438722073
198519101
159154309
140110790
952220891479384064
35783508
110198955
3167301
17628591
236498168
256900512
29843531
21594615
14585205
2802291326
1072492583006429184
1906878560
1159313480924585985
167425934
1122557549872603139
1218051737736687616
1087437610136621056
999916823964368896
1104069805689196545
906098634219028481
1169151403333443584
21906310
1052773672044310528
1159355594333011970
3069895253
21207354
427735729
966039589881196544
1010867811672117249
921379098353598464
1106567187802845184
1115288993711763456
347904066
1126162167403823106
282084154
768828896
1103086957821870081
246151105
17689547
2261370342
254382923
340603924
499714001
992039645025357824
176419424
23043496
1076976941255798784
1278098316
976116302610870273
3011053277
596952334
14548375
65405236
1920340484
1480984297
135027798
829742955573424130
125367782
34955958
167006405
2233310106
1908232843
122113358
120668837
120640825
742599120314109952
582321877
1009108449903501312
90956889
48500026
422328115
785635
176271048
185882046
1001335262855811072
967424415200940034
953893514328223744
410538965
142148178
4837010652
1467737210
2849202873
255428650
3230586613
809530762353659904
24838993
912811534509735936
35135887
282365019
252895560
895384153134440449
4551285255
856318811041128452
2913087823
1257718104
112808349
932144635
885863289191878657
901452729050058752
358454513
116758195
3320991
3335540111
866591907803213824
863340961983811585
858992369689137153
367421013
2391569274
3234043895
403131823
4236264493
1159595366
6078412
375846227
77218175
2993090363
1324767992
2954689670
2810681352
2788570371
306069127
1880400062
2811116539
268866896
2424773900
184646091
2587618982
820182943
19087563
292753872
893079188
153659646
346108551
2185644955
2259069652
414658388
1910543792
427397090
138424373
220886775
523815935
127968112
169770192
137694713
