781586151379378177
1149769912102952961
3372030335
981885857874501633
888689508
1025276404596924416
822375122
1191419480817229824
2811748854
745309291326865408
42419488
992876347231006720
335965862
711558879541264384
28781124
35887555
16801580
1016410902
1187785167814959104
16143105
735954684981084162
1073388199
21594615
1090191738780684288
16529873
59559574
1128761709227859969
234937752
3242347347
3216273280
1146885822542749697
1096835645086072832
1133025282703732736
1008400462855450626
839825296958308352
992334003805085696
1123244962190118912
854999698373050368
1081694379167924225
93940609
837685591923912708
428168586
268014778
2598633595
43531294
1157671190946832386
2664239108
36124457
130490305
90641982
142658024
716627597476675584
2191077337
887636408919359488
295265389
87922761
754373170195492864
134940855
1096550388055060480
781451943059263489
213421246
34239380
724371317672271872
301684107
16405778
778720471789338624
920674933
172336866
7954982
1230392840
1123246116768817152
1249962066
21922257
3172445603
27203838
1080237674680717312
17664143
612469683
722493844626006016
2778100201
146429813
1016587190174998528
14147626
1099023738975281158
955409150716121088
55206008
24957062
287905432
246940841
307032830
57028780
1041355429710712832
19264673
265674993
30321482
93663418
3367402215
15393596
188861654
18086172
220745384
496146158
970960171584270337
960481166154502144
347297521
954766501453746177
951592267579523072
128215040
201442086
3414641
2784123889
68979576
3092684336
2878654509
64668800
834166235764027394
1896269172
95494428
841220119451820032
2908451121
893708438
3004113257
756912180
4471466675
344362175
777845109593432064
3027356026
20237076
1071626832
807673621
54904679
2976714574
233344803
752190891339677696
748631751816257536
18228682
14880638
703145949732843521
851882216
367693180
46674859
24267053
3534497472
3434962240
109245603
260808679
17820416
26023410
9610222
1689418998
3395475351
636207729
22752426
3345504844
3240679954
3114659555
3009888334
14412660
14706299
2301963115
72128251
49024564
303659218
22357126
25337753
2811371380
1330945638
17851571
2436752112
17963740
61809767
1686607771
205193168
360220734
258829679
374059449
307891788
194920557
398285639
252444150
180391735
347580782
357103792
441196636
298280745
368409530
367689240
242471490
348593331
301466381
275665560
155395301
216574295
186807609
154128995
10934792
108116871
121193183
72832294
23217267
58613370
38959046
26433413
17879103
8809082
16673534
10078502
16417395
14334375
14288759
11444692
7878932
10705092
8340252
6870142
4069891
2464681
777271
794753
956571
