1526151408
1229672656720605185
1180610070876278784
1011131839313047554
14209841
736209189576409089
71221735
195716045
22653020
136608764
110198955
948386851617992704
99286394
89797991
130787220
110333
1142047961779724288
1319164070
117026082
1895323326
15656207
83874211
1048895989095063552
1192137641312935936
19727369
9254512
16607897
581829125
3206256705
1043518784106102789
4763582189
1115715083735187456
2851944063
773404144241696768
933651469252702208
861702441569361920
536259555
1351484791
1176229838979588097
177788470
399958663
1569361543
1167346049780002816
1138637689459052544
1112188655756562433
29584571
385454866
181853199
884319857696796672
2450613036
933544477506940928
37103302
1164255305879838720
284025934
9463342
16728620
2695539042
334025156
18084928
321522171
2388383697
14524462
202087082
7516232
1154451399352160262
3241732616
23092340
1094695261421604864
402097333
38665323
2749355919
896061
47850341
526292034
12486322
308745021
15822272
1005567482684321792
3100289102
1105498477297983488
187216076
1159427994722717696
14993466
1143433261676318720
390526906
113422063
7517232
1052509345391493121
4318561
1154627962618204161
280477264
76695243
14143421
117629461
92475907
146669184
1055428777419923457
3051417810
1103870987559268352
42374574
16679579
188554158
16620110
9305482
1209499525
57733277
48071744
2798836581
21192703
478891319
111391654
3374261
11044
261665936
34722403
641003
5929252
64954849
3208741529
1919285113
17584697
1133257696965058562
2187272340
1087681977896091649
1076169620749467648
166439831
16284661
14578338
1097632487474323456
40245230
3921321
437901874
3338099831
274800973
955397748580372480
345907128
741237969760047104
23081953
29996429
135824015
1135444594320203776
38430008
325362233
4025495236
661723
1126826429629517824
13564892
316673058
219056718
21590885
11754732
14086979
434263113
14086158
176841064
472568018
621706222
147654165
937715702
981101
14204453
1127701818874712064
1126214877301882881
719877885587234816
301658598
13250772
461397846
49698442
16501771
614440298
111093392
87045613
881471004240990209
2176302170
1116925736231718912
14271061
974751078590877696
739271654920978432
1416935532
199262977
405376700
19570736
2370143275
1073388199
2500425074
819927704850038785
190520633
299932017
138966937
2866905314
825006298336948224
268940970
1094819314111148033
970509550909566976
3161644544
520653532
1034821700574167042
105899866
51422426
827350579382849536
4704062192
2751907243
997218529026994176
29212772
199881655
27093292
4858563561
7773342
697051976404590592
15936867
9233842
1066064069839527936
195062040
158767496
119419887
31353
13074042
1088759307301281794
1099695675208458241
77185791
19718343
37989702
332457460
5907112
907782714459398145
996080367336542208
15943311
1097285142270361600
1058562438344232961
2162878581
2364309430
104616026
2451079008
909367076128722944
28893738
786221627306483712
1679874157
138324985
885339669457776641
405449772
883746245168300033
804481608065679360
2931264434
248961109
369403468
899971286826459136
23611315
422194341
22463639
2594190991
173513816
2506322185
807239380138160128
617683
16789906
220788261
1058961313408311296
353346943
358464377
3013885630
92619645
2348500092
14824675
42655463
84959697
385496417
613775879
1079460736173109248
15704940
977916547665555462
588453644
3595439354
32746535
21084672
13682312
32428328
463799217
997521853202747392
921322533298802688
922806360332472327
219723542
1072508497
23149092
7156982
6421402
943596578052431873
140133088
249085126
130244473
25606774
69869246
8039622
866657422789586944
795598514898272256
16346886
31303673
839461015054127107
15017627
17486636
628218472
2892290399
14288038
764170991060721664
981561758249725952
4781346069
6466252
1209862674
744884835341172736
1017634930824765440
55853315
58291812
2419391377
3775651
22749950
2394639500
1044481482406973440
1044789780305899520
722284761327075328
896223971548450816
56028079
19070986
800568422350237700
7861842
9704662
902152845906001920
714821224212267008
192625645
1005703363751759872
473261214
799945837677658112
16329099
210906731
14739250
2254315993
768833193776734209
79004248
301117233
15300519
198925162
14898461
1945618494
216735143
961714446002356224
19847709
533537289
800246741501022208
290746307
870200241039036417
311332825
121553091
14111434
2312958541
3091327603
3245290260
92508131
1405363572
7178502
2431106934
253449166
7748942
167760471
3904358243
960411810
986276359
187674850
11457022
802915294096359424
877616433609318400
1025439320738590720
297440850
521769198
15439907
16997146
720574992249921536
11736872
1006490087985696773
428058083
2457207179
14325738
3295104053
45976531
2895313916
14594292
32167968
14804579
884503786626195457
2756479056
828630553
1017052420873080834
872535841641345025
44847206
15751438
20342875
2869663966
21129459
149218594
337823724
125137399
312750384
7253172
17913998
15024966
296873851
80883
4034530393
17093031
3065465039
17950990
238286255
973503935259529216
762696820216692737
275498158
957728616
40655158
964144692052013056
3662855378
1068951084
71762380
166557379
945418255593820161
104427626
2291039762
1373539004
9526722
389634390
181421156
19057893
196428302
515580265
2233869104
2229295439
7384342
9720922
390218328
3107438441
68420706
6995892
422935444
139544417
14656258
989004035851075585
915689013838794757
307401285
3950689153
7807012
2437225532
7724602
31557465
6940
62326375
4641572533
592019229
19409380
14374944
9550352
17015268
156551685
5915782
157627819
796032598959067136
344279239
17106144
78285757
453995919
877413360
13689392
16819361
41508190
14851939
2582861
912803014359973889
770299725631348740
337121149
19862388
223671790
16141055
3314336580
795207442283962368
18326200
922866523047383041
2580878370
17398866
32945536
17523819
785151202740666368
2850089490
15595616
115914027
147282282
110244676
329179614
445755460
61387084
2245279764
17177251
3383333638
847440580908953600
443198901
40162556
180771936
1397508686
81538231
49629565
4874289952
17609423
16473150
15024152
25471626
1565913781
17170407
20641134
27718199
762851762092937218
171313785
2246460234
3761611220
385753789
85514954
2278691748
860851604731424768
22993074
3752283387
2293759616
880825753
532773372
14062592
260582890
3145223149
371542569
744942394005561345
835207601965174784
463746645
146221837
244822624
1183915063
2981013099
925753015797207040
209323420
948425825451261954
1122875432
897226646230634501
10531662
201799898
315150281
776402106
27227212
736935466604363776
14111867
875349400930983937
6473302
386654463
6424452
1305940272
279233738
18814895
4103066019
461222812
10130
2150011280
5815392
2249688711
758836043344781312
5855502
579491588
36549514
2906847960
763387411460157440
3015371
25991946
54541250
304067888
4104706948
13138812
324029060
2652828374
100590302
18052474
994705358
518585367
938089055979388928
938015830541062144
199920381
110436182
481867656
317403562
2303101405
201262607
1693499504
140234059
768167061138780161
15825051
43920301
2359990248
17099022
1408489836
51737843
13210942
2503858411
29387819
371247557
805891024270737408
500734348
791648993143128064
2821489273
19805113
1667385986
2644300043
2566730594
806757
211092754
331961006
4166253199
1655321
9150
20195839
3983906001
19685572
3083556582
3296829681
914104900174401536
364867012
111740857
1445118938
15661864
867224958912671745
31322578
3717393555
2927430437
10368692
911882596656619520
40526875
2347475803
15453
905180649824280576
3198728016
886337193970716672
249784454
2891322620
10250992
861946035668701185
17275711
588308841
17777943
765553881380163584
719929905077710849
4103344377
586941998
3558649701
3370860335
181586429
886537209695748096
590931818
896758586243653632
9462852
6549332
114525959
1867877954
335577952
2160332200
16322645
18840827
839543318321123328
890069063984193540
889905087413235712
3310067741
3959357353
393302328
14932908
9696462
871681341619875840
907454808
9807842
36397203
212187685
2693363755
808028603736690688
94133565
246042477
804385907641978880
231385680
2800780073
68119671
2196367364
712496428015202305
3405869686
864219704696733696
2929703872
762144638
3309696116
875978284395134976
873882029754077186
1370387143
36246383
1177171890
868109011710824450
802182435656073217
150664007
822013042737221632
263387768
822204322796609536
863001147384242176
2801670994
861673053092274176
3400191081
39720895
4517019208
859454415002062855
858845312223514624
792047908711387136
13933012
14804925
398087684
2586485076
469544680
116006673
636161709
45048508
2274284186
430995737
845991133079617538
202980511
778649886380220416
728518608238739456
44413236
227588438
2279100180
950510749
14300872
4923048139
957500826
14661955
702298559425609729
840408704545624064
840038875183558657
33529068
297249751
728371342689456128
403002488
536045659
14893620
1462867622
283133987
69309765
48688257
15283810
3300643227
1572472922
2262294660
2149522039
828886407284301825
73608541
826462976597172225
826071756683218949
825385437820772352
825384132691763201
824312713732096007
366546659
799574
211534294
16687287
16844686
483877952
110224495
2398461505
1498504338
869834552
223741798
790290541426511872
3222410820
34327225
3017314255
1959270391
7758132
109086610
16459052
1553555870
758745448525856768
20965661
16311365
50561699
7276192
780005674969288704
1456285488
16599744
813313373106376704
2195724427
806222137656823808
2590071354
313655798
1710445200
804548379850240000
3433698192
3402530938
401270439
3798271
22862179
746923
17620729
781283385872384000
155358383
797864113955340288
76030110
798475161280401408
796675231255588864
560406097
15141266
87466402
24756462
1320794574
794945033094971392
794924806739083269
1933042237
214901910
16033586
3230962884
30899318
14237627
3438159286
253705966
791070237949034496
9078772
739324210833543168
500203815
1111301556
769813459156414464
51052675
784453853974441984
731954558310572032
87785291
2590513567
782434260762308608
766773451872833536
702254699
4152669974
2182862052
18566621
199664730
372290701
775672590647951360
309271553
774185574781464576
1126271095
14146361
387527908
723243942775414784
768007237528805376
706414377700708352
3512801116
765900773012176896
704769925
8181702
357642770
2518432771
2593524361
718156290112032768
3294383029
869539200
3346070909
502068188
2261791879
386511911
2424790491
753189874396696576
5827
634430017
16400344
109126632
885907380
3194450082
156933880
295864803
336770780
101318716
737700891738832897
2381084299
360564115
1279756028
361319984
901150381
70320067
300980950
4179641964
310915692
420473588
2513671
734604760196747264
4407753261
706333684429787136
10816032
143251679
731831282213130240
484311507
471893994
729883016953143297
6488302
1924421
2183302845
100442265
1886927136
715419011794673664
165391263
2739754434
718184388282998784
717940803314655234
770972916
96456152
3305126507
1679507360
2362858045
27064840
2274930424
1317739632
713221543048781824
711226005235470336
1952061140
851237766
863603622
3845945848
707295406640640000
111383200
2523453991
17726433
1614992509
619368961
10048652
3306462577
704661079918424064
1039531
27541799
2724449752
2892769436
3115197275
4813181108
3604110135
382769917
15291957
384464616
4834495542
1565675276
39835900
2369849120
22789417
3195912266
1051783675
2774346602
556876820
270062262
14695816
22784949
108912006
4855138347
4417643352
13493122
10232022
40629799
119309269
1961006246
11024692
14574419
15769046
77989778
246866759
4761739872
15030908
3020043783
16947186
2261431521
604580652
4762180863
123530140
1412429202
335173490
18902263
2784123889
134518332
8050292
48636190
3675525375
4663512012
291416428
36319168
2436050742
2554142232
18627588
611257544
2197229919
128260539
4535765652
459199185
17048680
1317699726
3046681695
54904679
1674334488
154885144
4426505294
16525791
3327317491
2330250068
4417350134
6086662
1567752493
3450365062
132232343
200106283
265313372
4368555434
4362584713
901622635
12414652
977329038
219098153
44605684
4261075402
2936937503
1104113916
205653431
259987103
4312009698
61834778
2999992556
1339424154
2919971119
147998076
6994682
2273147136
3018484132
223209692
274651857
3694258883
4219998979
2343198944
4174682777
3367749082
3235257031
2412762012
3871732397
40459388
3972919738
8748292
2995653790
4132658600
78255366
243454039
818151176
4082118558
11647412
4058156538
1955471048
233125776
8882
3368250893
80653466
4020260536
4006005795
1722308610
20113372
1745324546
3932209940
389467251
48843
3920432174
2832706414
224000491
224631899
492966361
3586548734
542983840
37508901
12084222
774729949
3741121218
3877960454
14999362
76693160
267295903
2645367751
105413219
575961466
958649520
2939754201
14201931
377972561
49002516
3727547352
13046992
3773030609
2372315166
551404710
3277781402
3695252306
93466043
22839233
9750162
2778739466
2200479902
422839831
1205884376
468076687
3688227917
17888056
2167536744
9564012
3569764033
1373916037
609929380
366142405
6820932
1877714197
259704449
3369207737
3342233953
1888851146
629672613
3349074973
3349037293
3343701494
15968688
122334029
2209391586
348558925
763947180
3400457638
389544877
3317827795
2550865184
3316667635
3219
395367768
3313047660
2369709559
3301130192
31087411
282679662
3307774530
612849091
3306207222
18060782
189377044
18959257
45212248
20656090
59036562
3304167812
3303104522
148692806
21318355
2498767934
338244309
3295575144
3190401
568345366
3288721118
7795552
348416778
2531404756
24752152
623502456
171257140
16779204
3087299097
3280322262
851681
8180052
3052154010
3253516885
2208907182
16212871
453141300
18268293
2853615946
62823708
3251271217
2430063242
19341961
2473397874
3357902129
14246782
150970399
2962936458
32329084
294750312
124036182
130870346
3031945695
3230995909
14770712
94742412
227021977
353054722
162929468
170773871
3335209881
75371912
51143725
5800792
1409396179
43727347
50965414
43640837
1730346168
3281418701
1961018466
3246221945
119522652
140305064
721686930
2990779205
1935706704
2347717556
2680139162
24615885
251389837
2396891
77025501
435235970
140939995
306975811
3231535544
6716762
2869489134
2229614502
75108202
120345886
1009136299
2853235177
3178334706
170707770
2886332605
3290131103
3219944900
3201962180
2824901672
2437868570
83364618
3196179254
18092306
2766837924
807048595
415863443
2424127988
569885898
1248397442
3235720756
3237514492
225847371
3069237649
2534304840
255864200
589338697
2332069333
41562577
18952281
43189395
94079621
7431672
35556214
2583832141
3145057336
2881323784
276306035
17757889
14232682
3143445472
2508831050
3147431182
1632085459
465951666
23727341
3115323848
2481654866
226204769
302424677
206671543
576594836
3120005904
142566574
6440602
3068681156
3115303933
3112785691
2489685968
356169409
14421746
19682566
19587559
633385022
1270136126
12551672
20559611
3097876394
2518331167
325015148
246597278
312174920
1672238575
57309864
10173562
3007816419
22940533
3084715905
27620289
3083101641
3069791262
1349786671
3067545440
489868737
435057539
2168056074
2458112029
3043111302
760557266
2647168484
3038445307
2283747464
275393041
576169799
3032373924
1227773322
14380713
10633702
3024075038
3021147524
69496707
5708752
13119852
6141372
167299917
353314358
2294716117
2510826459
157515257
1012986990
5447732
24895928
211631925
2995115306
14075832
2991404430
37763558
2983218409
2977855498
2562084486
2837328236
2978317335
320661693
276456856
206011955
232771010
124721982
17116749
6108812
136828167
1258288412
17813665
932898840
2907647533
949851962
2710307059
2817247730
2292390188
2944132681
1280287226
16296852
16042052
2773847181
87027153
88676762
66878381
2927863950
2719599074
2576637606
403380006
2915308786
145020533
2456223144
2923170152
32904441
2917852448
2918424036
2766262399
14886242
18635477
2257886941
2910970812
907924568
130175843
1473686120
534418675
161170805
49355545
17568019
2469698636
2897868014
252923729
93195100
300986235
17102936
1167122150
88741641
2480386003
36478666
143171678
305702898
1709915652
1369611066
136894961
2279676373
261866284
21229265
2588916518
62726655
562224827
2696908530
68757164
39673716
2886226440
18508344
45762760
2173705556
1889745907
1978689626
432160231
16398628
52464533
2384039106
456759090
2801354676
14132114
123379927
73621426
16634545
525086166
14278893
48030538
2152848320
2791602028
855115267
2862879450
89359135
318985295
14321097
17505659
2840016086
2837822090
240995226
130932883
19225509
29672109
1183407116
217607920
43116183
315870572
559773764
379892866
2418583040
1044155796
2817666535
17499024
1880306581
2804116470
16755813
401036847
2799435019
2760653878
1324664282
2792449796
3023811
20718994
53890277
1309911787
1453200823
1644951432
783092
2776757472
2752084053
1026891949
224213384
2748053693
2483419985
148502785
2711145416
9610222
47697352
15075911
9777892
11331082
2735615384
282676041
49589145
37225797
23352041
2722158260
14172581
15876153
52549908
468291482
222453226
184886567
15089764
12456402
804804678
557471833
2690549082
543690714
35105047
55200121
15370155
2294973487
2415068220
2428741
230525861
16130949
2328262619
1279291309
7340612
203753776
12556352
13359792
343023944
2575485504
1024471
14142540
2202240805
1708234184
10720602
2282684730
189774466
29844206
29873705
25524610
47519618
14509080
151453387
15398764
307190181
537367921
2507970252
146859147
40880568
76935390
139622785
2534389385
1878501
6092972
2562938585
1349429256
150273489
823929631
363965115
251683429
2599764654
14111858
1277332561
268978888
9481992
17269229
96109900
520752538
871395517
875233530
258840559
889625514
407368402
163283915
85363246
15490662
23584962
10817782
2565570690
17794287
68579837
94220386
474291904
2195236717
15104734
70188508
31033695
23281765
14372681
8981
1350190537
2532900270
713695694
23847535
12372772
972778369
10997372
634788641
6415422
216455546
784942495
228549360
458647237
572756270
39828116
1619203687
15973163
15170764
2486795665
2409000318
2489419699
2386392834
35121912
2308505875
23863969
161564203
14715465
107844617
13103562
90279227
1558323362
30889556
2422127448
1710958634
487623589
249055962
415929399
269876036
3068581
7968692
2254590336
5303232
95264163
2437535845
410299970
1357283618
15748376
102716909
1261811012
8119452
57266396
18496297
15409828
89906911
9247732
377172094
83779608
569638173
14612142
28045033
2269238911
157744770
608564616
973477711
20771265
2354439910
69080265
2250049880
235396712
722313374
163080050
50545869
6745972
569690899
1286735617
110483847
13517712
18257882
2332176530
805358514
435590518
5949312
1122487789
138370360
2336355120
241371172
17517459
37676258
23655357
121679850
803214079
34296565
154793244
14664772
31037787
14529984
1941456434
293687258
46687051
124571690
1909501357
21312817
1464207086
2231070877
32193364
426015657
1699386223
2330104380
2329052970
1247484733
45323019
81038069
875418372
141827193
2323472286
69004754
15137061
14770785
5612502
999675667
126718519
2289789930
14800329
870662634
48331771
1515295615
15822993
2290201296
8261762
2182346514
106682853
15278015
62718954
50126117
93481383
15792865
961767164
16651325
339768274
493530047
1381038708
388649212
21300427
973350253
389420114
1076874038
517710986
9129112
1227908204
770242520
1860616843
192293734
1897992578
25396370
412762043
311514643
227214408
685063
1950414145
16267309
818459311
2236155186
40720843
533770845
244214876
2228286446
26469948
2152839685
9577102
3649181
25770354
4411041
1465216824
342880948
7297532
34328935
258031134
23844662
8705572
1455554882
15888732
23627590
23662900
6173382
1889787722
14304568
85649579
414291833
1931893314
33931936
626566306
740343
12956172
14954268
38858329
53717936
75817581
8859592
3058771
18037594
216808077
1304626501
18194708
243331145
13831932
10313032
1924804494
1927351394
1511803818
828100297
1637465760
214338614
8727332
175168501
1903668954
76810409
19576094
4253351
75026350
93710949
1852209806
109658617
1866296286
275287956
87373548
390236293
61796548
303486827
33713043
199996938
38720974
1660090512
39177354
14687423
292994817
1485855133
89079680
1547034721
211566653
109967628
1636463466
14179979
238026858
583418465
1364943300
82761927
974946156
33787118
1033704926
25023946
1596244406
278037082
28155738
77212460
462272944
151136466
129958048
468537313
1569069265
216967002
40519401
356255884
9862022
46156776
1372109059
314853104
278928835
362066616
984628201
64367236
312855649
21353700
1436992904
384908820
234886053
1288208502
18144058
8692942
21911231
22505608
429800217
245948528
40376107
131216920
271487544
209527724
263149295
24263
58964753
821963496
322827728
17667371
10921672
1156678291
25274060
29719864
499038308
64431975
82363
577822911
545363950
144931441
202930348
373557640
137829618
19160166
913952310
17416175
33475028
25388528
236089697
14799719
127783522
96403515
137340811
219079195
11819062
8373192
49422078
1411447261
273430255
621632129
1199107676
598181363
14353046
51991419
14241271
17407196
54244089
253531716
37658321
19304404
110953117
28770885
1379790824
1099569590
142333208
94676814
6742522
250270797
89310299
700394402
360470528
196220599
362317156
604172303
6886392
163006228
10082402
576077102
161200970
422077200
9349782
14299391
815127636
541145267
1246841587
224906179
471986795
613940770
519815465
1322417510
448869277
1233998786
213959160
181739090
11089072
34568897
153112999
130494451
15705680
29488960
540380886
14707199
2789291
9872292
492733339
7250142
393633968
63728727
16881858
18133149
487021079
836165498
9884882
1242429835
9717342
219181947
1232276275
22808453
586773658
198324664
147545877
22064281
45932490
1214177611
65468699
21869817
14541875
45633
415224493
1088090304
52151497
963078486
27569136
829847497
126777134
19547185
101732968
18524101
47105948
66946501
57076952
297636217
42067539
101615201
547542986
18405409
1128565020
1130105682
14405393
1043763872
16062358
14722480
56437995
566443550
996385910
224232854
773103073
8396792
135634231
6016032
88287944
24827526
13307352
1039646491
443398900
138244129
21421471
470343010
599576783
626584696
522834247
514511670
536332734
20032060
961048861
132737300
12892712
739293
434934748
185335312
13512962
107912329
83988021
486250456
258700620
40773719
590346587
15188100
260116832
342790966
57719614
11633492
36172535
199959370
409332669
125621019
14159253
128826719
48827115
242427631
920015282
313543239
16391942
356276321
376840256
17851599
197078600
271783761
573641823
453472708
17883918
745903
213958282
633977750
212475110
858030038
19681692
869837970
554489966
41607587
17846195
34607715
18381318
222405646
34042099
28429477
15268864
276521883
6755452
15999259
270485868
19927012
12127972
3355661
437704893
6066402
15877392
240768319
46116456
30489954
762182
83607364
258392490
20462349
45496942
53560219
245499504
72795699
40426722
156711353
78613092
39578477
610171271
44897207
19550956
31456631
594364959
296003222
1771481
551942981
493328429
437847758
248292389
568868731
566146390
244852175
561173423
490778706
19819802
18354056
30547882
405141092
17137806
156681476
23548398
15737199
115516927
9969892
51763350
14980117
512648183
14710804
764365
20853845
35415477
26872162
5055021
14557639
178796444
438520238
221879212
15649355
16811920
504109417
309008308
14238044
37368563
491672796
135103
6271482
80523
47735734
15023020
487375262
13994362
318664334
356565711
28757764
56210150
21624641
106848913
463598092
453398758
14790729
16477376
11680762
75113184
199440422
373629205
404493034
141465291
391349050
371736181
390559653
384486541
15911738
14278225
739303
381669259
384782692
340355547
60594059
70883693
304001651
57432700
47289632
116158710
2731801
