953304055337668608
71762380
962517114
280477264
6440602
130690431
253449166
177788470
7516232
45678357
16130949
2756479056
988465844
1073388199
942544632898080768
34698700
14585205
450846609
543531239
153158056
10368692
428058083
386505090
3595439354
4759631
18326200
12486322
487623589
29843531
15704940
9309912
14111867
68442845
45297280
1286116932
256900512
901773635962195968
877046059
163997887
255517813
872449766931800064
1610881
85556721
14815775
284192166
4025495236
166584623
101280438
15040566
140786389
46066476
892376954678235136
3365618279
408084829
2335363536
109086082
1206584349874933760
102659003
20637708
130763650
129172726
2856932848
135210800
318088798
1634706151
1565623927
1108112872171683840
267256091
895591511768813569
831398755920445440
148074422
213077589
21594615
735954684981084162
3044686542
1151228027751321600
1968716382
1182481
819927704850038785
183575679
