2876742314
103760901
17242884
835033343842529280
107048264
371974097
801707554946613249
1066079210
250825468
869530006183190529
1117761021438038017
68746721
2460368252
958146217464254464
1001511262545592320
3318844765
240051701
22467617
34260029
19915112
216939636
958023373308776448
875203489
1069568709533069312
844152803991994368
893046370189418496
32283900
16004228
1022585088381530113
1031995655370227712
3146383828
4707372193
891748059998281730
11963792
33861734
14334354
25235365
19429174
885019717433425922
971375869758443520
1870709658
2229505322
843499634517594113
722073536735670274
750892662224453632
148518970
3079929572
2440258777
839804970614538240
33764964
3226853798
14351134
842854651569618945
360540433
933152310066167808
932165227
933004573056405507
1563832183
1715370056
805592191875694592
2830370755
383105420
1381371001
1009760532
3216425878
103571197
567537377
283608955
877235959083003904
895591511768813569
890829650733268994
829365548068782081
880766885544902656
3088479586
84618490
50870602
2638462108
1138959692
13334762
2896582829
835082784981020672
727101040928165888
840860792421531649
109915781
2397601188
845464952752136192
71344736
792669135125839872
522126905
15340180
1675676161
3109345520
2839509868
817754372973195264
474145944
86799066
852473963397742592
1326645300
90428124
127042185
15940287
500162083
2973406683
24431006
4911181019
4594504280
823570495694077952
21197393
40995810
539626735
3409901933
4022411
1851554534
597868047
17925320
118263124
777505366825402368
97174061
159846289
805351033241223168
357689527
733211483430064128
4820804277
158618726
823623126563090436
806895230863568896
809427007587155968
2343643404
817133222484176896
838620675971645440
26155124
752445341178458113
224161598
790515952953724928
709355866181476353
736216890662658048
4151414126
2552813983
557922483
466463499
54536076
2853758107
114258616
796707847748849664
800997735554052096
353520778
66208721
2520310154
2883491409
760558448119517184
822124248177188865
1276346184
2614309825
803525989364023296
29056801
1408449174
792105681553948673
282815200
794458165987438592
740435604970852352
2456160311
1218441805
4005154840
778473619357855744
3092522740
14437946
806898976683233280
140618811
835418283281166341
21774567
2828720887
263696156
4034685058
28170108
2795481396
13813962
1710851520
91608548
934749505
9377892
98347499
773118223512403968
42818205
4927569497
25741608
826139157047148545
14226484
219078550
3229980963
2268977245
710053476542390272
4002309269
425745533
305097563
405438270
574347534
625544587
45420135
298597381
92241457
190993321
15775935
1701823658
262671176
1349494424
25548418
114573522
455084468
82147443
1823987821
305096845
70736359
86640232
804027517506093057
783366686833606656
797899718630248452
801792750106578944
784888486813892608
788647266059943936
781271660766851072
772948414501969920
791287437880360960
783014080395276288
3131046905
280058345
153158056
1257618596
3596154496
785949670858121217
2154807762
707119819
71759599
2929665105
986987786
43862506
1452191120
17757783
101711550
700990636711870464
1922982428
147470258
331604266
132747287
146161185
1103570690
2895821985
779287181823270912
249054592
80250475
10737472
62355366
41566604
2547745940
2953434385
722186131891187712
765311247189291008
2369948960
377654770
103516223
4686586766
31367101
4174102942
2627108586
36332476
63508984
214234155
86061373
31947851
2187923560
38178409
1222710751
17261236
4853379435
2924356069
2658108792
237051167
771203524872908800
772203134269652992
771530276488908800
2904360851
2889761842
14303171
631238863
358817277
2784092455
3091388188
73039079
744953241578905600
131772959
1300969417
4249174403
104931473
916734361
137019259
3948752537
2612129473
31626983
2951244234
3374138973
131181946
155000023
747584164245864448
27696744
722385416729542656
2494212979
1653745418
1060864585
250903155
941463643
3959153969
2792512074
1092889387
777930207508434945
778200304953266176
531383314
17510568
542357346
1289962026
2278936752
4257634888
2529803774
49554600
317965625
490203158
517633034
3152062444
1728335761
2813354394
770490229769789440
18129188
770377177296543745
757676828664422401
712203030079414272
386244145
37294789
379676999
2813217542
113001972
2999992556
493779762
3300246153
21828411
481867656
897463404
15520580
732501965070995456
1953686246
2245759994
1253544996
326295039
379167308
317084707
2148583106
1553093364
59038874
14421054
23242773
4178150111
22600469
1447417104
2303751216
3354999513
16017475
19114994
57048572
332279509
407200271
634406525
1068157430
1158907603
2522523884
915587605
727503677834039297
1076954588
1401507799
314638587
3333120395
3314811411
2901795284
112253318
1337030977
1080951222
36752136
3161217664
3318956939
555306992
776000004
448408740
929733698
23611168
19143163
965268559
4515151
2937358534
2293448083
28082102
773450
89036871
155488990
226120312
260294474
393621632
569513454
817733894
1015229059
1037737514
148779346
9481332
6348442
733994123678490625
7025212
8216702
969542076
66843277
79994923
2800441922
2416199407
1335366913
296664658
414979077
369755821
3445804886
15500043
166165706
347261357
45691039
3074532557
9589012
2976713984
417418987
146398905
1650231
368551889
34485966
753858934524575744
3350580543
532115122
472104120
1909185565
705253482
112481031
2363225568
11272022
12296332
36133587
474823395
735111228322906112
2420911094
611597719
18318677
124808532
772810470
119802433
140772912
331659804
2609102970
381642287
2311645130
2412318637
269710836
885369445
2251028041
15844782
22648042
219932455
469960224
91206387
350860087
68583134
16284661
197662233
787765068
29278059
21308466
418803806
701504334341734400
3598640993
376191056
191161083
378800745
40197991
61555249
204703790
1400489058
17142046
16240799
37677496
16833653
3315909533
32493647
256510818
327577091
632091340
128275616
1904357113
144529492
31749857
551600672
2446051891
8496762
393334207
151103148
207401870
16670985
102041459
64365254
2976607005
566605603
46782674
24096463
3018841323
103302232
25843776
255520114
44590933
18247432
14145371
1407188011
82467442
60633605
353860007
354221958
375754161
746083131917230080
737390070252998656
15871746
488000929
15298751
438301250
12876
803694
16134540
458647237
3046189738
75630861
1389317498
16948477
18367054
22213177
16061930
457517520
14839109
167960058
14578294
5082531
419639256
1227698863
2482474291
2455929786
10236922
760222838
42884313
2605251686
1259043697
237279906
137712607
253791979
15160685
750554018
77449588
14072398
29649822
39437948
14066062
107376471
4538732655
521448718
472076206
1201186872
90155533
296624994
43593
782325
103819241
229564414
1098742782
363375942
245217900
1081568149
18484769
250103509
112717095
18068926
23009949
501890850
38670441
46486816
99390322
310616113
2786590915
39413322
41435950
14328698
42079656
89440968
5849202
170165198
250257799
3827302049
2409675732
722588617231769601
717312300529618945
20748873
262082115
2799734223
22512172
1431049680
113022733
14344469
20963651
1024244078
765548
365145609
2350418264
19187806
22305148
707254393
117345550
18463930
787451516
555031989
189172089
2277632947
233585808
1595809370
2988003075
14118591
3497513953
225345182
116583614
57705726
62183077
103693215
15379361
14412937
14716770
314708384
49413866
124797824
6982552
2175269388
116565980
865622395
2438496434
1611332490
72030668
20964111
554048989
14053240
43821108
3371376807
2343198944
3295570366
46791955
276508048
347602644
16067035
768197780
34540379
1168003974
97582853
105529826
471550563
267256091
1231476866
471115314
1237502864
19520842
2596977194
533047414
16047639
122451753
898433816
191029020
7739722
370409954
103004948
2331747024
15720336
20520190
894057794
488417933
60959947
77212326
2797602696
2385131
2330710330
3230388598
408520849
153350471
305730903
366088660
1008658832
724797289
144592995
488349425
267283568
408440808
133669275
14174897
299081229
435251099
487591270
507415544
727813255465414656
49427323
708755674365366272
15724284
46751719
260781838
3402914344
4296565883
130115076
69385667
873758905
101294308
810922056
3309364493
2399987288
713273496315498496
78015564
208006664
94569074
266257331
2431547652
2592325153
331228486
465922900
573472674
14985056
184543773
41643059
43186378
2205307848
413775893
59262230
374659701
98915540
4863609262
13074042
583157823
862065416
1851232556
9325772
952374438
2480951
24253645
8633582
856939650
297626682
229638179
19198198
21290877
287309941
47919865
1952008692
31107562
14441849
14706299
6887882
54711914
17710558
290643086
121468512
281877818
15618138
199192115
610659001
389630336
534563976
228475673
224525046
7433882
607323613
42113624
90165278
14100759
299208701
311880926
120516172
124512591
105530526
19080526
600943290
1349208278
9202502
348846669
15090415
125720678
577250082
340597001
1043227734
174434226
2875682379
3367336625
2420613404
1728313302
169974815
198965749
3344188407
233491567
488480041
72598303
326299187
258947612
2203330990
14226594
221120834
37806465
64496701
70784139
491480074
32311190
31290415
306268146
15826695
15926931
762323311
69385865
8341952
23597621
373047480
245564844
7681972
23483810
31001654
3192402548
15299357
3316270332
273200904
176883031
1918556978
316842679
46245868
143909021
103508957
80422885
42016359
1392826357
115494880
708559276596453376
15102669
27366865
492462042
22506784
312295459
7558612
1420994827
318466467
2865404679
197450751
308226281
251653097
2809924749
127634261
43507395
11595422
465598480
2613466056
843102126
376266865
1076578032
237293565
233479518
468207337
85361615
468510287
468193759
510501481
472113269
466390337
468705515
467270125
466382079
182857317
2342629304
1409927420
973971846
49383389
20167623
14588662
141069756
23978125
42209362
205486955
75503
16558456
165751336
234836761
13691922
4150858821
2613337543
2193723715
4619684853
2735530658
3007318786
3246269706
4886662091
1320611023
2851362587
2214285223
3402736161
881530736
191232431
120081931
37675905
486568691
538974303
949429674
226088003
390080078
360014220
410771918
17163609
1334647314
131498466
3374156241
14109167
393033324
17522755
15936229
48672633
49896242
3318510573
962656728
150705545
25819761
10915042
5685812
16451485
226713831
17093617
9308212
25213966
34677653
39010299
58992745
130570965
235261861
273824942
555580799
559211484
636243089
822338022
2167059661
2170413740
24228154
363210621
342250615
405033226
254791849
93473293
2505271093
109958944
220145170
100394466
109958517
93494670
281393100
220139885
2149200998
41122128
2613859267
377578645
4447292753
295344317
540594310
2499047479
69133574
399453572
2467794799
634644684
