299798272
1194321986748637184
50372842
61206798
450183403
1006419421244678144
281623658
2905400661
15226588
42384760
17049310
864540407383937024
82377957
361690384
72220010
1006490087985696773
19750159
20406724
21035205
271516623
770729895374708736
27546319
705850200473010178
4027457975
839145824
259547980
2675389368
16582131
180540375
16956152
1648668355
24971644
1171109054
15850897
151385714
216217084
3270313753
720523873
586749256
546941942
34991375
602142693
1047629330489036800
3612862817
102647527
1474335595
14465137
205864193
30354991
182503471
49698134
158426909
4207961
825727598038773761
52302477
3383507169
1548727537
140743554
416909756
843682712
725387186623799296
988465844
959127998409699328
2499235068
605923
1658900232
7516232
66561957
80700514
71876190
1053301
3339171
9696462
893250853821403136
420695157
75420838
1374923108
150388077
311488768
1107765690
2408131567
845777736
475052447
370217405
997993410
35865630
267850381
548853089
459477482
278211420
340703214
50391029
23968747
16910050
155590967
34787179
1247437484
17669367
483521999
16129920
14377605
15764644
976645441
384650167
392328306
138203134
22946669
16213013
18033550
15023872
987103302042054656
1049681147846950918
1052250631552073730
16507835
747491479061331969
220367244
462208178
3265702682
22073539
72198806
2724262999
3794100312
446300702
1725960433
609733749
716511582
444073158
492455594
1360234609
299345388
983788215206367233
981945759607246848
983701640053186561
983710492123385856
972255776218722304
1676559900
1633274226
249839082
250177971
1668645026
312922203
928394723554770944
928595262
899670365462462464
1011000161273708544
2613730028
2691433097
884778138
1656033290
1654139132
792079658237911040
743429399337275392
3219746467
122419252
756949695398760449
750395889349382144
725403082335506432
765316495505141760
3307880762
1465048946
1638804558
15155074
824437258941980672
824119137031094273
824726751209066496
824698825499701248
824248798948052992
824450140131975168
824494641890394114
336116660
23544596
44039298
1000262514
1581251112
20032617
1023648132595425282
14129415
71762380
15425377
327032058
283108742
2557362007
168264219
267247267
245435650
5518682
193981817
32091770
7688502
499911954
18308817
204825176
103024640
781786
2807944908
257978453
1131195510
3382999846
542266410
4034530393
16558988
820206094219874304
782265789634252800
9385792
110244676
212187685
1413771
22120094
1451082738
700723041936932864
2289914125
94487435
795207442283962368
16489982
367654624
16187717
2892219338
47418865
3221480779
24576030
17323972
14656222
1210952893
521769198
63819362
15704940
14325738
9309912
2175647936
1049495413
177788470
361507335
14898461
13895242
8692942
1694961
32167968
825072118295625728
1068951084
25533281
1057665338
61387084
872535841641345025
238286255
105092655
166557379
18231343
1307761
80883
6140482
1636392366
125137399
337823724
1295086058
7617702
3269294971
42018126
14360894
16130949
625093
2869663966
18121997
44847206
20342875
15751438
6320592
15524875
120766191
801230931272994820
23534420
3820356254
14196970
297636217
22808453
4253351
815127636
40773719
61734492
3595439354
788524
20571756
3898598357
717313
18510860
113439399
2812768561
16434823
18957805
449588356
6075772
39668527
91180720
148593548
818927131883356161
74628920
66409312
162436508
427505253
4519121
275686563
2863488598
14093339
186154646
14677919
65375759
15808765
20479813
20609518
25073877
79923701
4196983835
2783025822
821782476515409920
14260960
926620369
937499232
823565852922576897
2729061
47509268
90488576
91478624
4816
90420314
15473958
35206553
47216804
36711022
29417304
824467746436120576
6974622
13982132
29450962
289342771
472587261
6745972
21312817
10313032
8304842
15188100
10997372
2710307059
547542986
2817247730
9862022
178796444
31087411
128826719
255864200
470343010
6440602
14159253
16212871
1320794574
371542569
212475110
586773658
258840559
518585367
14815775
153112999
30889556
271487544
2343198944
875349400930983937
104427626
106682853
40655158
458647237
14426655
38927264
21551747
11974732
290687495
1388585534
3026606975
102010530
19862905
355428046
421859846
45914046
360775122
29008198
15752718
220885345
253299110
222875633
40869925
14288134
18618298
258424459
1131229675
68299529
712589605627957248
519262288
1872399366
1198537832
1138959692
2813398537
17620820
14627400
150621067
12579252
24253645
2480951
2355653179
49423975
19198198
14706299
34212459
14662473
408847389
846835553417019394
80589255
94133565
27093292
428058083
970665628750270464
18966808
4782601
158272788
402957663
109086082
277516484
4083688114
8298082
14392797
1894231788
14786131
2351374033
24223629
2176211192
6168682
15823984
11493602
1862291760
28584787
41747400
132414313
261126954
551775889
263924150
87397938
2746280558
317342174
2831226292
1899641546
21112849
759900056
86911266
63685601
436557622
317958106
2386326275
2394148770
2247004801
2294498827
61450762
89228753
943047591364788224
1136626388
286255386
737000879941898240
43288383
898512525851054080
519483
103549232
10368692
487623589
953305718966366209
946237514209042433
2623269305
68442845
200278362
3804659063
35230061
48882155
21232619
169628323
15470229
20742863
10204352
21210418
24811237
47987206
14372621
14821718
12014302
20801371
17618765
16644070
35710574
17561309
16544694
12434302
16552610
161108742
15337065
23984573
15365988
21999753
27967410
151934168
6820932
14075836
134241568
39497992
15704204
34975338
16687665
276156145
12691682
5067761
691073
7863492
17514037
21113467
228948336
184649645
41783149
5842032
14702822
138885922
16868763
288079113
405667038
199339929
467770405
478351678
208195843
35952929
261992168
519839578
21385600
191892802
6598912
14529540
115561021
847532066
855617388
865109767
15458519
816124
29313406
373094097
13859952
72967175
875740171
594500056
130670283
634789602
545997015
7466492
2041451
14118112
318776339
50671466
16498918
583897160
47698668
456755332
1225496790
16874550
7823552
1291774087
55597137
926799758
234248938
20775221
1072508497
250344120
873956382
15663663
519666307
860230130
589384842
96135022
1239998052
1596244406
10961632
16890685
1145952974
23769018
115533239
17268874
402143587
81454023
712607382
19389228
28240340
49646319
1836112668
20819506
1300724341
2322434384
124388447
113778735
44973000
2304278354
91993679
2364523159
2547824881
416608920
427431943
7106252
19254897
15169400
2839515578
308313722
471941392
2586220287
1204055126
91273652
3190240706
3170778564
98097823
14432281
214991790
2460428592
3408237712
2917805297
1219567093
78867746
4898874301
16620908
3349227891
777806659829788673
280691248
14549846
788359680846213121
34098448
82364810
2437237957
1728941509
836298751237058560
709476815090413568
3201989213
23828005
414056697
26852704
18542790
597938053
18715771
1580349043
17324052
3495328160
93782410
873046439747756039
20685777
46673235
3164596586
22075279
14640458
2444320610
158681231
3511866015
617259829
31443391
16968551
14331818
5802352
170075165
435564722
23451153
103413137
70478255
7300642
177307010
17006157
2078
953304055337668608
24669835
52824038
352605021
14389093
1267887043
393583601
69467865
2292964123
14547564
31128880
16160352
16268340
580454791
341218443
289431709
2996253413
253167239
337847812
23756134
4091551984
183575679
2962250933
337853585
1184416759
4124244183
4070483847
3639446833
357642770
80750540
112891519
356006641
2361685200
31432598
2836842186
93322816
2957857155
30272762
2756588329
22572933
390176029
2983295300
275197798
393852070
580097412
26642006
2715115656
62290422
20221159
47285504
110827653
19554706
19058681
20196258
47786101
75974281
18132032
409486555
19426551
507762718
376037062
170886667
135288093
125128420
581219754
995848285
776208346026086402
96915603
2287868034
265149416
2497173907
750536166236155905
326511843
353300608
939091
130997057
534255106
16143105
16036960
35761106
84351228
49793
86390214
86390762
285907780
57320656
14859445
450842550
196168350
2973406683
1330457336
757303975
15947602
3184574881
101036965
1339835893
824473943931293697
216776631
13393052
24611903
15323106
281234868
555493863
856873151539630080
137219209
116963247
60718655
885681790320508928
816862012152102914
802710426534481920
824301000
827967753369821184
2745582668
1355202330
1398726722
103354917
826885810687442944
2198551928
48254620
816748418626293760
4349225658
14620023
125481462
2417642840
800704496246484992
751283435382067202
11744152
111683028
3223426134
704967105402114048
3167508269
2573480784
15976705
2467720274
14247236
713839291210792960
810590628727914496
68752979
839574081854930945
635608354
834531190631755780
1352100367
24024778
242747411
4925188717
50374439
2316383071
52551600
580312540
259096491
283160294
40794966
1023072078
204832963
3193722205
47881149
454045947
23193042
263767143
100854371
456178697
34015004
15639054
10798802
18393773
1183041
237845487
9286242
614716389
492327798
32973
19073790
1694538636
17017636
386056280
34743251
44196397
43652382
847911374
14381760
872344760
778949113
1691560399
14427818
74386296
5224811
13960372
34923513
132072664
107286421
14425576
92551605
3133701
9939992
15470349
1314101
18341734
36989534
16904934
1539343122
872346618405826561
145479560
40829038
166739404
62513246
2233154425
132838101
15521075
16245822
2167286587
15576928
288363743
573255325
15447275
3010609231
220087241
764960983244607488
4625037762
348785149
351387024
827163392435687426
19663706
28753138
5513002
85603854
19397785
428333
813286
15846407
16409683
26565946
15485441
565768481
248992493
36177413
123749721
370706157
519795737
346364970
56705653
417916641
499436720
28183933
193915959
256289743
97586599
607747504
130346634
1128886760
293860969
1157143663
4495843033
4854332050
739973665631047680
525595860
1343308885
3237579812
350509998
2329498706
830968440743661570
37599351
321774180
526988048
16261754
24484063
2806253912
702576136941752321
807095
40816246
734827156572901376
728783448740106241
718075716986798081
730370318762713089
109550886
4795544535
778402588324683776
2608120710
755196036847505409
16614348
778933753150251008
764134836969803776
780237044815532032
133799147
822919709167325185
6274662
2970936454
748387413173669893
14713636
793698063416119296
817005376264699905
817469638233780225
249243884
794991801987977216
2514810836
729170171982655489
2751629937
160923608
827001607443382272
154533866
1536736850
767711124
3858664277
3223752540
3281420721
238385999
760811078003593216
829235347536097281
739960022218637312
829367795741782016
135499482
829722834733821956
24464714
830707459480104964
827636923497852928
831191392953044992
3140974587
830485564528926722
227561533
831938459753406464
55826349
2390652137
529539762
19290423
14548783
432057577
29442313
115485051
970207298
158414847
18082945
2421067430
827347245213290497
827569721155448832
762698476752769024
490363356
708737598
944608789
2168818056
2813523265
2724790458
2240926171
2305330148
378619722
145843788
2211503082
300842983
18153969
42914038
564853309
407160443
133040246
338612407
1331528174
179182411
431734263
424461303
368367210
384213142
55514717
22952866
81381560
25864331
77712285
415906140
56341402
582161546
426509606
972651
57571700
2384071
19854920
21558856
6141832
57140128
11388132
161646584
1039531
2535547290
14706139
39108132
9964362
49976458
570503
34227622
46854762
15668978
437479436
24913074
19474935
14593576
824314224876756992
1898705755
335407121
819548169595920384
402057902
30587753
2792916099
2391614040
319849176
236075742
803038853548429312
209233881
49396597
771109325339258882
365081061
720260133767524352
796709079343366144
173939001
3950028075
788804194857877504
3037213549
180590793
509435368
824048882963320832
1554687301
2956244079
1943426180
2270301
228640595
418389641
316009257
36713509
448679839
332007945
826183638366556164
2341186004
2480920699
2918817450
3354294375
403555292
623333835
3013771754
492273331
363720748
717521061449871360
532745944
53464190
4396035733
1043530248
747898756125822977
1479522624
32235323
1117969376
2842390769
5812682
18131469
630248380
818829643
341519708
2626735755
259432693
766666625961439238
2953251574
531217209
29833517
365660518
37975581
508175706
22973503
44639944
16799843
295820956
343383210
15637705
2189239843
98046488
5872902
3184559649
39843336
820145255446028288
2323125448
1505504456
37835837
3095493044
206336649
772201393981681664
1460581
36000175
51036240
242785728
2350045262
498950135
95042705
14093622
2533682678
1677427033
804723805285388288
3104612431
1711305966
176477406
16152698
38105712
625216598
2899693052
3483687497
502234534
606522136
350129150
813490963649888256
805214360780046336
4056053307
607389197
229378318
2824251166
816970914285912065
2177102772
425656432
75348577
46442771
860453022
15151268
21626962
216857308
329795725
119191009
137142212
3225724267
16800091
2853461886
956527952
454252689
2282735014
696113
291789016
3989940382
120504101
2421065982
17650767
229091943
605806383
18756520
205711295
496769120
16481181
2745331075
159465774
54922241
197404857
73010963
212590401
17758302
500520568
616530952
56769289
486122700
919974163
20702115
3045138563
284263461
5474512
20952653
322360666
29400172
246089598
27706228
25085537
1708993382
21610518
798729331031863296
84761855
118474432
774246572754345984
15073790
2148903477
482434957
363845794
810999124875214848
2965324384
383330593
17035592
218567502
122238064
38853280
27936981
820100615846170624
818117319876640768
820862202135474176
21205818
128720445
780037900121538560
304002619
772204596878073856
66738494
3037174935
17416438
820654078636281857
98518948
15416816
3106427481
145305040
2725267867
824342552874811392
824420863097262080
21932585
1656346548
705417792565055489
823628014542094336
2705805788
802252025165709312
825383090101043200
24048309
353420340
818660133551173632
807573464374616065
825854649626304513
79871966
3238289722
825903789945274368
705131180
825979623615918084
768534321019756545
636963829
1077733045
921386174
823475164486606852
104945065
2618843767
574023889
2730096637
3787080024
15602147
243766234
244558032
607510734
14469179
1138706473
17086120
366968182
734594235064848384
23230764
1202985570
16521150
42976241
577409797
57549390
1643159077
53820845
323447919
478913740
48004713
16825961
16148780
399780435
224798427
310486674
123096460
824475884535107587
1429325538
15085260
32024714
516969711
17122848
298117309
37968341
14291015
53263997
14705619
214584371
14076555
55427064
6572722
518927644
19210640
147750150
551316818
16578065
701443
14883514
276520075
106430940
316176111
63101495
241247074
20828188
70298712
15729205
63283271
16570335
22664094
181044157
47412698
331418917
17644563
18422619
9366912
18523795
15524002
19095170
168561272
101477465
125867143
255566443
114628210
14937173
255257849
16331259
161539997
22708084
15533253
14545455
7619982
58612284
5124341
58960738
727554449640591360
420066395
239545533
19654508
62777615
288500051
11348282
37710752
19725644
16134540
17293337
167169119
246011096
18318677
89545649
14344469
50818028
14839109
32252963
765548
18463930
57842122
20963651
300070654
116069021
2598620564
22749476
1455282438
134805674
507180522
25770354
22749856
1087064150
2933882016
1268111000
18400889
15209501
74543
64482503
14184671
87606674
18370732
29248099
14396878
30976202
333571749
214205946
20813318
8370692
14138991
9796892
12160482
7541062
824306155623247872
15975560
194644592
2414521490
706255757763809281
3030820575
2869616526
3182289618
73757804
313704477
716267207915937792
174661428
1265096840
3150594612
472400661
825876375793987584
25630757
783839292976050176
3681386112
756053752088375297
2574503726
278239584
744681182244175873
221544503
1363024129
796372059492384772
818221968692547585
187418134
37026575
24850085
2564252803
587775283
30798960
24825852
3135560389
1573248697
824502458554519552
2970990882
244253409
221757670
445081157
171338242
20553352
138216044
3147193703
867291367
29679790
796225076676829185
3164031060
23732236
2220305844
853588682
3119812527
2496049452
786027895248396288
822503233293873153
162534066
835645122
223317953
184739178
36551602
4297508489
2496887628
216989103
19310132
475497037
18717518
172961252
945309055
81532068
3611283074
1152018866
824604568499712000
39732414
270916421
1468759704
230005666
11737492
20708431
16561656
991539841
355108039
15309920
228252749
905127517
14759212
11312992
765207150339645441
39365160
16294737
436222082
7992112
423868838
282356323
9266382
497889424
82137995
79293791
14230524
14537210
21447363
17919972
111089535
1394399438
231018703
168505499
487550038
57138243
3909273209
556380626
245394032
184777102
19933765
326304715
69983220
15790110
21232464
123665680
17945015
11332
201379948
15811608
28564127
44035657
28693930
9606962
87969610
14069365
12447792
401472370
632391715
3326325202
736560131664531457
3422961374
4722201331
2788451617
2768227704
745732426706587648
2916579070
3431473780
709995333560963072
749933723269730304
718192059883122688
745429911586779136
775986560
2847461645
723916871947288576
62723649
59354680
159119157
713253309180743680
131003820
382748978
319477039
25841167
15897424
177812192
549923621
40860536
14263824
336476083
1126037822
994255471
1052303484
343233568
2405554303
2272051578
1252638319
76144276
82287184
14801003
31423933
52645834
1170533971
84631213
1132243428
3183654110
2830377949
19330885
318797277
14898990
51196083
16731206
78092953
2493
2517697075
559375276
3219991483
51241574
23027237
132022097
6480652
25725698
21035409
17732153
88749392
824116562768621568
165511377
40905714
6539592
55117855
824137712286441472
824264707641057281
824315778866417664
824139632354988033
824270573203292160
824190260338954240
824332206952714240
824326864407822336
824028553067032576
3240143771
824320219866923018
825151045869432832
60959947
18622869
2303751216
16017475
488349425
408520849
393033324
80422885
14174897
37213193
14075928
20167623
14871080
326507914
2436389418
157218534
32652567
818795049286848512
172067030
15219932
16629994
618593
304679484
1496180893
263292498
16912124
577403888
2512683048
135592507
20698342
55607413
16614440
65016511
187880099
137712607
99315202
104768601
34255829
14094651
2795500323
1238928506
102476738
1471451250
21094530
19568591
739843947799805953
14887886
40268424
2580503192
545445165
21348967
14727054
27301358
14807898
16303106
316389142
33773592
271725689
5415182
3420477195
17427564
30364057
14824849
22461427
18948541
274188487
1323551
4770258732
3325168985
316622190
29198811
14230631
50756462
11339302
226237599
270816968
424280899
398914174
15620589
93792778
98662718
128232442
1105671
426793713
141133
1649725453
1652947884
152143
16147557
24411159
14659447
80730160
26764887
1697081
716549420
3066069190
357606935
749779355694313472
14834228
2768807890
2916305152
139162440
163154809
748597284007383041
2828086644
316437235
747801286444257281
3805550774
62601419
14318382
51626263
17118065
340350928
18711882
407010066
2645622685
2314419612
25326285
19081001
1891806212
14100619
2835940189
19968025
30142130
10587552
9271782
804775
6064502
3132481
10671162
77082324
5783382
13377392
19803953
6009602
762093631
257618993
4625687418
16950284
618300542
22720093
324634241
18496432
248053702
19221220
61945399
15160540
3433497197
2317884102
2303592193
30971588
93476253
807515
2329921
14135186
103989154
18728897
1930971006
1475827646
3533559315
59627487
14412654
134072288
284352660
14345164
20565115
141633
16136933
207627256
352510636
194203770
19203768
5469572
135899401
19819769
10820482
14191640
3094891
85307840
94384796
116306762
215755802
8960202
2317351705
755373
633
750093
15005347
38221421
2413261541
15433622
35875967
22848759
14915653
17559542
86089627
24913052
27115071
16450742
209611252
194337678
