14159148
15134240
14499829
146569971
14054507
22120094
14117880
14993466
614318679
775473167183863810
227928681
791300
1212760253676146688
118133101
2981885181
10184292
14084530
15656207
752133
257600962
17518412
4874289952
1233663476
922943158434107392
1015520880804364288
913494466568359937
80881027
1035676762380759040
1135180545489588227
7516232
17170196
8870242
709644992
23554268
214656031
865539901
761207626600484865
1216393989345234946
134648801
97114171
1093771226
102099663
1115374579
46210626
15301028
19682566
7617702
24904953
15398764
20571756
74543
19314238
1186216596005675010
861702441569361920
953304055337668608
705772522185293825
3167301
1199812749469126657
4217023737
142415193
3227346389
14124670
937715702
15300519
77908845
17053540
280477264
1565159863
8692942
162321873
3380973898
11736872
494870257
714775800
1144301762330804225
2301963115
104616026
29156410
56837667
9463342
2327560616
1538841
2467791
13611
14706299
408847389
9309912
82363
18966808
583450546
615486974
14816103
1725985022
2279845026
370808273
16581604
2753928441
18636447
14563437
12691112
8104532
50706020
87914521
34620550
16130949
868389662
177788470
5574792
137885308
13895242
9723932
19599604
14306062
1690731
2308445042
185043343
23227706
61233
94133565
250671447
2278070497
10399172
239027918
12687172
14343133
16672130
10680142
1639629804
12486322
2729061
1488383220
15651102
40975804
804180963534237701
897226646230634501
2806000111
3649181
793351
1397791753
7340612
20410251
143883
9580822
2228878592
382489438
14325738
10368692
17488992
27093292
1106592332902612992
848901
16814283
22545571
110244676
413898659
487623589
6440602
16821279
41643124
901773635962195968
428058083
88065225
382235385
26557077
2690731844
14441010
71762380
634255790
3248641335
43963249
905180649824280576
9720922
966022954265038848
1648999932
23092438
14602130
79245679
14130366
166667340
50090898
847190167542652928
13235832
2384071
44423
23863969
11547582
787149253302812672
14707266
15704940
21185883
705850200473010178
328004734
58468359
15662351
138203134
455496919
6998432
1976143068
26073581
18737885
4526988377
206157730
204508114
790951790049198080
42174000
69742890
42535683
321152810
390381901
296534058
4924669031
104680637
2459966755
964527690517766145
22283200
382698473
16517679
605153786
10877082
2738471709
26756955
1012412551014047745
127505606
106234268
326511843
756129
89610282
64482503
15725628
3293308542
124529561
78744813
116589820
292432829
116820849
292521710
22197119
25541932
446719282
2829401
371017223
1636590253
44196397
4816
16129920
813286
