1232415816173281280
2568897518
2893374305
964062236451930112
20306808
37753904
370801722
999383775644737539
34581135
13598262
775044148659298304
386476099
91438333
1214112435470123009
2218382228
43598989
1267209584
19822081
390808738
158516358
4686835494
1565623927
279447012
142412926
505087883
3388275009
1549209552
1151228027751321600
102659003
1206584349874933760
3027952631
85224634
97007783
1219994550330122241
2543214114
1213471939370467329
211219245
19649732
2907774137
1082918351284785152
102794840
949639269433380864
1200063141004136449
743540416612601858
16411780
1020398883548073984
1204057117654736897
4622629702
263124812
3598403055
3775651
15233333
736113730191265792
6603532
1186628620346953729
552252043
3111383093
2468420658
962983745983827968
385327991
63501578
1170404948
487527671
1037263528787357696
491502015
136676452
733381137607823360
3412386129
2414294526
64503250
1055850644513398784
54572504
65958135
135178777
230116553
920990355394265089
148815591
767323848161320965
615469787
960913312312676352
489234750
1126833591843983360
72517273
1015730141140602882
1124659144743690241
75110566
13531352
14929709
73105258
1464967884
1118820276454739968
2422612375
2170970564
380325553
4823132524
984162487544242176
986544095031185408
969612853106921472
321413055
1932213979
1014199723031449600
2585386675
519912830
507613628
1051739311798976512
3620615237
20602411
1091325785179340800
913409907470237696
1053733481178644481
1068968430
8982862
29699004
66961730
1074388995633831941
212179973
17490090
314441858
120097281
122070383
1154883031
2605644583
2800688893
1006573434866946048
2401289317
944209777009283072
1047932977496428545
373861960
14563616
1920860480
781261103074537472
4009999396
3420716327
186438771
131248550
18552767
364158917
17177403
1296585072
913362996520472577
1050380241506582528
1050385445295726593
155276709
87419607
846257395923931136
102738229
954492988595556352
68968534
200242881
920630539148845056
112989360
2482683912
1041656941536133120
1017706181664624642
1033256264145494017
2980163662
2891883185
22467215
100230323
1032921912324829184
1034126462545211392
1033646063536799744
1032917230940553218
1033288379562184704
366174712
1482692473
1006935393906909187
2294525016
960499437666734083
26969945
1002997262727839744
233508798
2251623492
53169976
742761194268819459
297508246
959070125105147904
1675857618
77596139
288317902
4554042797
171425730
2711729874
2845005724
2436687155
737793574712934403
9893772
414784611
759482738382700544
308726233
78260542
819842166797307905
771049884740886528
1342464696
2457021696
855356802292215808
913877691228499969
20617471
781729869155725312
938066325179682822
2214857786
2890926991
789376358547853312
910574203274973188
96383
556740689
160862458
89162993
90827141
935023920658419712
567200458
17775069
3342644152
1261335859
14050248
2196680173
707878128643874816
38869265
155601499
211935262
921094392550707201
148746128
3291148247
756497632269336577
2571501973
917769103267463168
3642230476
1488570528
1317739632
910823439224721408
564064293
856895150844465152
61133
336675896
200502746
852232885956476933
786571798167117824
912938542254510080
915973929054982144
907181642619527168
917313192346443776
4782604808
15521075
1240421984
900289016570032128
877150424041742336
546293519
68386544
778545626464325632
796691046
808974138329202688
51406027
1917674971
50695200
1343779440
1113698070
710657780
52013293
4860492721
15015932
861997033992990721
11801232
430585079
1154638884
795418680184057856
2241973002
2756432228
3117757136
1653133514
820619764154400769
786614594978521088
844587567546859520
352332119
836513073263427585
257843379
2148037362
824256186753097729
15841047
26086594
710558574460674048
223166622
1011443198
150599654
42909794
290121805
261729278
2429090382
756749587566759936
720389270335135745
390167291
46090073
1958390815
789117961076346880
122083764
810762637067845632
17706143
58928626
2199230268
840886736213426176
2244587504
719881347687387138
21598091
49931831
229761473
163020958
39682543
325100970
18776131
106418338
535545949
834386141088464896
768536385263251456
14640100
1040792407
808877428852621312
1232384557
58190558
808929327500947456
1069494138
15150822
710909960
2775592954
18264020
714069938361737218
3871826339
344705261
20391251
816089966979661824
523100693
525360318
18113460
197561927
18269561
712724734211919873
3240143771
218830003
268948080
3748521196
19527123
2306964319
373797591
808319745615339520
13342392
131838592
1011205039
322176872
2446269217
18016108
2668770211
19042681
789537520396726272
44268265
2714960622
806582126346964992
3191583106
183968567
325196695
402157076
2474993466
185711615
2470037178
800103653092651008
121098500
16238495
3064340408
798821597964476416
16252989
88753691
44832676
14220219
733342080987234304
292394410
3356531254
14603191
216130493
2313358621
158250623
309810029
260771853
18815747
1153622263
4889978484
780876222503026688
15113730
373001578
1960970588
313409943
527300916
3805600275
757607335988752392
235193328
777475247931006978
121402771
778170215058305024
204411787
1725393211
201833102
18341132
313274304
935684552
1269163838
13889622
3904580138
11855482
115952205
252596749
1970972708
1125735930
1520363971
763724066419249152
1447284511
751054720031129601
546845444
21361113
3887467873
2304888170
2353353103
3609566361
117391268
875203489
13691922
4424893894
704688825369497604
1156540086
2225211
4834723523
675253
29445147
11250
2271579108
129285037
3938076315
219430319
4589785455
727074278143827968
223892557
177490906
16551180
6722942
13434222
4348934656
203062315
345838923
10471022
16965701
46887198
66945512
50769684
93666452
58522589
2449997298
85119567
897811
106263
81583498
296376404
2766462097
14284427
19021096
30331417
56308952
42591530
41024327
3365723841
105421086
82103983
316731443
1089271159
154111145
20637708
2781977628
47430455
399310622
16912365
25488985
2905389873
1079198221
2896449750
119863362
2289812418
901783128
19501573
68983672
14061059
4725089613
16240214
2432306239
384409374
71293589
88927414
702246814058151937
1966352515
9794022
24539523
2541448369
3317679270
3021865619
20279437
225392479
4928751610
69397369
3422699535
4816
2887837801
33046163
1179117000
21290877
10339172
31152678
4054740616
4825329653
268227446
311880926
1156670371
600809930
2217406250
2929665105
386452776
4745523943
225184707
199397791
60869851
472583
127497906
1332378642
865911696
1728826350
2396542567
464843750
780691021
22343928
4149615093
256172013
17131390
2862637919
784571388
4813163319
104437578
99232178
363681283
1224259286
3493670114
36901080
573721840
2458297142
175335903
16088762
4362096497
1712286758
44221988
2807284434
159161738
204365009
608954383
16693423
976063483
94083014
4289265158
44367068
291039533
58017094
20870016
178739367
14451873
397132698
1551567476
555420646
4119032061
125703722
1153613744
42266314
1111103300
323138981
141120082
50182356
2881275086
2589276836
1472406061
3883161977
23833666
42375791
347312048
6467822
89939132
1112628932
10937042
332759396
21851553
2242421418
1266857352
3351196954
16869315
367846775
3007566533
1829611926
3565358836
327973982
2186657853
22669855
119219640
23913983
397889628
3347029258
2340699980
3450152620
3293490584
34212871
6308712
20388886
363573428
3233926778
220348539
219728609
1540753639
330864026
417798470
95410589
10682952
10186092
930785706
429721480
2381055446
50325701
2813733707
2827034263
76337414
455644962
83116880
3298982247
2834893438
14207008
2734059540
3114341692
3219740708
19794033
440252940
52183320
805850
5865562
2470735687
201856958
2788166720
428131143
236329661
2445243678
182395073
14231313
1511900496
912341239
2786445181
2875064733
3164201363
142277798
2936913027
2818944525
3006113704
44316422
346603361
7150342
11155712
14346018
69424452
2925891965
2921084699
3058386369
122923176
2412247982
66984917
1029063553
156777228
1626410336
1949534095
259814870
3092387110
127258341
2890962737
3087688726
16402267
197729646
2994226197
2590559454
128793716
1978806614
151818792
914895181
2987742711
19910424
3017712256
90828164
1600951177
386576547
2962443113
2953475291
2479713168
943018356
228409644
2493939576
28354090
7613522
2799695704
2886975899
542039722
2862208594
2611635684
2842611232
2846710066
149827730
7409472
5504552
2849536312
466759801
327423685
903465902
369924224
875250174
126945707
192915068
1565403014
158093167
1230801
16140339
365072692
52058430
18839320
10380132
77454645
2830042134
1885887090
349190514
25805235
968430092
2805760050
560678334
978990458
8981
193008941
22940460
2182346514
2087371
1650397884
245761665
296338857
27342429
10669542
16592723
33021037
636460789
252968164
2547686708
67752627
1578519660
2475639576
282471445
2397984907
1284009463
816948990
2190813456
16631932
135148833
17659852
168997901
602969546
17736851
51005367
1423010131
1660816866
2169260617
266728686
2322713755
2450032548
24502521
15102669
108259386
39353647
2399418368
2362608816
311511122
6454322
606105067
1234162537
17991939
330910033
429965036
18633957
2375686836
267834923
7607202
563979427
343244430
2417240851
35750107
2451234991
120454760
1636392366
24000011
2370956700
455626627
116063765
2336083684
37626100
54536685
2411023202
2359266800
7129712
334037039
368594884
217829531
2339397540
633962015
590137326
34253647
28691665
1286740344
1549365542
276999412
602215002
486013327
117511315
1467218586
377571764
2205307848
1496196480
2190294080
2319460866
902007122
239093229
2230400479
2287062002
250049089
77253786
323714881
1354208126
224302805
873599870
2173781710
1179925333
38021678
1530470754
49319793
1148076709
1498597129
1961006900
127861457
120825800
2177693610
411423163
1859544331
404896248
29448675
18957805
214467029
17291364
401817158
153353391
1882978722
117100379
1900876892
521601061
571202103
1922723010
1685884908
119342686
1908945685
368540976
54226066
581869894
1266889494
241863009
144805850
1835951
1201845882
280990766
239836624
577367735
1541173711
49967990
19884434
194020691
1650794874
229595182
14600742
84339363
262827953
185128725
342582067
75234792
1700992040
75271256
318421236
2987351
1334478247
1629910400
1581034482
1095471420
55676743
270426224
65032693
1543736820
1583530800
80533340
2801571
1193331805
997787605
1657941
169892851
87973682
17383851
123176433
297384096
85530560
368997509
191584559
14219658
46372608
140354364
153335871
467815965
701031128
90497219
22609105
9779032
543348902
941358985
1339241294
319546011
2327881
159881051
1313557346
15387382
15417945
1201438676
181944245
390086163
225039120
1219186206
10389022
951816062
1264820083
465385350
1269572106
423832011
107430967
1307002879
8301552
281446291
82910199
1143789606
418836363
1217902214
259247146
6933352
380286941
40638785
321897851
323829543
579449079
111305300
1109490079
48037018
600009996
70721966
525351062
389456530
65651300
106408587
19355698
148164844
14979950
28576524
515583267
18394126
1156181
737066964
189915008
370343155
1097718182
14463703
947424361
12835802
602769866
87013715
6763542
540825159
910662884
126451998
16930441
966319542
17903074
33893121
857810366
295860420
369689042
957595478
857691266
376821053
23485745
485814790
605434083
946525771
889645279
285286623
798764178
14288478
123263377
19937191
388188318
23425342
389583076
899786192
92383541
196961748
19443183
6831802
850705100
368226845
813740730
418076588
856430335
90048502
14600138
156298387
557048288
5655222
822984456
617143
220634508
892788043
559403754
68397531
21843141
37676258
775389858
233081993
17150996
6811972
328572340
13810452
17421326
184686082
305454672
119519459
119048849
52750250
405777742
250550257
83861740
291621295
398719686
716088020
168581795
437393689
193228763
458724327
179875023
372414871
208605567
13981242
169415047
121150870
401344066
524173524
143923990
350979708
317678457
304985223
368986005
17100626
14596387
498256421
70228527
398109871
555021905
538855915
391344693
208183732
10396322
15119867
62848841
407723335
425308131
298419159
17731494
53871000
18805886
304957681
317360287
92274672
15255220
332290048
57366821
360792762
134722833
24715707
99295868
160597386
400667892
105098053
501885749
408530885
88996186
519904646
18896800
237202175
380449819
123631487
101222355
2142731
497997638
19224371
448027506
136395505
19177286
242259482
203487822
15751859
48297189
64363268
106137072
35745495
17384347
271599635
5553332
126251351
73067615
46970056
14710574
8303202
460077816
21519820
119252611
76953919
438994270
254521274
184686723
231374928
438625793
76617978
182534097
83444397
133226558
14330959
1200241
35868025
19024159
317647291
26223700
45795468
382757448
25297021
75899002
83407425
40643138
526367545
41871359
320217326
417791655
14229302
213050251
525857037
242700854
183293877
117361084
3630411
524127195
47353937
152999637
97926814
426488575
413243692
234697147
110738905
257088207
82574110
133707024
18133283
74480543
467813369
490312025
117030305
417051383
472410115
360647323
16110896
131485420
33491046
61507963
287583214
6851732
84351228
53361561
15808212
42497567
361140100
431454954
10161492
15045170
320768998
19283235
443819594
48363178
111338773
426721586
250559380
6693732
75263632
203850561
20319217
93966147
621073
113311992
275113540
326679680
16837534
15752770
424263455
15440232
134547725
256706269
436515723
157275505
17383861
23460501
6647172
425090604
19059617
113892250
13463792
16327986
121191861
108574852
143559488
288858391
14236210
18165988
246358351
203639128
20497437
46419992
151916652
273865822
240722276
203179006
16227920
143039863
11661402
47194559
15891145
14233770
15494859
179145860
74108043
134813547
154095684
293395401
389355831
11751912
8099802
135270566
373561832
297626682
44954020
14580756
92838930
124165079
123200314
15631840
277359862
11088492
21763843
21179585
80831099
17023747
59075688
182857317
71212408
260968686
29946962
48300142
18796547
6226732
16088889
19558615
57284715
53693639
17925320
309040500
291680884
40721621
46616951
116485744
15849033
91541961
18230705
321976765
12963072
14159631
35021405
16894591
8814092
31824160
14152066
105197108
198446818
14645718
213299460
263056902
132100089
47710875
41362639
216030846
29858290
289371013
82290916
76901774
169177799
79299249
67577050
14895831
35761106
13046422
13429122
211885777
203024924
17271765
109797603
60715051
18635453
23599962
