14280268
14132172
18200589
139544417
40291925
15079737
1428258991
3565601
811989608
125356138
184188692
706910608663453698
16176965
953304055337668608
1108154493185785857
71762380
1108497725312696320
1035676762380759040
1152317694806335488
890634172716527616
18710797
823525
256900512
852014347727458304
1548
224653586
54870044
12387972
3236271451
860746698
24257941
1167188939133739008
801197684254212096
1168995263387701250
1943578656
4849847340
91049371
3181827737
463572291
182920176
13970952
1113484872708812801
518585367
769202702991646720
371542569
227647662
867822908072116224
469617682
1044790075983319040
18241604
982289430198145026
65671583
2530573304
2759769840
77487918
17101287
1428575976
16192264
14381020
15334840
104616026
1073388199
1129678098
41635446
686993
348416778
609443164
30502115
21594615
973945287394971648
791070237949034496
411299382
14893620
164106535
3388176095
40933863
42508332
1077011760
1129409945479331840
1158214010195644417
53388766
1117971083213201408
1155197468658716674
152411947
14641806
81538231
2822515248
3471901
873198397141987329
806002318412054529
1092971209195630594
1347273811
23553053
800402043517091841
18994034
386505090
15446648
10199822
2287061323
15656207
727165860956131329
236305811
897226646230634501
1077816928121499648
4922591
1055173186835374081
17972404
268399835
2846143448
768160441843355649
970665628750270464
17503069
5855502
873025664
2480619192
823661
709644992
178849006
745218326373240832
811098595
1012412689577119745
1278640848
13682312
801230931272994820
10206972
8694172
48823
3921321
15301028
1022089486849765376
14919253
157702526
2888607693
291323178
137885308
2946711
16211142
228925627
15271658
714775800
59911425
150664007
2905455355
1023469357
54490597
17607249
20079975
14573390
48843
817083
93163928
4324751
1694961
11902442
14585205
157802323
710433071313625090
12456402
1013154300435066882
750975440144171009
92080412
170686450
816954
90286855
1317156650
3224063099
1209499525
199013671
200519952
918804128704401408
26374271
855552702822133761
3306603203
394235377
17763613
3017564139
17737876
20704550
17143946
319277640
94166173
7097602
7833122
37114816
199238295
95477106
9129292
77293
809834579104268290
1102321381
389561131
66351897
180283911
54315079
6603532
4757522962
866714773727072256
891060206033096704
79402857
21771952
17518190
3167301
14527262
2935945237
3226827997
2175647936
142825491
821812691157315584
51627206
749661321977819138
44186232
832013133161959424
14826965
23081953
21137944
55993
93434375
21084672
102099663
757954349985214464
1037056545220059136
23092438
23488307
38293838
1696301
7861842
17094858
386170457
3298774073
558884321
634616029
15663333
212114407
1019362996647284736
35247724
18825668
18811020
18011472
10909812
2189810816
320473876
12621392
17170196
985942797046906882
22009627
79099867
61646230
2504398849
779627
28418801
16863340
1921113854
4850302216
2973453269
427505253
998272130
17465603
15174809
8652102
705153
28124908
10400322
14236167
3539791
3315033968
820054159072202753
2675014715
9696462
109086082
8304842
227928681
32167968
47418865
455812853
966313275192479745
205677954
114626232
4128559512
156012321
17799192
17221274
24540390
2849546211
27025716
48216866
3271275619
218373715
2957671216
2586997621
1565159863
1549050667
1697769560
15300519
1167122150
14066472
100136358
7773342
914725005476409344
24877257
28863621
14139773
731717526
1975851
2611802689
41565432
16608439
14886632
16329099
19850057
887680503637307393
61957200
872535841641345025
12524622
184241690
900586158
13452992
5435752
12691112
14248247
5574792
16130949
2228508007
24239110
237321112
17779567
15366564
4415
13611
827300680230633472
1538841
90488576
44867014
817880
109323518
39488284
1157858503
124036182
19653322
153051767
182366195
28346366
16426333
435193181
16789906
8947082
4002309269
763387411460157440
733123902
4025495236
1416622795
2978661890
727524643
171313785
14137772
847190167542652928
4280096173
14989163
3562121415
19140927
408912987
19934816
751290541707390976
97341271
55358683
1263280639
20316342
235263326
4785174920
980641
7384342
5676102
3300867548
724592540649824257
3369455362
7617702
273328149
107924447
885537521714769920
488809452
2369849120
1429148504
51529520
12305542
9362492
22120094
3816010100
4034530393
16597587
14698489
212187685
820367095120547841
14421746
408847389
8104532
18092877
203558650
17518412
47519618
84364568
386143777
67430296
22572168
10015412
23554268
23138178
1529078120
86146814
3145269747
3298690346
47774386
14400809
2892290399
143264018
753743
97114171
3122157632
517007964
14695816
163154809
2513671
1307371
14086134
78968940
1721283534
594121498
330093
135941083
23863969
6571962
718910384158208000
1293371
887702401
7340612
14246782
2932738834
723010754530566144
103086746
14804841
847761
3595439354
9723932
14267706
116718264
14142965
15594928
2729061
51164205
15347596
521769198
4638992359
1995451
2734238603
39776651
116177839
16193219
56823695
8845232
62007907
1483568162
4874289952
15110240
121553091
64819838
110244676
18088152
1690731
11960772
757302309470687232
1247437484
8953122
4318561
1389781
87744974
16696636
47509268
60813875
471265618
15704940
158065720
2398551432
50337169
297021528
2680758350
204462223
732635804401459201
8062692
1239907836
1973559199
44423
1138103090
2233329924
6440602
326511843
4416553035
389681470
173431180
20505655
4578
103923794
14568931
14055926
116041517
1941471
1749311
489840666
9714232
213209748
14111858
18674362
16821279
30889556
62963
107471115
5874122
1115374579
26212176
25146103
2989324719
10368692
20410251
1286116932
9309912
9526722
18496432
384528303
18278590
6742522
823157
14804579
3365618279
650543
15374525
2806000111
37710752
10680142
1530096708
1877714197
36823
128973434
159822053
13096242
15934862
1071231
7356002
10178852
15124802
160548379
33493
161428879
15902371
1358136006
18966808
2446931507
720549566
2800780073
174847568
16151184
85728309
19092563
15376620
633385022
415818433
10688472
10184292
227456747
13567
14336585
14993466
697893
1497
3590063902
39617149
395367768
44104818
2557115592
190638577
81026968
228534970
19587559
201156529
2423532368
986601
15892232
22641783
152403667
1251981410
44879804
246800845
3363290472
2851944063
15678279
1724204797
11736872
239581027
57440969
13216972
20930046
17639049
17757889
17407196
9610222
11730542
9151782
1252901
62598249
80589255
376825877
799722
148598955
94133565
958284511
14053355
13857342
14336120
3649181
14602130
15643004
44847206
40449158
14782096
63819362
8692942
169368859
125071102
1813571
8799612
30923
10828442
82363
9627972
13046
15876153
2460502890
490631300
44970115
5380022
1666411
14750363
153059231
16747246
36537700
668423
197068194
806757
7063292
12500962
20720688
2835167445
10720602
1581471108
15618112
2151073891
15373404
625497778
3008589194
20199099
149108083
2301963115
200154517
177788470
1615618795
109549288
1481010043
9720922
14081078
14325738
848901
27093292
14706299
39694103
54893
457744153
581857930
14475559
350887921
6765752
18531491
2887837801
14291506
487074117
14388078
39625343
2875104685
8428682
749583
2276111
71287448
819606
14744668
8980232
9181042
2192921
17055506
105070986
2648921
47130245
382390382
9939652
25483753
143391552
14341386
2571724058
2824166663
1586551520
2484705984
2543568066
18165381
202432878
9797342
143883
16000572
15386956
16063143
420363
107938429
23275456
14204623
16275138
14117880
9580822
13130412
803694
10250992
32205230
569400270
876081
556260060
815566
627403
23006156
14639127
166667340
19408219
13895242
797835
61233
29381999
16833482
14189409
1293051
1410422706
26803375
304076943
21711948
2618435233
16803112
10723242
1666319388
27677984
495525135
2671560560
9550352
15398764
19682566
8592732
158272788
14413240
487623589
752133
5812732
813672
2566421
15376576
6140222
22545571
68442845
16781740
793351
217540336
15275777
9723702
14816103
11547582
1235521
15662351
4411041
18809935
22652954
587440727
14594292
4759631
17432169
91985735
917620962
14355627
17396634
309528017
9879342
6472582
17383191
767545134
101577954
88711545
5148411
57005215
40832928
15663303
25825178
66887922
15355481
15212454
11133442
2330850138
14878475
1142788045
245410959
2223571
8534272
37075064
6773532
14168924
844293439
15400710
60672665
26931958
16736953
12751642
96316430
14790909
3938341
18069230
14418892
12210582
243752762
21572497
8630182
14789715
1393454954
83811105
46114303
7932792
9131582
35300111
15947461
14612142
73245627
208578229
557995884
793830
744514788
122493098
171384512
84031023
252224147
23076512
1496151
7811672
151572496
39247609
14334873
14098171
25394019
13999462
49302333
255945165
26007043
18201016
14841159
31721449
17232815
106824855
22883150
747153
10280122
14773445
14046153
14362949
376279632
926251
26813978
11488352
28733664
14424623
764741
7592732
26842343
15698507
25798047
39052371
5774462
808607306
23462469
14475298
17198366
27330687
8027732
39370829
243222857
113713261
523510988
5799422
132754470
227117732
14859608
869201
187354174
22351111
7010972
15290730
9510922
47156870
335928770
14278978
26902304
15791222
284933
207614146
16069080
14912335
26904444
26215740
8234572
50614606
18047622
17432801
90297948
16160593
17815865
6606342
12494782
20464917
17873167
152158552
657393
15990366
835385094
382588929
17348443
279734274
6013662
126580633
17048680
5447362
115210645
69054873
58708498
277894800
18369254
143599950
3980911
14125871
135241678
44391941
15184110
44553220
17067603
462434831
4903511
9778262
36592413
174047953
29551445
63076889
8971522
14341395
14309640
338638142
12947
16037486
22651735
7021362
12534
414
47784502
491231542
5827
775187
69618874
12374232
14462333
263265685
95819229
16692682
370862912
50462250
268499760
90973981
427429339
15171615
14293312
385463
16868315
50629333
1103361
14115504
9285702
15349954
386725392
13024112
14369080
25534694
8833132
16005455
21046030
564965043
3105491
260021840
15012673
87727989
14805806
194372269
17788226
14839189
36163174
13009072
68712163
32163649
17510689
14968982
14724533
126776391
158946959
32510728
20960294
14552480
36691457
17845971
22163765
27160952
13434302
22981369
12614742
18152221
64933488
16144669
17175915
9453872
15030553
6624822
819359
13403292
38006393
14575518
10483202
5875682
46835471
2574631
7232752
45567944
12964272
676363
409823
34163
1254381
15349546
16240489
354115762
73170637
148300800
15521642
17371628
19630325
82068431
24049295
2257341
92623
249475308
15715860
15372898
11146602
648873
9458012
17960192
21321192
37712843
4816
19540528
25648180
5805452
60672339
14344155
108495298
19169604
14166841
9274272
876061
199148889
14172562
638323
14061830
19792212
238261737
69402135
15302864
662533
6490602
1671811
95938827
13696102
14052638
14391923
82433
2011081
20793636
19624285
53096698
281138384
6655372
15005347
21762356
598
1325411
887251
11855482
13182702
755367
765080
12263222
14764591
7661142
6998432
10678672
6868612
681813
41297384
15679938
15734636
6186692
18234116
928961
14249124
14079705
6797152
44681528
23095264
6648702
63786611
