48741725
23622967
3704290280
1224302012759715840
1235318574622834695
297073565
18344425
983429513773187073
929029531
4631863647
1733993412
183230038
1185357046616641536
3332014947
981875737929158656
134765219
55547770
14225080
15521222
782400966905573376
58627132
234596706
872889986
2234967547
44513878
1968716382
723667033532018689
895591511768813569
314860080
1182481
18326200
1073388199
2856932848
1104327679
11383102
17257820
22426104
1179212625428848642
532115122
894926364012412928
973955318987210752
369533463
2907009051
3367336625
3097680891
6141402
14337705
5692662
959161
14184942
858745064834707456
4848860457
3007491
17575414
728685220040351744
812383935342649344
13455
791736107218022400
913044063359729664
255334719
93950513
191463787
711507096215404544
167394449
16918520
730032952525131777
834786315610750977
1032345062892597248
166005683
19238587
27034820
1202005447324004352
1047951888635899904
726420629319213057
1201468485878063104
796479090790436864
340957066
361690384
1176788247663411200
217113592
846137120209190912
776402106
88178223
1325821554
2818770726
57320656
1151537048
25760074
19574451
20721986
3020450413
199938696
2849099426
1537360922
17159147
1068842652
24133794
223028840
2216657444
991182416
2562795675
841786994439163904
472177521
1350517134
974716085328105472
2810688646
2366406612
380816062
956055914259283969
14408201
798736425910943746
16734661
52386087
317144532
3230388598
2926174952
1028976548026769409
131325581
1177603158035419136
1524976560
19936043
734800653135060992
147654165
1102906250096979969
26695770
201565909
610322720
816578659603648512
1143306289
437591452
283200815
153571843
202087082
25676709
739410563776798721
1021413263177846785
74937883
88936048
50671466
2309118487
245086178
190246525
50690435
389136979
15756089
2281964312
1558406653
518611338
731875128305451008
863603622
2871402869
398087684
438387203
1067495024856772608
229005889
48636190
395367768
2440258777
6146692
15024542
3865005196
793826235675586560
40105401
1087681977896091649
2500425074
26616462
14778782
3880760903
1018962877
2343198944
1124226747757682688
1034861788641280000
2400454130
866964025267159041
1944744026
77537105
936196911819870208
1612233594
850645992
1096882407846957057
753374528256905217
438729858
2911279295
3122868355
720754110
2694150236
16138845
2164068283
8248282
154251965
2882893927
17398021
409396161
26670808
38220117
1009253352
189678108
90784069
49698383
6488302
14738418
38234848
857362394972135424
1003781510711988224
18721034
774982216870981632
1095343135444611072
183575679
198384877
495425905
898625964246130690
814826774
88273299
865339383200702465
997007086964764672
905213155659456512
51105554
1416500532
39776400
2941044346
20624794
1068951084
914571353977708544
1261790964
38099691
40994985
15232635
369031482
266648619
962425364
1075594963696545793
1077708146
21594615
958067705185148928
14045465
1034415977897844736
37289216
2540605710
496687385
1339518313
945906846715580416
742253306571980800
14389093
40288846
42921527
15875986
385680001
1711047840
892306984610824192
823439352004907010
1944535268
458165243
116337949
942578502766804992
237988971
910326155592441857
1032210863908954112
1064752835298873344
1011674329262637056
12336252
1047845633426644993
849256735361699840
334461893
4273813048
1006725232684494848
1517254244
2811934856
1037403607417552896
3707155394
1080974999865806848
1291801357
871782911300608000
775965672773869568
927351265335558145
811988927040978944
138203134
791677522299621376
61306578
85605334
531697681
836548849
23534420
2167059661
972644920371458049
21927673
18327855
173881525
62533
778638164462231553
53717936
190254651
621133833
2474208830
280570180
896853333087993858
40291925
755299
1685888563
15090415
329179614
1001511262545592320
3333071837
205915163
252268498
534255106
300866884
501968170
451448044
342250615
271025374
16728620
1576006626
14888109
38695774
130780001
214907799
1639877449
719967213336322048
194087055
930147870069551104
921722509
15688463
877616433609318400
975973951
3931240040
1029570380581625856
1579158895
1035220245286465536
939222213940490241
441917082
66773314
163154809
17534221
20721183
778319484993937408
1000138440070107137
16143105
95233492
1241814552
290780079
125695429
1692248610
856241556382040064
28146104
582834654
3024338659
25333315
391542421
57595399
215035672
1683949764
879153462
46299743
40221971
2693937444
191122681
791070237949034496
2831922888
208988759
993246596845404160
4388336188
398492174
958146217464254464
30553574
486574025
233831665
1410316838
927280576872161280
864534270701916160
13074042
257319757
809427007587155968
3009665851
896164251269709824
395517651
2332592232
3186124933
26239724
252204344
485395830
781583089667420161
130490305
32330308
1511250390
910594173547421696
475501817
326969838
258581867
2415421344
353847615
4616113701
1909442346
31425719
782710348545560577
853373433169592320
908683288654503936
900135459812130816
87559451
1318696128
414979077
331222430
3073871212
9078772
3303884845
299873174
370343849
370344674
14989163
719872596842516480
723613712783908865
128429167
4282193834
2813217542
887805154224766976
754068458547970048
259380437
316863521
371986076
134401314
10012402
3839756833
832567839512989697
144724055
2858288252
258025439
805191715
3187141458
1343132275
20342875
4809132787
21995182
4733914515
296873851
861686077
143844341
153158056
3209949862
198527861
466556013
85950468
20635230
166415915
213847579
3199856542
871784898360614912
18879511
297440850
1349576220
780429268866052096
779014737900077056
2744012874
5838832
2674759244
2192592792
2486840941
709979651934961666
791810860431781888
859224335843680256
3252130556
3279541674
3044186809
538349906
856233645295652864
816795985368100864
104070525
849699338007621632
74287341
1689320334
813286
2782310810
451953177
9308212
488480041
14341386
59336417
267256091
26158691
21713505
13251782
11533
3871826339
1835821
819927704850038785
807343187337457664
262543897
1304991110
15334840
2452073258
311893
16017999
14805151
9723702
30960103
75261668
11385492
937467860
18983429
6425602
24228154
213793319
2584446865
755419584
278256762
271767796
17047046
3308700465
906583658
4007800332
4049170873
110755022
331854460
18999920
576685376
378615210
850066404665696258
4917922363
853994735588880385
789492338171064320
107530308
117664618
2590242073
381642287
825839908182831104
715989094598189058
824142179341914113
4018377418
148593548
16167065
2510333484
189167085
16284661
844837510194749440
623213
2762697281
844328986234699778
551600672
31181021
28187205
319124822
841944326267645952
1924323205
126398044
331841017
15529230
492253390
461242546
45750206
1553936587
22292146
13393052
823565852922576897
824320219866923018
18194898
67059584
24919888
15461733
1268198118
822517901294845953
18681139
29450962
773946104094359552
97040343
3301935685
3105495854
2367736915
16783304
19612740
386229543
33773592
15050975
87562561
755505242142339072
580240697
3371388411
1638323490
784064855309377536
766863587088273408
14914896
305854397
724575901648822272
2933591385
741336421361844226
814304
53560219
15240501
56686418
62817785
305435784
176883031
298899556
3182357178
3345740735
2955936560
776998256
15785018
55388565
37989702
243342953
99586343
486317543
1000252830
252245569
718261482899783680
20560028
146601627
2790795553
66294823
7384342
4829901
980641
9717082
3649181
189235485
741034038
993703454
17159131
295344317
144592995
69133574
2842864748
4196983835
396335967
770490229769789440
4917838832
762736828537458688
766386114097778688
4719563442
2999992556
2658108792
103004948
3145188992
1969743990
12241752
2328812340
52803520
1561511828
704764465967820800
707909475764707328
3429990183
2362618909
6820932
14075836
540366687
19194884
2309728129
1969175431
2642477237
149180925
14589511
23544596
347602644
32675635
24840714
39348006
31080039
28715007
22693384
14112318
1461052267
214200223
34743251
15521075
1537466365
580757899
2313699698
224631899
209309794
2727503528
21695487
2460368252
1531736514
38544873
197943033
712475641
284739139
906601453
3285869335
1428575976
1320987883
860076704
2327556110
430995737
16014840
345673106
2557037323
3364467014
365611723
18616021
101474181
404946566
1257618596
454235500
19688275
3815430319
38034824
2493407430
13334762
128627627
160877807
1307614093
4657994587
3116080722
405033226
635225094
2508303458
20653310
439642116
106682853
3307414453
2588214769
3237272430
5392522
1849864339
383289779
18775572
1069905354
5402612
37710752
816653
17471979
15492359
15473958
850107536
15165493
11348282
16129920
14091091
