884103524
299881361
24661811
4374855195
1968716382
230840693
191802587
197735598
52750250
17651027
517166973
29441962
934048963
19541238
3226221761
803912790310260736
493498548
910833443654815744
18136606
26018066
123092320
874972683766812673
1204057117654736897
73067615
4852049445
30306221
6467822
959173934766837761
1050659253357142017
221793366
22406816
67695719
2419033884
78114269
34995701
330767074
292809698
16126396
560344481
70947578
928272210321596417
12290752
2563398373
1110283650975875072
44829905
2327881
952896708027002880
435660537
15243240
1101431129612136448
41603960
385377678
64845117
36668727
51172224
1050473978475794432
135210800
4273224434
2924781843
14443226
4068347835
2706604687
459275531
456561509
489006512
306180142
3212838141
1864448106
4503969503
3152486405
18691746
74429434
4288933452
360945163
13368602
356834623
53467507
157774596
5637652
923184361196937217
3221329000
965266179836252161
3042612383
69066916
244199680
15948437
41570792
135430876
384229511
286296419
71759599
2250705568
112392731
845171688547336192
864160956070469633
2526198515
216666190
702244383521951744
15685575
14477285
724170296425615360
4406033717
17782937
15167590
1600497026
125399724
121736641
1317929959
122521764
46473269
307809480
2522837522
19309716
30856402
274684534
778503374744457216
90625366
37676093
4202607935
3222403600
962280769
738192397578981380
93734534
14552480
723497774168322048
593014779
972586638
127393182
2973219370
15347254
1510666562
77408986
54711914
2414205444
82355306
3568011377
219989625
2400783010
46832341
2414180162
238359096
15740685
9497032
15474951
9706692
7381872
2173677051
13461
425990065
130920004
52716243
51960773
92717378
263309165
87431492
16186143
42599220
248411605
319031750
83147502
1655605934
144871982
20539035
16253692
1563904429
156402200
6647172
109514819
15235022
57447145
17308319
18080585
91333167
102629671
876461024
24496388
830713861
33166526
5659312
174586288
224577739
21558859
42869089
314130457
392210377
58019982
14550289
14113352
234692206
200631648
34651443
13317542
34876048
559345273
27594577
238090137
153179305
34255428
22071247
55573320
339639180
6043182
51546468
9040122
66331278
13334762
18189612
38468140
15962096
14118631
24160034
108267828
86097452
394834338
197447411
383191098
15096652
208867459
19043399
234760025
78975709
7765752
9882832
221865092
258740951
323222074
37617250
19391088
197994407
80020758
89661476
50079882
15734636
14526430
104467829
11902532
9505092
144912322
36024336
16891384
12381352
41628296
15094506
60080379
16665197
22757153
