872449766931800064
1169654323019534336
755070
988465844
1154451399352160262
527094727
211087208
937761753357676544
308603327
6013662
1116684883148058626
382489438
1092772260467871744
1075512315150102528
413898659
998282257097019392
171033390
2784123889
136301916
23092438
2744671017
952982051262627840
1023974763486564354
84351228
67430296
14246556
137457764
809788259492569088
121449541
1088809854
2730289088
14804841
102099663
625093
122053508
62326375
901773635962195968
4858563561
7340612
14120402
71762380
292518772
243331145
1219800504
1538841
953305718966366209
847190167542652928
15635792
1964009738
1934671
16693331
16568971
14746910
280477264
942544632898080768
15911738
104616026
891060206033096704
912788064082255873
909787591670628352
762144638
18137304
51529520
10325302
845974635585781760
861702441569361920
820367095120547841
14111858
15482223
260116832
38099691
22398002
24701368
794551661075120128
11176042
14678973
828361853021646849
816772382207578112
114391809
19571613
19250247
14739250
770333470476369921
9723932
7056162
101280438
821882428126011396
185898176
487357501
4725255521
18322014
17286042
129010515
89185308
17285185
34698700
18959885
1397791753
799141723
713818257497559040
294127712
707255860221779968
148927605
110244676
791070237949034496
3382999846
216735143
3110001945
23036965
14948021
14538601
9463342
13623842
578030766
3242776070
445419338
2616442935
3649181
16258468
59363
823083
3173809816
28552516
18112696
743073543919927297
237401623
791300
2987122085
17676279
617243
89031921
960670556
5676102
729308619058057216
18530651
6105382
243995625
100711909
77131411
919464055
577556332
868590631
1529078120
2296786448
15813127
8694172
8104532
243137870
326511843
38387473
17050488
47774386
25337753
1647559105
9526722
61188935
299081229
703278472555323393
32330308
57912723
784165
82363
8932122
50478950
718910384158208000
546611994
22444948
10184292
704662601117114368
109549288
36691457
33431328
16695645
239581027
4922591
63819362
21414569
13895242
6297412
2294500459
1026741
19014676
3286770860
15662351
540366687
345673106
23009949
3001180319
22641783
696400514045583360
159822053
676363
15275073
70132580
498275969
17465603
599669340
14919253
14904260
56884542
3367628405
4754476036
489840666
3595439354
2230209127
4289247312
17913998
478700423
36919698
20410251
59739125
816653
2446931507
2327560616
2218601431
11797632
18088152
157702526
764988974
2369849120
88246582
12579252
14662473
15134408
23863969
45208530
49024564
203558650
271336073
3129095903
2800780073
22050354
14804579
361140100
2699168679
431454954
15653961
41631552
2491527854
1877714197
158272788
2353378285
3273307454
22474467
48918234
32193202
8314612
39828640
23061561
479327507
14588662
14306062
2788522289
5956732
24916485
22077812
53953
14050728
2613676268
256511368
16090551
23554268
29089844
3761611220
16356013
986601
159064357
283259822
905179088
369817064
99729361
13688172
632724929
15704940
2329466257
99598323
160925217
1247437484
141721058
3363290472
558987463
18899491
7723482
62470959
3335209881
344896093
17394561
1115374579
9551792
124062198
78012548
284739139
20639941
39099783
16517063
14455530
8947082
5737
271909348
8870242
27093292
1702560181
668423
22736496
335973503
142208279
19396030
1530096708
12408202
3084530025
3058852306
259716070
551247481
85099825
19103481
2573880420
14656222
17407196
54585170
683723
490631300
1690731
6417242
2829173989
192957032
15427422
38143886
3365618279
1578016110
9769712
296495755
686803
697893
206444851
7506512
22572168
14297050
177788470
6070762
3044827841
583450546
16130949
720549566
44423
18691802
1175901890
20260892
14898461
15005347
14157408
281083384
743222730
6031
552951614
14585205
3792911
1365577747
44259392
3300294801
16236094
493063481
130464206
20430048
1012139203
84512601
2851944063
7617702
273534539
210405752
15446648
14252897
749583
2813398537
1648999932
9334742
54063427
1138959692
7758452
18050416
1225775714
2667052088
2618435233
2835662000
20571756
1479571254
15948437
5637652
11414
16781740
1198537832
3121379060
24358412
143883
61233
13611
17518412
2956891102
757891106
2442900444
15717973
12691112
15998527
249169195
962147797
18316059
831828900
2457016706
9473582
625556537
76362272
906884648
3069391029
17639049
15926485
2159775193
44953355
8791612
814641
2389069947
2792155608
2041111
48843
234196747
633385022
19587559
40720843
13484822
776708766
14657765
1628848939
14388078
1381038708
20735896
6440602
23138178
7037732
1147751
14421746
14695816
30864653
31356469
19893048
9309912
12589692
2231839172
15695490
386111025
116041517
169015850
13334762
94133565
23918072
80881027
46066476
19645340
14568931
389634390
261665936
2706768170
568617811
18136342
2179734534
2846455025
14325738
14335498
240787906
23086548
14963714
243360038
424326452
18697326
2469914214
74135624
41456770
1845211
14437549
562926380
2806000111
267089796
16173592
233631354
2421758556
231734854
18431396
736919767
39776651
15955214
54893
2789291
15704521
19208994
19682566
8592732
154479578
428058083
14594292
14620753
14139773
15748376
22652954
768870
2566421
9362492
1857735248
7596542
12776922
94487435
36104435
192301091
5812732
11547582
157291345
88890221
1243561
10191332
15022843
15300519
276818759
8957752
346803113
7748942
2603118734
397493736
18055613
17038565
543690714
2893971
168499439
18367762
370343849
14434385
9290032
91120943
14639127
386170457
65153614
6742522
15173068
823905
1481010043
21228968
794294017
156954993
529104579
6561812
26288129
2493960444
197193305
2547694218
18797311
8180052
133046593
466571567
21489872
390167291
7712452
15996830
103549232
231673318
364456338
22283639
53778064
15040566
7535062
107838271
334955469
419159838
109086082
6755452
3408521
124036182
2773111
14640100
15488482
436886807
9381862
1286116932
49921739
88982108
2384354214
2423532368
15231287
74129471
18080585
73333984
19528245
117727685
1615618795
608232455
569505441
501888497
15481072
2807841
780336
357726605
284680961
110698757
458655380
9714232
167169119
10865632
14602130
15287607
3705121
408847389
15376576
15101375
6796412
107471115
98721552
793351
34923649
1011202464
45654691
7861842
14119459
2648921
5838092
6140222
59918812
34620550
12196352
31252952
87914521
5719682
71215736
42746940
752133
42851073
14291506
481266440
615486974
18636447
14816103
80140012
15742493
286791231
22545571
207559129
14055926
2276111
73486672
151774839
183575679
254149815
553557115
21385774
10720602
44320986
10368692
68442845
14815775
380417362
20720688
27064840
241024877
45036289
11439542
15760506
80589255
376825877
1581407294
66345916
103949787
24253645
2142731
2480951
356565711
106682853
14706299
61501104
86390762
167234557
19525954
