398172747
1236557193752657926
246560945
14515931
14429854
1239339936865759232
2490431240
1128690891881771008
740585694817452032
50124536
1035676762380759040
15813127
942617268852105216
783324
183632514
136608764
4273224434
243878865
799047255378391040
9254512
1351484791
15667129
1524976560
3404297319
357606935
288945204
1138637689459052544
499203249
120651043
1914087050
15325768
804414007377416192
812383935342649344
1146437975338885121
12
18084928
14993466
1154451399352160262
913203265466257408
23092340
402097333
38665323
12486322
526292034
1160714929344671744
29584571
23399752
166985114
4318561
7516232
30960103
3887467873
613469003
1072508497
523650442
8470272
1465659204
14143421
32921207
827350579382849536
1142299808331264002
15527007
2798836581
111391654
117026082
17471979
749502100971880448
16284661
274800973
14578338
23081953
14592360
38430008
325362233
21453821
49129289
661723
1076169620749467648
727338733423464448
37975275
13250772
147654165
937715702
1023611
6940
2904865133
22843068
16501771
23339814
2483220979
14349750
934281246435405824
19260808
4207981
769290430852792320
918082298
199881655
47471746
434857136
16597587
57172253
2399847534
79365337
11628
2931264434
104616026
409486555
405449772
786221627306483712
1679874157
309271553
23611315
422194341
2895313916
2594190991
996080367336542208
285428413
34488596
2506322185
807239380138160128
827099763678052352
14810761
16789906
59680997
31432442
1000591
170411858
22386062
358464377
3013885630
5827
72423061
28221296
92619645
138203134
271516623
14681118
14824675
14524462
29958760
613775879
385496417
484796656
15629200
117723
18060782
32746535
15165858
15676413
6421402
69869246
1036761
986276359
35826612
2892290399
6466252
281440041
15759583
17087663
217129165
307401285
16329099
712784228493037568
23356719
592019229
846137120209190912
210906731
198925162
14898461
1656244670
80523
578252814
3426981
2293940731
14268957
942218982051995649
2431106934
7178502
7748942
2680117375
11457022
2375978389
12524622
47418865
11736872
1006490087985696773
16620110
2251623492
428058083
521769198
19847709
82363
14325738
45976531
14111434
32167968
14594292
2756479056
884503786626195457
4712157432
15751438
20342875
44847206
2152839685
16130949
337823724
125137399
6140482
80883
166557379
105092655
238286255
872535841641345025
61387084
4034530393
13857342
71762380
3298847227
9704662
87809737
181421156
19057893
2812768561
17465603
2233869104
334246622
21084672
7384342
9720922
2291039762
989004035851075585
312750384
6995892
139544417
275498158
4398626122
356006641
252521025
2866905314
795207442283962368
3950689153
2783025822
553124611
7807012
31557465
2907337644
567859081
82681434
7724602
7155842
48946627
18930828
22389244
502002624
11547582
62326375
4641572533
14437357
9550352
2935945237
826268390318886912
353346943
37005435
39668527
54904679
48062810
14093339
453995919
5915782
16819361
850100656841138176
125356138
16811920
14851939
2582861
922866523047383041
14260960
123323498
337121149
329179614
223671790
16141055
147282282
417622957
14707266
20079975
3595439354
4167213255
18268293
86129964
1565913781
25471626
17609423
4874289952
49629565
81538231
1397508686
2943700149
2547512516
16473150
731875128305451008
253340075
20641134
31303673
138324985
14804579
953304055337668608
21747108
1679158202
2439772388
121553091
821782476515409920
351153154
1161442118
21664071
8038312
897226646230634501
10531662
65124036
27227212
209323420
386654463
6473302
4103066019
461222812
396518706
70132580
968881477
579491588
14574419
763387411460157440
3015371
343555106
4104706948
2784520128
13138812
12266442
19274839
28219278
2652828374
5763262
518585367
23254994
14137772
452444064
13145012
201262607
472587261
3775651
14602130
255747911
348416778
20479813
365145609
2644300043
806757
14421746
16648767
49533155
478823758
3983906001
19685572
1167122150
1945618494
18863815
15661864
867224958912671745
325076723
87632636
110244676
27093292
118133101
2347475803
15453
906277520865058817
905180649824280576
2891322620
249784454
11640472
78499416
143264018
42864649
304067888
145829259
88676762
3370860335
4625037762
17099022
6655612
2978661890
13919662
54619276
4136381
37989702
66409312
46693500
17919972
21960961
772080865627242496
130690431
455797564
3148570160
163154809
7727152
758684358
15005904
9462852
627476459
23125257
10350
15825051
722663234118033408
12169762
47786101
817083
1530096708
1689419970
481655487
18840827
839543318321123328
735310434862018563
15649438
204334306
80617430
20609518
212187685
14932908
1408489836
342023138
2599374110
164418122
9696462
22807828
5465562
36397203
1355371250
19605981
808028603736690688
2693363755
859880643165114376
94133565
30364057
837393984372805633
788524
937499232
9526722
325385270
1461233647
906458424
231385680
808383617906933761
781536114251329536
728371342689456128
66476989
14996376
29417304
289342771
712496428015202305
8987572
3405869686
16400360
3436008111
121489423
16322645
762144638
2929703872
994705358
15642209
1370387143
14478614
36246383
2458809258
1707480732
3428933729
263387768
1119594626
395674143
421490242
782482
9714232
717363
807095
1240466215
802182435656073217
34674388
74628920
51052675
61734492
717313
36711022
150664007
194688433
324960013
14146300
229502009
294465393
18575345
189586353
1976143068
2471739785
1347374180
814962680993759232
8569
14652182
47509268
743585142
241654091
139909832
61316815
46987205
31341745
110638978
19375839
2586485076
814641
7470932
728916072
44413236
225688223
3898598357
21500149
529148230
1071419874
14661955
33529068
27530178
1112286734
426802833
1572472922
786110580
10368692
238832165
545984624
19914257
235213723
14075832
13393052
824467746436120576
824473943931293697
823565852922576897
824320219866923018
16419203
15446648
1498504338
29450962
1409571
115485051
19397785
90420314
223741798
3222410820
16459052
7758132
23925141
19355816
391158826
166739404
779416353019203584
1582449792
13031052
369799912
27620289
17274162
17620729
26377999
5372792
746923
17102936
16045268
155358383
2870762507
574168493
76030110
113420831
2867371841
91180720
2735655330
449588356
2968635633
1320794574
17899109
1933042237
1177171890
560406097
32608975
16033586
1535273520
12219232
214901910
3465571
3320745074
23625085
7985892
2549011969
3230962884
354519929
14237627
13982132
9510922
255456403
16515082
65375759
8984102
791070237949034496
9078772
2888895350
37605443
22330739
2387136554
1111301556
122334029
19351055
147998076
15119140
731954558310572032
87785291
3032357001
1113541
17048680
14604658
236089697
17138582
17111280
836876461
11702102
975691
249393823
20551303
161170805
324514829
291009942
275686563
37710752
18627588
7618192
16314021
124441715
55117855
322871349
4951981
357642770
704769925
490465926
8181702
198474956
2217099931
415507521
14677919
1344951
2172
1183407116
16434823
310915692
420473588
15101375
2254315993
310535159
6271482
3148543346
143251679
484311507
2183302845
46179535
6488302
40629799
100442265
13608812
23847535
2436389418
789991
1317739632
2182862052
970207298
1694040764
18566621
22797514
3845945848
17726433
1039531
316389142
16303106
103086746
382769917
15291957
326511843
39835900
2369849120
10048652
22784949
14695816
1536791610
15030908
135955223
35556214
813286
148593548
16947186
2261431521
14678973
34568897
1309911787
3151991755
1357283618
14326442
90481750
5943622
2916305152
48636190
19826509
47216804
6974622
267295903
34042099
4052623394
16258468
12414652
44605684
192293734
83607364
435235970
80653466
40459388
26319904
11647412
817394
1451773004
20113372
197119513
48843
542983840
2645367751
37508901
958649520
575961466
820582
17777943
49002516
17913998
13046992
2372315166
562224827
422839831
2200479902
19325156
404442001
979478498
468076687
17888056
2851944063
576169799
1258288412
14181214
13359792
244822624
15089764
395367768
2343198944
487623589
14111867
20571756
14853684
21318355
7795552
182855710
3219
1279756028
793351
16779204
127421793
22064281
48833
130870346
32329084
19341961
14770712
353054722
51143725
3335209881
1409396179
50965414
43727347
43640837
68757164
1961006246
119522652
147774498
8180052
6716762
2437868570
1261811012
2229614502
232771010
31087411
83364618
16645723
556876820
255864200
2332069333
7431672
59540396
9867582
14232682
23727341
18510860
2481654866
206671543
5708752
75371912
783092
6440602
2396891
19587559
16212871
312174920
756129
2518331167
10173562
740343
489868737
47452040
377609667
260919324
14380713
799574
17568019
6141372
157515257
211631925
1515295615
136828167
14886242
686803
949851962
2710307059
2817247730
16296852
193424490
1077953358
19225509
66878381
403380006
19160166
32904441
2917852448
47105948
300986235
88741641
525086166
16634545
432160231
59627487
815127636
379892866
53890277
14112318
15075911
2513671
47697352
282676041
11331082
54730258
564686965
153058356
15876153
468291482
2773111
2534389385
2428741
633385022
7340612
376825877
1024471
587440727
15398764
823929631
10817782
203753776
2565570690
17794287
94220386
70188508
14269008
377172094
15170764
35105047
18405409
23863969
35121912
3649181
17407196
15490662
7968692
5303232
95264163
410299970
102716909
15748376
57266396
18496297
258840559
13103562
83779608
2250049880
50545869
6745972
110483847
805358514
5949312
138370360
15409828
241371172
14049954
81038069
16881858
126718519
3662221
15822993
50126117
8261762
2182346514
15792865
1381038708
388649212
21300427
202930348
1227908204
685063
1950414145
40720843
26469948
9129112
12241752
21911231
21312817
17883918
25396370
7297532
34328935
258031134
15888732
8705572
8859592
1247437484
3058771
13831932
9564012
175168501
828100297
22839233
19576094
4253351
109658617
468537313
61796548
199996938
292994817
547542986
314853104
21353700
4816
271487544
58964753
24263
17667371
9862022
49422078
15846407
499038308
700394402
8692942
153112999
15705680
457744153
29488960
7250142
18063955
586773658
22808453
42067539
18524101
49355545
186154646
297636217
130932883
14722480
88287944
13307352
3190401
470343010
93710949
739293
254190291
14405393
5971922
40773719
15188100
260116832
76810409
342790966
199959370
57719614
49352512
14159253
197078600
745903
691353
10313032
8119452
225847371
30889556
28429477
24827526
762182
6742522
19927012
15999259
212475110
15473958
8396792
2729061
30489954
20032060
39292665
4514361
53560219
12551672
40426722
104087425
44897207
26872162
17416175
296003222
273430255
62513246
10921672
4519121
213958282
250270797
12127972
19682566
512648183
9969892
764365
149029700
17462723
14614648
371542569
15649355
6886392
5055021
9717342
33787118
178796444
25388528
12991032
28757764
17116749
16182069
14710804
17851599
23627590
14278225
135103
2142731
106682853
17269229
2789291
