1243228191952711690
3231054427
9305482
44291353
14236470
210925142
15115047
143027447
1874985498
813333008
1073388199
21594615
1044135436539613184
971604145953271809
709644992
734010048712675329
3562121415
27093292
862946484
1143866439079776257
147282282
329179614
17785666
3186985560
400286802
23090019
260116832
283108103
5574792
6603532
216348755
16434823
393207402
731717526
416909756
202592231
1550531
9463342
899983925493280769
1898305189
329296001
8917142
947360317247430656
1099963638041976832
1095598611767926784
130508197
89907482
742143
428333
759251
64643056
1072501233968123910
814657600478474240
394912313
4804574367
273781698
88273299
988584625
1219800504
88764795
62470959
43317911
45678357
3030006159
15461779
211775434
106997697
1053662022
909754784705597441
34698700
959127998409699328
942544632898080768
21237045
156304292
84873971
71762380
901773635962195968
5874122
197509091
932898811625836545
801743
2836738801
4025495236
18063358
18764992
397689316
69496707
14452322
168148402
892376954678235136
953304055337668608
52722878
953305718966366209
2981463028
780098197196800005
68926574
579299426
2499235068
841874899442511872
40655158
912788064082255873
52853730
875349400930983937
101280438
364488011
5792002
17913998
3373812033
46968754
3060359959
1683356204
126360941
4360486994
177788470
718910384158208000
20874923
2158832738
1974233137
487118986
393621632
851805230450839553
271063285
216735143
1174981698
66947887
843682712
12387972
705694059692736512
86358405
12785742
47931955
32331239
88412859
92623
2170361
14421746
1689053928
3595439354
14053823
3110001945
696400514045583360
39465780
164312572
3761611220
186982547
20572139
14169419
3365618279
3360844691
40465511
9723932
12691112
44992826
2853376839
19014676
2903976120
1954525111
2846455025
390167291
1923710378
58425835
133953445
40829038
707553372
1240466215
3033290674
477545769
988465844
41445632
33207582
260672276
14079705
2841111
283053195
42203928
191225303
63873759
103549232
54018936
487357501
190681215
334955469
14388078
583956371
736919767
2648921
615486974
608232455
1384837974
107471115
12776922
5812732
813672
2566421
134545441
222743225
4411041
14808226
22627258
16058280
413181062
18797311
8180052
6440602
18902263
14917418
1057665338
8850022
1849341866
2467930643
2423532368
49413866
18525497
22545571
426267558
752133
1586255240
70132580
86390214
80589255
86390762
437707118
14372621
14514804
7459092
16258468
986601
106430178
10555012
39797568
17925320
11439542
63492498
1168518632
9769712
14639127
47735734
793351
23863969
8859592
14602130
85542586
891332370
14585205
3408521
167234557
15639202
19868452
116516229
130580661
461683620
408424191
9976002
6176052
13970952
15376576
19682566
31465017
15101375
89404966
779977
81058375
10720602
14638297
14979635
16842651
89496547
16173592
339088080
220145170
1066391
317122029
580866720
11064542
14335498
10219602
61521621
149970695
74129471
50756852
83793339
66116319
6068
18159539
9206682
2280391
534641646
48331393
12486322
17777882
13334762
24870470
44607461
20720688
248644383
487623589
17269229
27064840
535707261
112405759
13512962
377238242
16695645
18055613
85842020
20402832
374550692
484777014
123631487
241024877
15398764
166479533
13812642
6543162
26047081
113963
17588665
14807154
14349894
15921173
14984090
176413239
197263266
102661351
15492359
16356013
153064058
66700936
20214495
169962449
14118534
17161645
1068831
2730791
50504510
225458182
6998432
18928865
3339171
6140222
93711247
91781128
187864310
370032669
1344951
256058386
247152703
246229685
4641021
19826509
20759539
306249211
81322772
972651
14620824
302314949
108047519
37883400
86967199
35714369
2652331
816653
61233
16883630
144590244
14895831
54129186
16317616
15825547
62983
84279034
5971922
717313
265518392
22398002
163446458
235936115
213234241
254149815
18045610
21248423
155846028
7535062
29256864
138813017
2729061
139675913
6948072
207773069
14816103
39494146
12342812
104618592
16589206
222626964
221727321
5505902
14884019
10680142
14706299
9312802
14729695
17462723
17186836
7861842
8019772
8692942
167837430
11483312
19105768
128487432
15352541
12984202
21128486
84587973
3339561
44423
819907
16283820
84351228
11388132
6485142
20581953
2366151
15196670
106682853
26288129
179569425
14394279
103949787
24253645
204136396
12632702
46066476
10162502
17789059
59420409
17508247
6623182
21385774
7162442
15029176
42851073
14436317
1474021
1015571
2384071
1091241
164628863
784165
14433595
11419202
15414339
9091262
44320986
9381862
823083
14274132
49921739
156705052
55271283
11305842
62963
10368692
134072288
7037732
10656282
12679112
16558988
9385792
38187876
119846815
17068654
4628161
12350882
19525954
96075778
52711359
6417242
18798993
14815775
16476943
14821718
29497240
14715752
20973716
66345916
61501104
