161329769
14666934
14104847
22589067
879783542498217984
4076918835
14515931
13397152
16597587
61233
97161901
3167301
50124536
8719472
80881027
1106616565573844992
280477264
14465898
180283911
8692942
183749519
1100874112375967744
953304055337668608
15376576
6440602
15656207
1019959735502737408
16874667
1190326302399614976
3649181
49575745
9474872
809834579104268290
428058083
2862241270
861702441569361920
22545571
12387972
329179614
744302714226544640
1483679244
1319945166
5943942
44423
18084928
13629702
14164724
9526722
7617702
147493361
922648591486787584
6998432
413898659
1035676762380759040
16231420
172315839
975691
36684736
27093292
10907062
30876683
5515402
16026067
719308842635563008
251678695
4579621
21166130
20571756
9150
464217126
2962285217
138203134
12320
1426002978
227928681
3540691454
1643649391
14068376
813409
78663
19648564
285428413
4737637696
716348353915686912
913408175239516162
1327769568
61417559
385562752
176758255
295218901
3080640754
4040125648
2903328279
3417921958
14111858
821782476515409920
14335498
580669169
2806000111
113904921
2151698232
19770965
14937307
27103490
5637652
317403562
408847389
1172795293
5120691
360971446
29442313
216776631
398087684
1339835893
1058520120
409486555
2446132074
3198245189
212187685
14111867
14816103
14466055
3115197275
55993
7377552
38637906
3772896857
16192740
153174631
6188062
14673104
298755528
2163177444
3007001767
143883
2124541
437176698
14886375
46654180
945501
16306571
722727204
817705
165113012
18691802
2233154425
2436389418
14849562
2423931254
21297533
1364781
444620234
1096186459
210470657
122232142
5733492
16228479
7214972
4847281
108268584
14923080
248096731
2243294202
17663776
26858764
53560219
6457652
4037
1191313872
1659853332
7918152
543598566
10194682
14973943
74426272
858111194
58715538
3364
1537028058
59016409
721077471
16211142
1927474098
55513566
14070071
16436093
1074540090
71215686
517921400
836241
22839233
419710142
18978615
261546340
278523798
18011893
37564410
397451367
16009476
1488886736
14274325
1435009045
3754891
31187498
33259123
140948147
16627764
711599221
1093090866
1330457336
86839722
1668721
690833
816653
930061
14749070
17077028
20524094
67981576
743389537
818591
14114731
19038395
231435144
1520501
783891
153936369
70044339
686993
18602735
1266466160
44916025
147467817
19025233
75865096
84351228
13348402
19725644
14456867
171197865
18803608
196149542
1262874096
14278978
1122192223
76418490
820308504
7943872
7694
14112756
14680281
16637256
18038375
17372379
20377723
134542385
68592469
44196397
485488944
17567533
189467948
16867234
227173908
15789737
14055312
63191474
817209
16511394
20596281
143827564
20282100
68026350
49793
869261827
35559815
16572672
14313487
99571194
19087669
15352541
32520793
34916742
10243792
40716027
75385690
17557880
42423658
4519121
87373548
20954470
749009582
27646760
143568410
23546011
15264675
2119921
9723932
14271061
10313032
8261762
17137806
18411928
365847860
568415710
91943224
594364959
581927720
14084530
171419895
173431180
8018342
370095036
38176626
211058233
451586190
46994665
29514610
57712880
11388132
14066709
97261425
159950527
5684682
10228272
17027988
68678236
14538601
11739952
77145318
188069957
363450850
9279652
15794821
18048011
19682566
5694952
16367706
350688948
14336120
4642
1340521
62090070
335455179
15791549
23863969
17972106
13058232
18057947
7373472
41890840
285011706
14053823
15067554
23977676
19350236
205315827
133919671
809256
8531222
63194405
1158961
80649978
115842616
633
81635821
813286
15675885
15822993
5350802
17776637
23814994
1026741
14979936
22300668
15287440
134626332
16477376
14805765
1186
7439182
1125191
135221095
15936194
153338999
191646082
16946295
108962551
19753593
24758605
8941562
62529223
84218373
23757414
79014242
807095
9462852
966871
16395222
18363942
7212852
14101150
17885062
16593141
814641
760199
60642052
38994455
14190476
4004341
154277032
19790872
35786211
14175560
28322004
26970835
21281988
21342173
19197308
2166341
15498942
41073372
16014794
3589751
9639502
16160389
12526472
36095536
35857670
14451772
12127972
8016962
15609447
24387924
19426007
23242128
7282592
5644962
2789291
1095931
16178446
19060112
20649445
19314650
26036759
8460902
931691
813401
20916082
15526069
17281088
14067484
15332781
16821279
17000175
9589952
17665577
16821119
9690272
16805716
15662152
14875438
15972080
14716930
15274106
6273362
15023020
15290808
14360161
10821
3041621
14968809
9763332
13871852
8273012
13994362
13656122
5243
14159120
7094482
11191252
13092192
5580272
9589092
8739212
8422522
75093
799645
1424891
268833
3103131
7090922
872461
701993
5390352
