52341962
951443225788801024
1497491072
2911549265
297508246
990562746
560678334
4127289801
600345740
742761194268819459
823237725532852224
1124753351869181952
1009293229
897889083170672642
818874408005734404
1556132462
14072634
129013229
421912290
773286998262120450
48322324
4225244302
4159357359
735954684981084162
917752018936221701
1077810379
342582067
1958390815
1545094028
1151228027751321600
1073388199
130763650
1151524400778403840
161971965
1017082393436610568
87419607
875233780180582400
17960561
831260695933091840
18136606
4513485435
784011134
252039125
1565623927
1206584349874933760
103567808
516466833
2841293728
175292337
25388528
25990086
814746057603239936
1208018966293221376
1549209552
1097581566
1197965977545261056
1154430229
970815546
43953969
1199675693795336195
2833801384
3429950987
858386829590102016
3332722649
614389012
930852774
1049777498337230848
947321780
3169914412
36684736
375354180
474419358
113574359
603117784
929668447432212480
78237941
951780633038262272
1489761876
179797676
4127633057
844085148400345088
425388144
968145048553578496
930043455459512320
158093167
1118515999052128257
1173577184142925824
41600685
21084111
14249829
1149159932777730048
124512591
1166772470155829249
59836926
1169151863649918977
802025095
3363584909
51219002
794465538575663105
1098261152042283009
1107613927108689920
19484833
3381411275
1151654975564439552
923838177844047872
104577923
866668949085224960
34607715
348065089
1011950758143713280
19907166
369689042
2490297780
2709443390
14278166
923904876458934275
831139520359890946
634546270
867774385242886144
1141967335219240960
180371886
14397927
38651043
181484634
6851732
244598046
714402784209211392
2830001186
737576965155086336
926856081795616769
3301441797
2440086069
472297754
29843511
71293589
1045606024261115904
1539732320
3165360118
850279673699246081
14756232
1326432728
2385983209
864132504047017986
209482312
955593270
12073732
15941673
763315732637712385
3971267475
506362064
714314066
271601706
819522098288873472
715451644683673601
982698405741912064
48038312
111318563
911193053641273344
86910474
66961730
51396789
130414742
2967623435
1105569721964023809
990247252097667079
995791838
520253770
972712170
2243759660
3521060897
244170886
11796012
798282678340435969
3301442800
1060577549384851457
23457312
930051324468711424
905782441
82584590
946069965492359169
963032768170127361
375162961
3336790683
18829580
76960469
1010431285251203072
3711450495
2821090161
1333418270
1088903090122706944
318953191
1266594308
1173036464
610877878
1117619618
991646864452849664
350434694
1068886702830379009
3197607363
22467215
1153622263
299238416
976475052190392323
923810797167489024
2543312586
1341624260
733092900
1432508857
4274845533
460049805
296467497
4795340783
306464218
1081661513973358593
119048849
13810452
89894871
468076687
4891335389
1704611388
2208545153
1074388995633831941
132466995
2233522746
712246441280999424
20426930
1001029225476972545
15424452
771603957101625345
939412220764655617
1068856931756974080
2767488183
915508771442630656
2924711485
19010065
981766007512600576
343918734
2919151
966058630599577600
3935138175
2204263431
1062652907181539328
223476280
96319197
719881347687387138
1018777305408311300
762282672
113616083
14188834
2172806148
2967649984
1001742770367815680
30183861
60877585
930755556024995840
726365373965152257
29069971
426647032
952097215
1044613103617478656
1009795290927427584
1875486086
2226579264
957618336
740450322653536256
20637708
24711541
14892191
49052277
1003901334045814784
15210658
1968716382
6146692
434783891
729682938258989056
796744603546386433
249161046
2893536701
317836183
568947767
11673462
1230868171
909103137889406976
796283463552946176
892337546868527107
475696668
152862026
720314127420227585
806415334983028737
84174080
256058386
3228552281
913139225494720513
251646636
482878437
972544329704144897
20148603
788711943376961536
20964022
2202912121
342573750
1110890216
919294347857690625
589384842
2956438959
1884520938
341128879
776716126252335104
953599085461868545
2835053109
473779739
2937071
3344102572
142598896
287387396
718862333385252864
965889726036226048
524677464
931457860143337472
2574472352
713379683581227010
749893255152668672
1890721880
950263260221231104
4360486994
1300969417
364272160
545085750
200502746
864677676640071680
14157530
1272538482
3613759816
2889761842
828977958765338624
903233459262558208
77182096
2820329001
15990240
20590436
310821922
222072586
10162102
935129969373667328
24817772
1387915232
1912054296
242069220
190857410
15479119
26763420
17268874
411681876
933686725993553925
18613
69653552
2416075441
1854212372
1271797249
229521188
74747679
749879402431967232
834355946679836672
3778501
741053685237682176
2785181925
129172726
354823172
890477238327672832
40194609
2656564555
3662733384
767323848161320965
19891199
231457098
615703
3023497329
707537882894999552
80528373
594278352
273935884
67591743
14233770
204489333
2217099931
1103376991
267084486
3806535323
1408318243
923583450
10471882
905255756789825536
321006177
84618490
4893004803
13691922
8167952
895085363751944192
867003619702439936
489006512
819591473448501248
210531834
192248091
1585362265
3064252155
2455554733
3884265193
491343921
23467113
34255829
16112517
236581193
521669341
767076992994930688
292158149
720389270335135745
3061474744
61743142
2938078973
206686349
33846272
801822323825410049
768197780
401344066
120706629
860752807925866496
873275898241462273
50722668
364547862
97231658
490378641
18952106
2388974606
1318930441
867013307999412225
75515941
321792211
2966715803
2827351199
168436875
393991001
856231903933935616
17122701
8301552
2429090382
47922405
274425694
244011195
70939871
827560256821723137
4370630837
168975071
829350187671941121
247883769
1313612366
14835908
486714353
366466374
3457797616
827101478531760128
2223270793
245741590
783662760982904832
1393816909
29442313
757676828664422401
83116880
2331747024
2430230107
4340160387
4723446256
60857164
834861842
1011205039
44196397
1089278012
102013970
2327881
810932119405006848
2252117173
720270559955648514
478599072
558588244
25548418
3898598357
2199863670
370227242
3125154047
435310527
9214612
87994360
4894621318
701122285525139456
785564773815648256
796300369039134720
437520768
1958467302
241507925
228863754
23823768
128318960
4097584349
56059690
40225900
1132628983
57142771
783660287442518016
147492096
2337002376
290662636
35136889
869813078
595515503
188046229
728498282171904006
1944772267
2534806295
811883
121803587
61180334
19209127
327351642
1154241570
116063765
75041621
4714488634
3239195697
758641170717274112
569386192
133709346
1638383174
291710082
1107456895
2184489764
218830003
706887547297865728
131151845
27467261
1147444321
478469588
390903749
3332976679
719541656299696128
4512518446
15309317
218533624
120021338
407268824
1958505482
87002934
7954512
15841047
14128688
739521654
1526182700
229793966
2885138213
2557762548
325100970
1401636146
1075919204
4734696154
23311348
3239133123
489344740
1949907901
2302384961
90645240
928444328
383250491
6226732
461200338
12844902
621157736
14288038
65372943
116178336
356913189
2310381739
137830137
492648852
267062490
705728640445751297
2565699576
358817277
2321217102
895690332
1925946842
2838100641
1116694734
4360767739
39751009
23829812
15303582
27657236
313064921
3079307777
3014243458
52712169
2980850588
192589318
365251227
3313196859
4690685617
3354508276
95290078
25488985
3841117095
4597853354
84566736
4067811562
329888853
3164612909
87075439
515252450
22732851
119860473
482263573
54220147
2728965072
937698624
2869682299
14353338
77128325
416273351
3758479457
2201055433
3090814797
1131279698
48400915
834114181
2789771263
3091672072
5310102
1413653791
261231504
2916305152
247038410
17997789
118334128
16648767
2868195927
14341711
929421091
256522005
234345198
13860742
2583001121
65340541
23271739
3045278291
2341674853
92572060
2221322228
32376512
42113624
91064325
367755642
359083839
17044073
119330557
3288847913
124469274
3225994289
3319521465
2797500730
258547837
2614334052
64759160
613765700
564031904
138409010
1294717520
1281526188
57190437
24154701
32469366
249611936
2903956720
95739751
390222210
116038646
227285080
661403
18997914
3063042951
75268942
141560205
1064144185
157629358
361291810
2909014684
25337475
34217798
1933399116
2230169828
854581958
86573349
1886760236
430570985
21873924
2318650796
17946374
610308498
7431052
131009909
223987281
241508214
2885692329
540760908
1605512786
2897180193
499839963
17406425
308473429
372357806
238512141
122477531
2882658777
75088173
17482535
17989876
208442526
493498548
15452179
243189972
29797189
2870527475
285094239
372303505
139502984
320965038
572488377
1361348677
2716446980
18846912
114273543
47558677
583328497
17099853
2843702262
36175576
89939132
948106532
1580367913
139662747
962532618
554559360
82467442
168987151
2797488408
6256172
130779141
1536618764
14054843
343922907
2770167684
488273800
516643369
987251269
91393795
9092902
234836761
786659233
1160959111
14152044
905920819
1548393026
1001846929
1139384180
432602839
2327253864
26262010
2773565144
2496423007
2754452222
187487160
102975831
2184705618
2209100395
972586638
51731270
1114396314
267639784
2310376344
599456248
18581687
2651731812
229046088
191832122
86276038
117361084
1958781776
2404801656
5841382
38350102
2576553516
89431845
1255395930
403246057
7431072
1178545722
2470722476
395576921
5934642
17639885
1713652490
189118361
26757908
14444671
2427099170
2440242769
711141920
558071189
33453065
1289823444
2349925500
872862998
7941952
127811252
290046068
2250116833
2349044107
2177855942
175335903
460969965
123881333
56354143
228753695
1961369622
349963
247943631
408932801
550876474
22288031
602769866
48081187
6957542
627203113
365942872
1911965071
23595544
115917954
1618091822
1425868717
207452762
252597431
9330
8220532
1880881256
255617445
1571270053
543582293
1708512536
283515992
151590838
749502122
1597839770
1944161635
257439518
1590188664
1952541698
56335655
612574528
7460532
49319793
51559106
160501972
106372578
2173589754
2183018767
214660211
17510568
473949118
1850983994
5358642
34785140
45560321
54310168
14908647
285495241
304289144
1919269746
10655632
1006945298
14866515
1900795753
769897
1896407568
357256263
44238413
16143105
97876968
88226799
420405508
390640336
843296516
567360618
999095640
432735386
560929553
837850272
14086502
7608532
128802796
1651216830
1648715156
455806353
931588254
18476766
77212326
428950383
525089716
187543625
1650794874
15088309
381515516
458368775
289032867
1299995892
382123365
617143
153353391
1407702337
48737760
15936229
40197991
126776994
34238559
126312241
1316033161
94430952
19497476
38753267
488277100
141805761
43593
1122017318
1450700352
15452685
271401685
146381739
912733502
1351844930
34320722
93399665
274944090
19040080
15816720
36904815
68508686
135996556
827190372
210845204
259307353
83884118
479798696
1340211060
257508842
205717523
384181876
15724976
44873140
263846504
457776592
418839574
12865632
492112244
769645560
186555212
226119948
532449573
72003538
1323898861
318046158
384349572
183232313
256710381
167537968
301939988
1320700622
562751591
6438792
74271195
862776726
57262153
432375298
16548567
376222416
48672633
256070122
948060373
163986250
394137353
104453370
1022253601
14148941
24894311
88892707
590220091
481484224
370314192
293395401
68431882
35705169
106137072
454336881
115100327
29645805
218488342
326763200
864544333
876071077
101848276
47725447
237738266
218667586
576961918
225609423
383091994
17738518
6619162
381556343
17075650
13334762
10161492
20756651
94857326
2801571
65119912
40904148
40224794
20051632
41902382
209052909
606105067
1000396266
47562075
26332509
186743776
90048502
250245627
140560637
817540
139699772
221397996
389630336
186229901
49896242
15903628
14905766
14755464
7409472
14301911
32543835
7858412
187345009
18301638
57768469
779703552
47194559
347310987
15473958
526731853
54483914
70961544
203825050
42107055
380983535
211217639
145429044
64363268
163372568
155688610
596420812
539210871
473195695
59752453
218659501
33696409
21179585
336012502
462331121
290554152
38929954
14435580
488275762
387798743
296160363
66322723
23344275
507871280
38406660
83381639
475198176
10342312
34936414
47312923
21849412
102088558
103365916
18839320
211322825
110940220
59096727
270923753
413129652
99245311
361898862
425725345
95389783
73331403
464658291
71212408
58920430
435923281
313817360
20968239
202654129
17744075
234035533
359909990
366128101
94299676
278987636
134056737
46419992
16273417
17629607
14697496
6252352
132112397
297280730
359115827
18759761
5894872
38288971
18908456
82032121
28776554
51530286
54711914
15203138
37493080
30205426
209645265
14600764
60234120
17082454
48363178
12193532
752673
270659441
226510471
92838930
240453187
252994222
217152792
18190483
57284715
12778712
9758532
215155315
196719508
15465801
19911310
53871000
45496942
21205825
16689017
17508660
15842421
7358532
14898705
136636657
116013063
222957290
22413809
49721456
22987672
21290877
73067615
192900746
81786887
203530201
17297832
23412392
48630651
20739009
84351228
15521075
75275647
17038733
18716185
30351188
59870857
125792630
83827562
60848560
76299434
609513
13241162
140569401
75263632
5751222
112850365
95639457
137694060
23634659
101201724
63873759
56951613
103663081
88776463
11048002
15804774
6854162
54594899
7607262
62846173
16894591
68424173
7555752
39316983
9524512
7678792
14582008
92564060
39321347
14581770
