571227090
19014676
14360894
3365618279
620878605
1227090939518144513
2235518692
724398878351568896
1176229838979588097
140743554
7516232
256900512
110198955
6440602
901773635962195968
253449166
21594615
4901201867
1073388199
157702526
137885308
2888702530
12486322
255517813
71762380
10368692
487623589
827350579382849536
969922424534913024
1215205058243153920
39689218
995782885
495859438
186093973
5676102
848237118858162177
793351
2398353810
1076281
99465070
1003616379264741376
15521075
1074554173
113647168
52722878
137596550
803234558502207490
3117708497
453247946
929660153162551297
1063045365811814400
15734865
40829038
1102269963941883904
855510324
14475849
199721060
226773521
240589428
1187472971369242624
2244170328
923552610988249088
335960306
907551432634748928
2223745777
124203962
82898601
15782703
2593752752
14420912
191899671
487357501
200278362
318453937
48882155
1571830082
1874533242
1139157627525578752
84995698
2837246309
180095836
57843399
68683162
842471595251769345
1017414755986706435
61157877
351423157
89999559
29290365
567473037
133953445
18764992
61127825
40465511
14262678
2485993465
1930787257
32347444
146287709
952669860487684097
54186403
49096399
1974233137
47933603
68442845
843682712
40655158
405049811
707553372
943204136178380800
953304055337668608
932898811625836545
892376954678235136
99598437
988465844
942544632898080768
2499235068
53872576
50393960
5402612
20536157
289560192
52961649
1078705165
987206226
252689784
205505287
2609487218
2416037762
4718718480
25073877
16477634
2539239918
1154225041
205735342
29840295
