444131405
421033
95347396
15005347
94926182
865160954
1098016781535494146
772080865627242496
17629694
2469964320
4457072112
1087957969915006976
941735735400550402
118674790
408847389
462551660
115494880
592019229
102899720
15909478
1026971148
45590048
14826052
45671972
26093892
14305118
10454472
7913132
15804774
203669710
95881469
79018674
55593159
1175968390944456704
117846486
85927717
964889827790352385
1870089331
1124442634229993472
9723702
1008061
82734156
1538841
1108154493185785857
224653586
780490134655528964
343620571
200519952
522308639
201172309
104616026
18820495
71762380
7516232
861635704467722241
1012355031549513728
901773635962195968
153158056
877046059
16130949
12691112
1690731
1165835215341670401
15981533
2231774984
1209406800
149339028
1051783675
14198865
609570013
123115671
2675566736
1624141777
1087176736620466178
17982417
14055926
987539148
19989571
2547412918
12705162
113218622
3278861726
81538231
1035676762380759040
56884542
12090712
96483337
17641220
14407953
17966777
10626512
328850127
2422791229
711367366756720640
1068951084
310464223
15012998
488809452
1512200244
88570710
918987311433601024
28552516
3180367712
17466304
3161644544
863550314
113646008
1567529924
3394704605
246800845
199238295
111217362
27241881
16795825
161419043
389681470
10250992
152382384
491821358
329179614
2910702842
41485866
622960227
19267830
14306062
109086082
33399687
2168422994
15149847
15533517
8723762
3298774073
41529526
8673932
571946293
17170196
1460705424
9135742
285775094
4487760737
14317497
771634088
25573202
781536114251329536
851430115
817738176
6392382
921571811854290944
709543904
2626316095
195882574
13493602
35273367
17503069
42508332
29765369
16258468
787841943128637440
58017706
14872146
45297280
14227238
15236634
3657331
11320942
17143946
229523
21239409
2981010834
1373390360
16284661
1090279432315645953
3176561786
6998432
14558569
16302665
183725725
48504989
895857055
721588970
232291320
80523
3122157632
14602130
19847709
542240829
86174269
866714773727072256
69190199
236528963
17513031
12621392
169505740
17638705
7861842
1135180545489588227
22486605
30286361
15376576
89648239
10287682
22163765
816954
18137304
201400938
2932738834
979447789368246273
1057760869
3230388598
2377969267
170174039
14923504
10688472
1870044535
91731256
4850302216
9151782
202043059
17578918
1854982890
3259381
11385212
641003
794723912189775872
14266782
14430935
9357
4442171
619252055
15823636
592920490
44104818
37360448
22218912
38150174
21500149
3167301
166667340
17
1877714197
16996308
2163374389
1050375572281380864
2746205556
1062123997
216816284
841060904456216576
328240301
15231082
328203
176835762
19940836
80703
1530096708
4874289952
14248247
60760075
130963706
87744974
409823
14585205
1054506768821301248
90488576
395367768
7617702
175534964
1749311
19304217
1390481006
793351
304076943
13611
408912987
725502839359987714
14453057
19599604
813773199389229056
47350584
2175647936
732227203929374720
817880
344901939
1307371
40026527
2792229534
29156410
839068743313555456
23554268
48435298
21621562
568646506
80589255
14421746
10191332
13235832
48833
623863
14336585
38428725
532779460
28254715
840633445697093633
2535635137
48529642
18966808
19773529
390287545
2351468094
14428320
19087575
268078584
8942382
1647753168
90286855
1038961507181023232
202661088
15594928
249247936
34677653
9930562
1023974763486564354
202217941
7005032
3380973898
1505278441
1454501
1514010780
836283571
13484822
953304055337668608
37677375
14164724
3092104835
18037903
15427422
4736987325
25103
17559542
17073345
7384342
222956791
3026150800
407175927
295434849
17954385
16607897
4161310818
15866192
51848919
65563673
237293113
247607683
14534896
21759987
14675490
7459092
169368859
888211
2704839457
15387262
5391622
17025041
15223040
19685068
823358714413391872
14268006
40449158
14223222
46611698
70195776
1697769560
1401443653
55957641
962081598395924480
2871485014
1066151600
970665628750270464
51529520
71906095
14053355
180012200
97114171
18088152
17639049
18351040
11041992
22514616
181421156
2611802689
48569578
633385022
104241306
12417322
5610072
16517063
451240433
487623589
11684
161428879
46113
779627
75394366
2871094552
44185147
34778769
5379862
1202022344
14259060
16027672
118942583
416083809
480643825
10650562
1064524614
850021835404189701
1017428432
14600604
67696680
59363
326511843
2588620322
352498809
3634651
18858270
1153111796
21432533
15173724
10375362
958154761
818902
1374303379
7681652
161667651
14292762
153500398
399370021
4121718382
14550396
245060834
343899936
14656222
3674082523
139779123
415848544
196477831
650013
1150515888
2173091917
110755082
14297665
3169572185
7675672
68103081
19052150
113419064
814122
14692547
24889911
14361975
253464752
34488596
1050431
18363942
123432518
22455722
44897207
215379839
4626346103
182675886
253350725
29255412
16125527
31354633
17814727
20573877
2832410740
3021944492
21726443
108103370
28158963
20705255
510659981
14086716
794880560
68442845
3015509723
4196983835
248988547
110730064
676743
17056605
23347279
800128233651871744
18980932
16687287
1081105410
18092877
213716823
3041730866
4829901
15902371
381292997
223680024
14139773
68012722
6440602
8694172
6082492
17407196
705153
94133565
27093292
33787118
14509080
7748942
22572168
521769198
12776922
15704940
14804579
15482223
32167968
18840827
12281132
862163940
16211142
457843483
9309912
4579901
1703636556
19367980
14816103
739271654920978432
213874301
473256048
200631648
19552154
9346302
18634321
31435721
58470990
228925627
16907385
3775651
6603532
703006449769668609
14726803
14414009
1595809370
805227165394472960
15373404
798218954577739776
104601718
13826102
14388935
119151013
745355702412140544
262914828
14220560
29092926
23119057
14603244
36823
402187177
452154892
59954760
755253429254037504
243995625
193812298
1023267146
208212889
3364306996
900083402
22330739
625093
80200818
18593319
41404824
14303218
11789832
9887162
13378422
90343083
274847532
1648999932
148224487
7620042
2916758736
40790603
769672045466492928
763476518802776069
30957934
372340665
17757889
41527538
86146814
9381512
17630640
172049437
147638041
236305811
14134156
294127712
13682312
1429148504
163997887
8861082
43288900
14392095
8987572
125434722
2290190784
14074078
103086746
1941471
4765141
15632872
107837944
15534230
158524228
19203429
6031
15173209
1609491
4587116540
13066642
163747660
7773342
18587039
6297412
16160760
66323100
121932534
12806052
245776524
14804841
6606202
2151311899
3352357133
1858828674
17796491
4336783153
13127822
1681855874
48756455
18046941
17055811
3236135617
92610385
2006841
14197644
26514443
865800722
237434541
82233331
254153974
285163023
341617430
21887074
659933
33988358
102065723
16247414
13332232
59611400
3910230861
11647562
297504049
806065237
699263
222553194
2801974764
774757
46434769
143055092
5676102
14689054
10809412
19891458
122053508
17141788
14417215
6697972
3060296542
119933555
356930534
37793606
15482754
791300
6776772
759929082
285428413
15758380
94134508
9627972
309240825
347488218
769694
166612118
15706125
274560483
14075246
186236244
609294061
16026293
2828286379
308556599
25301806
78968940
9462812
53970619
158065720
23552334
239987002
189012486
45605475
15710997
1506109135
15039603
2846588599
15534499
7618952
67923
425793
6246102
444893643
20693
795228
817083
14505174
11177012
331278563
1706388361
244359625
64891608
38427300
722
8692942
25571677
121483860
8592732
21003752
14815775
39752578
3649181
14311039
8255972
39642510
786491
814349
159822053
463194200
15033726
1499972130
50124536
2343043428
25858695
135145368
370844675
16484216
14351413
252646131
76561387
17055506
242181712
14403629
10288032
2997325172
356447127
13773872
18210643
1472526193
24260071
123093521
12708782
2680758350
125071102
3549361
15439386
15076286
2451778466
482677455
342459272
27906446
15232432
420363
263792919
23316795
3016611945
551555903
9355632
14162967
676363
2560399028
89805648
53953
10179552
14081721
14668470
15685575
2449901
790205
126226388
24257941
289152917
2749739916
67202886
326392664
14336362
16584471
14336120
15075911
213763729
18948658
7037732
6132062
9362492
20719205
143883
84428533
813402
2255846066
61233
921671690
311664727
15524875
981701
15595875
40015418
19079855
14639127
21091709
7385532
1679219940
15029296
407184746
17516907
428058083
17056057
22711764
14610285
12807022
2773111
260044118
18139160
410541438
14651040
19715192
179641863
54950832
14226772
97135225
22882670
317888190
23367958
14552092
187679581
193339387
29613873
1677316975
17109422
158272788
219059748
16063910
14690757
818340
41099922
13074702
151171614
49820803
34597383
1660833572
588743
20094285
11250462
16597587
14079705
16385118
20540177
281374556
28693843
22106360
28037700
29646552
54731526
22120094
402422204
15196120
50193
14561327
14152810
127583
114611984
19682566
13985172
32205230
377139166
65085861
2313073392
15481850
15206206
14187783
68474641
293397557
14264091
12819682
36093693
1465659204
3107271
2577255205
44580952
2612770442
37764168
14245916
22121676
312169028
13895242
14098189
1143
87943230
2337031429
7736942
91207544
129073361
1965303752
24448708
709877132
14706388
18246129
15845841
3554511
46584562
53353202
15248559
17123468
59228825
83600743
15680084
17498659
14838518
600564598
830411028
63626449
16844629
2289933991
18123965
10428272
232368779
28194215
1487923105
2449368004
819874399
1305940272
309681476
26609111
2180200740
109011736
189180669
24083985
856675334
15615728
2336163698
2468765323
15680097
12167022
39076692
749583
15301028
287673124
2548275144
176724026
72083921
1604885694
320792090
264481774
16673
26803375
1223742080
15926485
14713907
19780113
15649735
11547582
182765153
15025072
19359734
14689894
19008876
51200602
2391598225
401047024
18837168
2414779796
20045104
15003313
411903517
335322414
37131720
299797598
84165119
393891449
22135196
44015395
2355461263
114149672
2080761
1072600350
13948292
84949592
39250061
757616852
15428857
195574692
12607292
257040872
62781505
14887704
61546084
241585205
20509673
19255349
224163572
56903264
22491454
36643026
194585899
24917269
1498501070
803473
44388921
14278978
407057840
113413976
784467
394225936
165518351
392777802
14935495
48681409
14954152
305376580
95962388
2178639708
18342085
15493558
25996065
388370219
126391028
184451563
222495080
390737108
252007148
58914032
26317047
20578466
184151258
635712776
1601422722
370164385
312276699
15936036
60668331
36497839
14862950
6534322
1175205716
14141301
953648101
26014913
76677922
43344140
78791531
10948062
260909325
498927359
125864859
229664876
115025297
78963364
38677943
503905656
30128952
70143362
409728421
175037933
167089969
197193305
700998140
92793344
40001278
342463106
161815799
429235326
15494638
13045412
255843034
19277192
538246303
1077758630
33786195
13982132
1666
17915782
300354432
15101578
301203069
24557204
449072749
362698540
1293051
16206241
38229327
90078288
124036182
14147538
14957485
15564801
1378627237
32657188
292982620
195843022
38691981
367971865
19659269
17444309
23685239
18988191
17230461
135330982
25079420
144850604
357682421
20809312
52912937
20081685
266223174
316449060
253299110
305495583
15007240
17052007
113365795
38331444
8123932
141713379
14328429
21484164
47253987
18338433
89365312
29567394
18914917
82386866
15759807
424322714
15062840
140499484
161685650
14475559
20632855
22217340
134172581
72159414
1241595690
14800144
14280073
848901
126011278
491685663
248733498
28698878
529481486
57740439
55850842
19254401
781386
803777
15203375
175271895
219083847
18227996
19734656
58186458
195865441
18889796
23175591
92439575
34610191
276182772
80320793
29864336
952031228
15930538
5728752
276783604
988427976
58278163
14550795
19515536
181961372
15010493
14137772
399011602
29532294
55005987
14933499
177939592
63806187
16468695
234083686
512356467
254166795
11960772
194625364
1173980215
24916659
18765010
14117777
215143877
418379573
19951199
31004099
948861763
71071391
93197024
15076390
97442100
50699166
19284156
87763178
16546315
17872619
155968371
16224355
8657072
83874211
558126435
1073927856
15292688
157100804
35797450
16013167
269075147
104710814
16256797
58926052
415704578
14615761
110608147
841917073
188141522
20540782
795029
16063143
1010711
29842471
22791617
605711447
335424542
18395993
18094148
46493388
87543735
20260451
2529561
22134617
18141491
18729187
239721827
40706825
706129598
57127415
38124552
177893753
194404684
366251057
45930912
18077747
335939084
15942446
16227829
16638816
72848033
24644066
552824596
55570400
15737988
199381771
15059486
16831087
21661546
508711201
206674043
9123712
365855998
48206062
63767804
14279070
139437705
394143029
130833001
47625896
17001599
40975804
14292941
1850731
38615322
89804875
152596996
14744498
253426180
771803857
585326960
22504591
20015311
473511698
703377277
178525792
412785955
110583155
108448186
7024672
16186548
26424723
18790180
15245173
21285343
342908569
295803045
399812411
11665282
199243611
368184967
15150453
17934039
853101
15358457
65207789
247352911
9227312
15205798
17500870
334723953
30055761
389127665
17435961
33498016
395137661
544507788
168751633
25327798
589409536
16441656
30920073
171195817
14898461
16914737
15861069
17937980
46970458
22645903
193770618
389424207
69150304
84726611
19411476
293529249
189213655
38169686
20219382
11888582
14358689
181226314
330300487
326530956
373589690
13030262
14170452
12142992
735273
95876828
18344160
19772792
174283859
18505899
9482992
16806748
12034862
161939679
61772051
13822752
18138031
16301927
20865431
364086286
14055566
17202007
68832413
71028129
433832628
18927821
425969398
21652863
23137199
131420585
14361128
206444851
11322372
38209937
15171302
12332042
8167092
21413590
49160324
20695474
1051361
72914956
290544684
18318959
15747809
88570519
370400667
15694469
62220263
214227704
18250684
15941542
17481667
48782485
27631707
16830339
133432059
779050
21759163
14725513
41735525
160567194
22995155
16623502
140672673
56117666
15303968
41205753
104423992
31489394
19550820
24762751
29915533
21096738
167435022
106978181
64589816
31753957
102115625
76853348
29467141
14914811
54907195
15928885
19033753
14114661
155973251
19664663
26379156
15667684
28034822
8660312
25528879
14760179
15011543
89637018
14840634
14355712
28770606
19724631
16470269
180337525
14532450
15128930
10420662
26595381
18231129
82462719
6071152
151493561
21426120
18739657
18218718
171243483
6152742
34687247
18918721
15851599
18204232
17180806
35656967
15826148
137674928
18057351
2887341
15671171
25524879
153655931
212814209
735483
16205348
123095638
115932585
26761498
246973483
24291042
84939836
14613642
3244801
108413405
22665665
13060942
148932112
14277281
28117147
14246144
164311653
18739139
17447616
91228448
154194214
14157964
1736961
5573992
14676300
46914263
14813827
14703448
17092251
24016429
25740491
14119871
44013478
8273142
8112832
16246973
40666649
29414633
16869872
50333103
158422866
5739392
29923189
114457870
14985228
14389031
37259080
119019349
16551979
90637902
16319738
14881895
14437569
21790331
11873212
16337960
14485176
28482605
9391272
18146496
17890482
21380345
14388689
14689567
52412060
13110812
71816216
26680566
