878358497448079360
624916138
197759072
191772495
21214383
43323995
4897437868
1091559985
1169441431510892544
1549154568
958641689517789184
805436076928225280
3352925529
93928479
1113457965263093760
78625093
867402039143301120
223231159
16079660
86481023
2814314986
27013409
1103183940846792705
80142745
20812888
18829580
741340050697420801
934057106117885953
2204636042
18953766
1118165684763209728
1570339038
133631433
135918180
150161611
86292908
52443287
393893442
9104202
4260181
221032511
716213
2543348412
1185357046616641536
66351897
18185523
849256735361699840
271058786
1015681547415031808
3697013177
4203676144
742379544309567489
1084813218361544704
832618647600246785
255527569
72259974
2401887103
907543369
269248605
1142318318914809861
1127896749320888320
3307377695
823518894182846464
1201487793270206464
4263007693
963268201
61233
2907009051
3129463125
9714232
1224302012759715840
9526722
4759631
166483626
922309525
19682566
611721065
21519624
17518412
730048907632365568
3978925523
257237821
959922908725415936
930754078044491776
905355235316654080
786201708972023808
706818053640691713
1088802922908053504
1130836976750538752
1140542747062996992
1065186297621463042
1112120124897542144
1019899983942897664
314860080
18326200
202546169
621413
3435395447
76894627
14866124
735954684981084162
963884836162342913
60760075
14581770
189536075
25986214
199238295
110198955
15168678
3362133777
14585205
255517813
7516232
14403154
14698489
16130949
2789941273
9362492
153158056
6440602
253449166
10368692
1968716382
1206584349874933760
177788470
1610881
877046059
4874289952
5380022
820367095120547841
1220678013156806657
1187374004
1634706151
41577553
16284661
1012686920927899648
3001562119
1171386955013267462
477672968
1165835215341670401
3296626600
121557269
33486421
27087844
3576874695
14879534
369758524
64158885
137806105
4106944632
87989450
55547770
870364054044520448
183575679
517921400
1450152595
256020572
580016954
389754548
741545062979522560
2751914126
41358714
4710391092
3871799607
765078822320541696
63396794
2878942311
3111733301
1195441345957113858
1049754980809416704
628185670
267198756
27841081
2603575639
1202331161739087872
234309722
846771560014852097
753506894963171328
20223806
36989830
633700365
135266269
1201468485878063104
1100758219939635200
1121745566696968192
30841465
1197531741042421760
526753039
162605310
5552402
2726856502
735627367926890496
33835409
926126047
930052101102858241
1073967485521747970
15425914
756559205629321216
1057257353874194432
1084822806372773893
1196370438869471232
734800653135060992
63161386
859902784346501121
15871746
14283035
46372056
96558724
944291984675614721
953308901075832834
1036985978550923265
1128208750937030657
98685098
2359297928
2373679165
376085360
30250764
72719371
2840658614
185439302
1259306508
973101462329978880
67700489
40017884
356064254
28534438
11549322
19442313
23078124
1030418139136360449
3130969245
1176229838979588097
1410190320
4665653056
815932652855365632
44348435
154251965
749926899749617664
111265253
153711348
3358451320
1111363350
707558156268863489
2426099005
207671241
2365418737
943610151931703296
86916436
52659458
246481291
167394449
798136760
1878836546
1086281492802588677
2429454188
271317246
300406652
480593021
1560363475
1189190173751304192
428058083
711367366756720640
416715629
1052175276988219393
78026189
17106514
88273299
39276767
1100010278891282432
227332336
426465099
567537377
900882828543406080
872629299316215808
2660384088
3408527962
8742642
16569971
826980018
860926514480787456
2899852882
1047644343874465792
1130371075127164928
307615698
22048180
1365535615
570765306
2419391377
3176665059
1081567509004865541
993834236879745024
918241503226540034
2949971999
41635446
3303031570
702583576525676549
71762380
16789906
836678619166486529
293236693
14678848
1675745149
130690431
15688463
102351303
15577394
43301245
19401637
227187870
1556664198
744961590378774532
2722830710
791220571849756672
255175133
3150544995
176024190
221449234
18219475
18509815
941060552
532115122
1146379516442316800
15137538
621133833
814826774
88936048
12984852
1759737362
557645626
841631347026333697
143909021
182857317
49921739
3871826339
2474208830
774078047892959232
303763679
518611338
817074074
538270596
95195944
2164645370
2967229984
1093967900942192640
930749122868666368
1852409701
11348282
3562121415
842550390818201600
252204344
148406251
49332350
376478408
169847701
2651437977
15144532
30799501
518838727
962672120
891767286033514501
430053958
19539923
946702058912088064
873302389
483834412
1067102688268218368
241807596
1163845068719120388
2440134164
1031575134300033024
3351551
1085221540906573825
764107980715466752
130490305
2838066551
890386068
364418350
922483242619383810
722266969
318088798
1236726956
383289779
439273539
283200815
15084892
111093392
2435390142
131325581
17235447
17345328
31173099
599404248
636860677
2987122085
208988759
3865005196
2776517599
2252889422
1156648495069192193
1108228174293299202
22042824
7160062
3305896289
752967707277029376
2355383844
1118422823687655424
1136712845012480000
752889346814988288
109839156
324784754
33651124
1655660431
2167247681
40882910
1281526188
984112038359306241
2170380296
774248830053343232
2363105148
4657994587
1544468570
960896273669869570
1255406035
14341386
29413554
30626786
783792992
1088364033915334656
1032901338391355392
3317512822
3106170107
1080531741276884992
1046447156637372419
751804158282522624
1144224775415508993
823740494781911040
1142526119532515329
808979359705010176
54156664
1009747117
198416355
15626406
200456671
10012402
963002340
3201131333
252090197
2742443100
312238554
169403525
119452969
735712476185038852
4462499741
87894868
626395120
92127662
773180117271150592
116834780
3273383719
1049764305388929024
188767119
1021345999770537984
3131069933
151382847
1327796756
1337118332
135493293
189548161
3315038812
738658474884800512
32159249
3329204837
38140504
3931240040
2810688646
128044121
1169977447
7005172
117352898
3220752032
447110951
24877257
461699649
326719324
2191109263
488480041
362498185
104462518
1006419421244678144
221757465
743294666171289600
960186013
21594615
2882951925
26796481
284166888
49793872
957292558681505792
3093520014
944216693559234560
149014668
126059894
514178558
885848580648570880
1002536124227694593
2252097703
721155911776124928
402180727
50364061
14861745
912454566
2872545452
900253694255616001
489422343
163154809
878192402779041792
3394395353
614549020
1854451886
976069167295197184
3808635677
935995440792784900
989828759699193856
964839447798910976
316358335
2172
14309386
2184817093
841786994439163904
1250082110
174736228
3826631597
918341577507880960
9309912
2338330770
102430073
27255323
157994319
469539361
771311440397336576
2969510056
1085870784952918016
864560037821370369
47917927
19070986
1251332575
1082577362976423936
49025071
191463787
3063915417
122336037
2939959700
636456897
609954186
992028246668644353
1574674273
15286612
3088748861
1017078792253333511
147654165
3908791276
2810140122
839385336144855040
36367955
1133199002
4099958044
272946649
3017970273
1072086152797130753
739349293010702336
2586048146
803926281066807296
30188492
1359677059
2396576234
1614507745
712172447223717888
850645992
121777206
1057202859132047360
2465327948
236881390
6587722
198902933
2967751053
2291641710
117682030
1073388199
1114222706
17073404
438729858
105278536
812324121166147584
1150575908
341413683
352219219
93743265
3207154359
522563067
992800448
775647982754684928
191368435
77018202
432957426
865339383200702465
437591452
276914775
20904490
1267122961
10975752
3290071630
2887956802
15097474
1219888003
24711165
20695447
2596654898
2876078391
1005031694
190246525
1579422614
16308536
2283463274
702139189362614272
190175384
28788786
26254137
949286358840954880
819562784191119361
961596594725572609
402333494
758869206
2953252588
957947484063649793
6434632
34235402
250131374
998968911415701509
3370996024
14567800
68107018
54528491
2174342689
6180462
326077427
330041881
2214727674
574546761
114500734
135076044
326034810
4442081243
2882277423
4353298407
1963669086
22911650
710810293207744513
233371749
57944123
823277695
918420603396395009
2303469583
417885365
1885733851
31936449
116867280
15926695
227704499
1636672459
1481562266
122635280
418128494
1375449546
329656576
2151173239
770867589207633920
4236247752
2375288959
4218250481
359219686
44410209
4030364151
33854287
632591287
3037533599
273374190
245682624
123582098
36956198
612382284
793466809148137472
790863943497547776
48980676
87883286
1527972253
33407651
66642602
157802323
786514991104962560
1435074373
1155497149
55216967
2742098774
491341869
34061973
771294337
474823395
2283376670
94997082
3339117243
1453536247
1167122150
2855534134
201262607
23622967
3419962708
17232243
294574796
19042414
58756672
18284047
293116923
81629887
2852511328
16960160
278980371
4834898643
112475924
877616433609318400
20342875
284739139
1370443994
1449276984
15667129
11533
841811845811974146
2865404679
2520204092
37989702
18129652
23673827
245545600
730828735897800708
531697681
795906406817865728
579941875
48966898
15341093
2167059661
22594870
107722135
15282856
33540571
873508771
407136271
2153873249
730032952525131777
188811710
36059597
112508531
15431437
461077351
29069971
278553853
20802505
1249421005
237650650
2960844881
1151537048
14717311
2490481441
20049102
22963112
326093070
424429106
186529934
2907774137
825462134616293376
6872082
2284016282
8472272
546268160
75261668
34365420
324238624
2256897779
121704381
19729661
6603532
274886363
2330034014
629155988
389935334
29218210
2913998913
381699738
81801020
17156481
726420629319213057
796479090790436864
34956737
135602216
207425688
538714687
3097680891
329179614
3222410820
2238934159
98696703
415643219
1612233594
200519952
2776752385
119906355
122405720
495064755
50690435
1339518313
76693160
14444911
14521062
70784139
17645638
3704290280
668423
6063132
24945605
2729061
4816
377654770
548646890
163999320
15090415
326299187
4361474962
117360280
15150655
2967533927
778686693125689345
16864597
93163928
416157021
390976895
46300208
29167427
19357763
29700901
736221501209202688
15254060
343018077
958649520
9377892
776402106
68639853
838673862
3131295561
244991150
2500425074
246490565
88764812
1692248610
2364592844
111992242
301029598
745911173976068097
19767193
2580251076
128275616
204964591
703578193
53893339
819606
2446400162
14678410
286675126
156959224
863009701
116705516
15234407
16608649
16211142
89447045
92989497
15668978
188833554
135936507
84825820
1359515948
554154036
258540831
384499836
991600273
86258774
29597746
1398876810
1247078827
21500149
99173786
56992811
370409954
2281964312
14833643
1038630643
888706303
170371192
1422112988
19238958
8470842
390368948
4597853354
168474382
404946566
1596503810
283652110
14248142
1295996592
352650591
517701929
48636190
14286491
796287235
23751864
17191664
2784123889
886874264
7639702
575961466
15027761
52196137
15390783
229237555
16030323
1387915232
252761153
1376981
14777364
13217
111020569
170686450
768197780
15528719
188423774
92746008
36380741
368766127
263085803
19282539
110465562
17638298
34717390
75694920
97582853
390159434
33327415
93655345
104245499
571902552
752673
35432643
86640232
43593
14109167
152862026
136301916
49344076
8526432
334720576
255741407
314708384
261363584
483273973
42864649
1237502864
29255412
15540222
14162706
1366811
137712607
16112517
18463930
14819353
208442526
5637652
58708498
12241752
125027291
50090898
15154811
2385131
136933779
217505532
24228154
2863658841
2196680173
103004948
105529826
113713261
45496942
296325262
2493407430
271767796
73621426
267256091
342250615
235261861
69133574
617243
21506708
16143105
1538092952
20041139
15452635
395367768
125695429
53560219
22839233
1428575976
489868737
476641614
26616462
55388565
692373
