1217025026077200385
53134290
1872764083
418518836
820367095120547841
953304055337668608
1022123615481982977
837281564396515328
923162646056263680
1194594143726718980
42113624
1009388641439887362
102614399
48297189
18230705
702506482357706752
336362315
2987122085
97700119
2775377147
13334762
390167291
1143541720002572297
148315494
71762380
806850055
2353380162
801421163125739520
239751015
936230231094038528
715451644683673601
1111231226810195970
87759357
1150505682
2827406727
192551928
26288129
137457764
132314308
157981564
959462629407379456
1093897383392481280
14054507
80589255
734030572885037056
1116465073470316544
1951525092
273327733
747331883164274688
206887400
14336391
4835916558
10680142
738063809089286145
1184423274794672129
59066161
2657079979
14627400
14706299
14891323
14662473
1061021175411867648
1034171520774537216
19232649
2644751682
257600962
96435044
240843448
14246556
14323691
13311252
199729835
1189106864216260609
720916649499627520
14394279
3040808410
1400765198
922943158434107392
770287154639544320
16033267
15723458
877098165320785921
355439471
2299069779
4910809053
2375511812
34923649
311880926
770285595780415488
81057426
268349503
2901208709
881127340323069953
243203704
2162942852
1954913234
936564992
48363178
249169195
80881027
408847389
34212459
18215714
334224194
159161738
3214652937
9541472
561232405
111625971
734010048712675329
1734983221
196104668
18148503
376825877
14403076
3740214921
115660120
192301091
130818966
21185883
95182498
393286007
404150867
14321067
475227004
394790422
847373431
30204013
19316113
9769712
43199178
1067793299669479424
44607461
107471115
94574135
115373696
6496232
43872622
560520600
519744095
99538034
2589972278
4403504543
148518970
165494603
