123712327
52101324
3630599306
25101519
16665197
17467170
17908407
1048518630072356864
212687059
6494872
1008516989453664257
163851940
1138532758148530177
3414679090
497294605
301388127
17191626
906103600673415168
1040712750509555714
158735126
1226452756048875521
5574792
6998432
14768955
87631820
870753340157808640
177849850
32829389
1615618795
1648999932
189235485
14627400
615486974
861702441569361920
847190167542652928
203209274
1396484258
540254728
3555074535
401009490
709428208186363904
386170457
14602130
20768717
11547582
828531802184753152
2358564123
1068295339159904256
30319346
486399518
2498981522
745267872
609543
16130949
22545571
63819362
87744974
428058083
121449541
27093292
2361057907
14561327
4398626122
1021961589933502464
264682706
778870455058837506
567312043
1361207598
2605714036
711330831
1022536844976648192
147953977
98362525
852836712799547392
54484183
2370227606
1017662774611206144
1009241
3575325617
238161912
16325071
294111429
16698088
969592299574517761
20673844
2806000111
952929239011119105
856584019101720576
942617268852105216
14706299
408847389
4835381926
2239501622
13363282
33838201
17307444
864431
123229431
6817652
18867596
2579282690
2350218440
773960391223312385
6091932
18697326
4819228689
3193438206
78729443
107586555
3108426954
3008599101
1138959692
159822053
1198537832
2813398537
3286770860
713818257497559040
77037390
790205
2573358324
2543196080
2546434998
2668323504
2545587139
44196397
2552785597
2718778102
589433548
376825877
793926
246011382
2350753812
2244994945
17856596
241762251
2847649621
6844292
2857397298
80843262
402676244
508920282
2550058153
629523445
2548359870
577298820
2542409346
2543588034
2526229286
2476687124
14931596
14085070
17221246
2010871
613635955
10268122
76980293
1636590253
1703007992
342284834
508549818
212445285
45646500
447644824
224987906
158789700
210924968
571202103
336765948
733389080
60308942
110520327
42840767
16186995
146579141
189988874
13334762
222706142
74201039
141247659
305275103
50090898
287884201
210936033
6253282
89178437
255617445
84933049
427036400
115677771
404785574
717313
24537879
13043662
249721205
85645271
263399878
208727870
212099989
19367815
136293558
15813140
97416245
52417359
113993823
80520695
93751227
