18331782
239509917
39547629
24877257
18957805
17518412
84680033
9714232
539442961
274632397
111011528
48132954
820367095120547841
897226646230634501
54617733
199238295
879535672557785088
18327000
4696552878
2382685057
715443893442101248
1080584229510172678
967481243762794496
859692915055968257
861635704467722241
783792992
50562932
138203134
97383997
48192034
93455698
963361056805588993
14266782
13231382
2892290399
860930695
2245279764
805126867116314625
72876075
3554848642
20273656
770641055511347201
117248150
21464213
704662601117114368
776738133518016512
907924568
10325302
417622957
289100010
2720112158
716273036610166784
1392209648
2821089556
201262607
3222410820
14226206
350289481
4185742098
21452391
20609518
2837737737
36947924
150621067
64491983
1540335980
961493942
607397615
