17063693
919243798789713920
13145012
1240805741998440448
174725801
112322974
18941245
21543254
361943754
321908821
2850397899
2478278280
2438662508
159138417
376115787
121605518
436301416
4710974593
10673252
82363788
6385432
497340309
213687893
17230018
1729246746
1223404609181323264
18215662
29107317
2699821064
2477907980
496397866
802350296059912192
8800052
1239332857807384576
17659162
901999991903977472
710463119886262272
43158225
4469439315
702533010189455360
3239840098
1189600138102214656
150664007
16027672
395367768
14663698
15909478
25854401
382376904
811624082600914944
130998809
100532454
5943622
44196397
64844802
44988185
65698096
13393052
770735350008389632
51781119
12740792
3325067859
16373526
11094232
5874092
49012699
15102849
14982625
15666676
1175125905829695488
1159164186355732480
267879894
1046185356725346305
304164067
3984270913
482984661
1004795316544200704
3058767849
18809935
79018674
1044503357182922752
373522445
242907470
1157818583155662849
13829872
17271646
3300978125
3312196192
244594308
896531724049551366
1203002288467525637
1216870960092942337
14650130
26567591
191194410
958778591705264128
871558597141987328
1130926127319531521
361824665
199238295
101280438
14893620
114758167
205912775
821309471557296128
18048862
271327412
55236002
17925320
147493361
10313032
130963706
200519952
1565159863
1223431478731776002
2992880664
14252897
3236271451
338488801
19316113
255517813
17209700
1217433309397032960
96435044
589979973
749661321977819138
1243054812
2856932848
3365618279
942544632898080768
177788470
972644920371458049
22839233
53560219
1428575976
791070237949034496
21594615
970523714553966592
3297357766
739271654920978432
1142047961779724288
3200891800
952184304741822465
110198955
136301916
1073388199
877046059
53778064
244214876
80881027
15040566
137885308
781513213955436544
371156597
14826965
11902442
1694961
3040808410
922943158434107392
1060993551973138433
86440716
703696519778717697
46715219
1650129775
4827668099
833103863007870978
160301248
796479090790436864
28825574
3254373616
1169288680667828224
15891455
895328122924564480
48776953
175624200
81002407
3302542954
118574586
1925802439
1024614790310682631
331854460
173677727
3565601
29158250
15656207
7706292
234270825
1120499970149371909
3697013177
329179614
101186457
17475986
955588379391004674
16101134
3285273824
955428080
1035676762380759040
13192
24398192
2928957673
104616026
3081593167
745218326373240832
178849006
776860630934360064
712963
18084928
1143652472663109634
124508977
716572199201669120
1006419421244678144
327779505
428377986
7106252
309145324
195139529
120593058
65151012
937761753357676544
625093
13895242
131420585
5908032
1116759067391868928
3058852306
1045705732161703936
990956169006010368
989975364507140096
986248214
999413818479570945
2153415626
1896407568
821877
1154451399352160262
281086838
20749410
14385684
17711261
21266829
1000591
1199812749469126657
386505090
776458
910549878740279298
17565514
205302299
969311179330920448
72290565
736884656
821487677631504385
1202249312941543425
35657608
14298626
855909709458616321
709149181412134912
398645323
850205068733235200
801230931272994820
3226827997
18884627
377695833
1034856210464301056
163160102
891060206033096704
755014556167053312
21493261
3467173692
1519566978
468975674
848977528979107845
1342525938
717578381517262848
17701258
2352660468
40755964
117588711
14893345
1079769536730140672
771152516
1082334352711790593
15764644
30354991
216776631
783792992
435331179
144023567
2822515248
3471901
1129094416885592067
4055905875
869442779918680066
939217114606354432
283748114
1420173037
319784912
293293497
10268042
10250992
10206972
1135180545489588227
6186692
18194778
225198567
1162495379574857731
1062100049071468544
3269294971
12387972
753743
972958099144396805
4618993574
267382405
1029172960995631104
26684668
14405481
63359297
2846892880
912487528875347968
427043715
414257018
806002318412054529
230450027
756863020958093313
74227840
18959885
26195358
80106776
130745589
9172102
31624328
230915566
74116339
67430296
391820575
127289989
2342590440
472177521
31762262
1658689652
17009144
119634068
500410975
20639941
3383256677
863550314
1424128520
47797603
14763983
24889586
128163
767
265471143
21239409
866714773727072256
834546310841634820
38150174
912345372739067904
21945053
8870242
97370635
47436444
408623049
832567839512989697
493556576
2798361355
937731995681124353
3033444478
14768955
3051280765
19619020
1168976680867762177
1140344288082944000
35175325
20642436
97837005
762851762092937218
171313785
15837392
804281658853572608
275261077
757302309470687232
2800569835
724677428669472769
813037966373376004
39558690
701470099090358276
1097627506633592833
1037833822417633280
1052339926769971200
373471064
941331337759346688
1150993041513177088
241310812
2456854800
2346512748
241875443
864990764870139904
90766257
17135406
23561980
19028953
17235468
3301148736
3301157720
831855160401866752
2533768586
17907987
122130797
481749355
886857693209776129
15416259
476582730
797433864
2902658140
898805695
2781430855
70831441
3918111614
37254334
180993910
891077171673931776
33836629
1482581556
176425492
742835944034729984
15056775
3092297686
1347756012
728335634839027717
1022239538629029888
109628138
2768966262
1097864117044563969
1872399366
1198537832
2813398537
1138959692
457033547
32499999
23275456
1038895821087862784
974445471363104768
1970611
20270911
46810082
300353663
166912586
831793986390081537
3511430425
28049003
110075039
21822169
1053539906629197824
8152232
2789208758
16634635
7058202
28552516
104427626
2430581473
57551320
15470557
21581968
1465481
90305032
7190742
15860618
151284278
3804659063
837641
17737876
1891540123
2894082393
1023974763486564354
1128452702470459392
14923457
234489024
1660059337
83344318
17261276
134705572
814304
14398789
123543103
16597587
892170633966219264
319190726
1079790333905403904
142415193
950084990666031105
1065319749712666624
449398790
17819666
234141928
2460254942
995777874
18061835
16734661
783813445749616641
56398848
794723912189775872
1297531
10267352
1167122150
587744668
551600672
3360136324
144868175
35661167
14111867
17828714
820409900572540928
3129759688
3024307924
2743858159
2151442189
2319624726
1266361297
1279108176
2533999038
2166774943
1583336754
1967303911
2641580946
2611533517
2886711933
2899561322
2767792843
2419617625
3294344247
1049495413
15962027
3389960697
728629981904023553
2738807790
1624141777
28405220
47967527
16945095
865339383200702465
271767796
179814793
1379881975
15492528
459815573
948661949629456384
24949956
2791628465
909754784705597441
266648619
930536390101749760
2407526894
14430935
22572168
32197613
17934129
14996393
2493407430
453160383
226296181
935152012576067585
929211084
18688930
451711346
19044984
40912473
23476681
14706139
28108594
2249227634
818212956
495309159
85426644
593893034
95255169
212364827
277761722
1173514177
1533573656
1228433617
484495045
707249550
738118115595165697
738117623737552896
1633361653
172949482
2997632384
3524924897
362677307
28694041
152415240
2683043142
1564271503
316542734
14486697
47454782
584263864
30391637
411179490
2548685208
880442214
758695094249664512
910913537173843973
64405542
1061717459957415936
899976738612051969
21346371
138966937
166667340
3788262252
240102930
939473530839883776
824430116281450496
2321397242
42508332
1534927790
4735275255
49722441
2871874300
24612854
44052627
15538226
410537231
462341019
31136827
927595549716606977
3221748847
730437321733111808
1040669393255055360
219018544
859692915055968257
15209648
862334008818061313
4061230191
63842549
14130366
388951125
42813580
46315413
22
51627206
823661
2310819848
613469003
874617183879520257
1030656907038609408
17503069
92930981
321984188
22161061
1034844617261248512
315465682
1381107834
3033142977
966313275192479745
890634172716527616
14270895
1032807857203294210
4917838832
16333852
967244866504638464
66950277
24870539
164217471
2826309879
980259840
455142411
6200392
890383604227887105
1093293166856425478
565003811
31925790
850107536
126628765
3302877383
816772382207578112
721152531
3019198350
260059140
47537002
318125560
1105660673445380097
2337247855
3235862039
1616004144
913494466568359937
750695077840875521
897226646230634501
1098958704584638474
966223929261031424
10720602
45678357
14351413
22100541
36563808
583450546
1062359582
3291010518
4207981
212632603
1068618926169382912
16650627
4738317862
383589592
894717764845289472
892953469367091202
1307371
13444162
182363267
14517107
17383707
2733474152
22874473
14538601
899354455241613314
41601476
2349251
2958823554
959263282753409024
14375609
259927826
233384112
982627852175794177
2943700149
3017564139
738063809089286145
341796661
902438742
820367095120547841
14698489
390167291
395627196
14828035
1104685669526335488
15704940
7617702
129339420
1106096840
477400947
261034930
15276621
3248125858
2177038028
1581471108
183477966
15271658
8932122
40449158
14139773
25597079
993590061894529024
953305718966366209
81185366
118989676
2399287802
142731803
237483035
3811368074
976604963743842304
227928681
872535841641345025
18966808
15256810
14534896
1367767688
884199198416977920
4171731619
658643
14204133
9953392
970665628750270464
234306659
1038096516727099393
374559358
14335093
19897057
5770452
12056892
14247442
63864212
28867473
16555317
175594704
2203671282
197011174
111701361
919742161
89302621
18374969
69638878
559994453
239581027
845186475117297665
77908845
23760629
847190167542652928
3180367712
1084238470732754946
1071571821592543232
974717398656757760
2874702601
2897171130
2605671974
126776391
34671152
27622013
7754422
15363129
18117814
140786389
88892707
830870582673731584
1445650784
353029369
114405105
989514229
56409421
32513057
84873971
839091758575333377
420473588
3820356254
17601418
943204136178380800
932898811625836545
901773635962195968
122053508
34698700
3000401661
241752592
2429725290
81677858
520778935
819145752802893825
48099594
15906950
2997475979
14335052
189235485
994401244402810885
82321900
3185213078
21767394
794370478693433344
2758649640
2607163646
242134794
31012078
3166047049
720549566
633130228
143497130
829775242843217920
709644992
762408119385231360
62770314
103436778
750067191400296449
1076061
745578761882640384
226346115
17264476
2344911372
24278900
96829836
202722747
28211935
16371289
18788414
103878711
2132641
161428879
14886176
4487760737
821766660822626304
19700387
691353
15808647
13982132
1618178317
182477687
3356531254
1041149233510866944
803061715
15640533
526642819
19031057
15652540
34952760
23386632
8623502
37779442
104511173
306461698
242281517
274761460
48788647
16329099
49537170
7896202
174316017
2589586742
15871688
19576316
335523
14746057
994122853577560064
2366009953
1011495086855581696
3256880023
963172733306712065
783152971878047745
48088063
1912763791
16860092
866958515725713408
34536274
18839785
3145735852
94331772
138203134
14430021
41603960
2573880420
26403570
834870626171039744
109387660
1913345665
311023860
30343716
213664329
207348194
2963091971
713940884
926893407980601345
950724758848659458
15772978
45036289
68639853
14566379
15135719
1117573164
377170853
55559224
969176287
8304842
702638038925647872
3146214608
165262228
1208805966
289240879
17518037
36551886
7377862
2337389724
2526197838
19087575
294282221
13235832
953313815474536448
3009720301
2195392129
29156410
197987694
331769593
97097235
1019451660840644609
806615070235066368
248378764
11382872
3292101851
399647965
155671445
611674960
189429037
17480220
1700392106
362523555
38167592
33268704
343914216
276120412
14137772
471319801
41016497
803296517322747905
661723
1034340545106198528
128753684
22399212
936436493702144000
1423621333
20965586
13418892
731717526
784697297921802241
10483682
3237429959
524924132
208212889
2195241
271336073
985726479727120384
1891806212
28071888
30260404
3368955388
201400938
2618846190
418348808
556162290
3816010100
3899599092
15695490
9551792
113419064
939506035139547141
2303751216
286548753
931790367199969281
366071410
704123880030412800
995880994258354176
3280867586
1427817540
17663776
1008765170359914499
355930331
34324747
773561146792116225
37079243
109994007
2789291
1652021
22651735
484383803
2956929964
227647662
518585367
271487544
961714446002356224
2543178203
4034530393
793351
65732431
15488482
71762380
110244676
708850697165524992
7861842
1380198374
15005347
50396384
45548209
820354372827758592
910492003359760384
186133722
5763262
16939148
980948530784174081
33737115
449433373
802646542779813889
47886702
36954465
568825492
271753718
4467749174
261623768
19969758
438301250
766676242611351553
1339809884
14110325
34129066
137703483
14500623
37457377
1023648132595425282
115254146
771470
24044209
5676102
27529180
63303159
216224609
41934571
941481451022716928
96678495
31898295
9309912
51164205
7340612
861702441569361920
15662351
797869498757955589
18924332
26259576
734607508367626242
1377882152
8692942
245424983
2806189923
407946338
53912211
80480104
96592544
1539516289
60760075
8104532
2328007614
1720946442
56884542
81538231
781786
2756479056
156417821
193408450
27617915
3485892075
2175647936
94487435
8815922
6655612
353452414
6742522
4442081243
388273208
29216846
793254490765864960
403607797
956660425961046016
738118487122419712
1631299117
76
554403406
151505094
17519528
624683
755524458
6604912
1228181
15517162
14521411
3252549787
851957035063181313
17505251
29450962
708150552593457152
197704257
3755263512
1665823832
2355111260
2982256304
37836873
452507479
24918907
25198779
975994927611039744
116580068
116856931
16144033
35414986
3557691135
9233842
829693285065191424
714929760967598080
984549216075726848
114017660
2812768561
126526478
805812028598145024
913496089835315201
17830226
8253682
417622957
842095599100997636
718008594
15178629
4910809053
712589605627957248
145527781
411251332
1426727348
3009712208
15165858
371017223
815096
1894231788
14636374
17789751
5721202
20715095
52332354
755070
2801974764
284201599
22881053
1209499525
13484822
730772254536175616
881941146510938112
826937251972001792
918222789512912896
4956001
988573326376427520
53349828
15701628
30090529
12994322
953304055337668608
853163088090157056
191346057
2351087155
760249595280527360
986542044662390784
2317198941
102208685
2236812223
15769287
1423760509
16139294
3232706762
22118558
3338088405
3124976812
52112968
145363200
40971698
31402798
507946776
2932738834
831770608916692992
16343912
44127741
707484470392332288
24552048
4351530312
858107360098889729
38973933
817476367
42691116
349233373
57977563
218286626
5959312
3194864641
16511219
27705767
4712076260
48169037
607415567
74838081
31564268
2397965574
716713279146606592
257245904
9533042
1094862913
20961788
20499828
29108365
1089681392
22330519
17973055
827541292221554688
24974216
703640640
63191474
82125436
89631351
4883512020
260891880
734058582
862409140861194241
74845075
11103892
2469870438
23127649
3295529346
94516124
1249673383
1287248143
2238314905
438753812
171822100
19919877
2787116809
2738150647
43934424
25859258
1077753102
302096929
2585192815
14738568
35196048
108199469
272613456
158907678
21151390
189314574
17666138
312503498
332626214
21937068
177624376
537384805
249809561
23605102
72233143
15948437
145560254
265076996
3188174219
59826297
50478950
198615870
887680503637307393
224912517
28863621
44553220
7097602
728916072
1284236868
773578328498372608
894986942638546944
602074948
172020392
280477264
105533433
915227687660150784
16696636
73241221
864940662533128192
3405967474
4028680572
3220881440
3302783815
2377837022
555129716
785739140
962197608
2365943066
2496408438
2496440941
882838615
2365950774
2372164754
130787220
703220164305788928
5498732
435235970
774337933893636096
315490964
5502502
15101375
1039531
244951585
1120250947
1352549288
20558023
817083
149763
127062637
29906864
266185341
383857656
38088253
19645340
5037011
9699802
14248247
14871003
2328140636
2238001729
1057760869
262885060
779627
5574792
9550352
46441293
57320656
14055926
959127998409699328
243331145
30889556
15968688
193460861
260116832
68442845
3382999846
2423532368
14278978
901889975012265985
18206703
8285392
40684667
11547582
14993466
714775800
1408142352
9318032
26894723
480643825
45496942
1176796766
2136771
57504781
765682734303879168
22107793
1477953828
4894867797
309771005
22587550
29724393
17874544
24060589
7850112
3401661058
68775067
40532221
454453435
1645810273
2187558360
2198008447
2342826715
2244338346
1694270155
2223874693
120550147
1918473986
1297737198
2163875076
870221107
1243391342
173940470
1617062822
384515877
2249129257
1338324476
2540497273
2391946855
1317158792
10368692
763182788887666690
15446648
2243743446
165837734
769202702991646720
761613
53205685
2473138729
304067888
74130577
78012548
190074321
14431173
896102591498776578
80370470
3233484298
4879752741
2738086314
129623043
2397636133
14895163
7356002
37290907
412715336
830908366377611266
350987335
3005815580
45148922
38218575
262804522
18689607
401469137
2453891772
41986058
3333538151
311738663
289483672
17746914
158079127
414869890
1347677268
905409822
53172703
717710330726514688
14288478
39864099
648873
816954
8526432
14561327
18337283
303300295
1459090969
46572643
701455946
3018279997
874163620879454208
251177385
25629019
89108994
46338147
20407667
46717073
316589445
258032124
268923861
62628733
226204003
924844627
170718652
338707265
7698
894719812366196736
1376608884
71004085
902995003428839424
3325342813
2341337263
1365917804
1184647243
14251472
2362611769
3369547257
2569305661
432047363
210932450
81783051
3063107434
19924413
888947726519377920
2586535099
607152121
1091074206
862797666476064768
63164742
14475298
1705052335
138466831
195263493
13196662
709947590268157952
43780933
230837254
121553091
14130408
389583411
1594580336
836370086294245376
829095470873997317
21604764
2893498684
6510972
4009148182
4280096173
5976732
5610072
14898461
2449721221
22514616
205986716
6440602
258031029
268974804
42628306
250282466
17178315
22354434
799166785
1051171
633
167289241
26930477
381223731
856446453157376003
883178401149747202
7342422
91645192
70235386
6442542
100347950
2201716106
18172909
1240421984
48627228
776738133518016512
10998512
175091719
139193277
774713040
121291606
357750891
1603818258
3015301350
19587559
544524144
338604482
2548985366
2328002822
2549011969
349449012
15077191
26016523
2873954194
29112695
475922872
3382491533
19802879
15000857
2308777051
15391522
2990326167
256058386
907924568
4068707884
84822240
7178502
10191332
732227203929374720
1247437484
633385022
31350335
22545571
23138178
1898899188
39776651
384007837
3649181
123227807
573869518
854124657695367168
10483202
6998432
3058771
15379361
15018709
14194108
2773111
250397632
903345674472878081
6052172
45788888
18896840
809850218078474240
3226543356
4425828741
4871943514
4584564195
4745869775
4590610654
20013067
949851962
15442853
1527091
842813286773145601
44291046
3055652033
686803
743634217297293312
14325738
1477019234
392762750
65375759
15300519
163166866
2301963115
48823
6753902
48783
21072941
78097754
45563099
748615879
2211573571
1676886469
875456843279081476
275567323
3192618236
216939636
2339814349
3306645397
16562139
432019050
102480606
18877255
290322788
81947660
20946236
4834583360
62623358
753330730491449344
2480710244
4886114183
4099261
3898598357
760154572627316737
308599010
111417386
13414392
27241881
14188391
14590010
73061892
974554494
1188951
2359649545
736651711285067776
18857388
241762251
198581449
266927095
16892481
17033908
10226092
84379342
14453057
303346902
181862144
12791752
20740318
229237555
17693837
216735143
19014676
3110001945
34923649
710033401
3188116284
742807091803488256
21772336
882436003901788161
2759769840
66883055
152187124
2556352897
14984928
9798452
1959671388
15346798
22731905
280319660
166305205
411733308
13557862
16460799
17459118
2476570038
1526228120
54333994
152680420
18909973
14420932
24529243
6837342
14471976
388502150
2425831
5649
2927857526
20719205
786491
44106694
19550625
4896775667
15137955
56372765
2484386793
385570796
14961008
55957641
14203564
14681394
195960729
342029412
334217161
628256088
111349115
4882415211
287816744
1968176760
18822617
141493973
543599375
15199760
213286445
44716344
17005439
12292282
179305666
3184883153
15266199
172442947
109184306
1586645468
385663302
878680364
54787534
1219358144
95731075
14897303
953
236209129
29018269
35739495
12
338048283
848869231382978560
837814977650118658
6085902
24511824
854666940375339008
156124269
56823695
20055430
23189706
9526722
103086746
14222126
2820073281
1595809370
1173459337
38631926
3173809816
3286770860
727956286361374721
16381663
545625585
2338702590
188809568
15744134
12151932
3450400336
90488576
20410251
223671790
164452061
1547384077
18941591
1880582342
15142787
8739902
20195839
805798697535762438
19959946
14707266
86424236
22404415
116377125
14998783
22783783
72638170
18138767
63127726
376791248
622376253
743768472
156121420
19094000
365017572
18957805
785764172
252481460
16460050
771536286024802304
1980171
18326200
2720112158
775787171944931328
378259736
166117534
1282938588
3701125272
1132776031
107399377
2881031619
3554848642
21464213
117248150
776585502606721024
3293011687
1615618795
9151782
562917025
91333167
18982002
1884191208
27558636
98059243
2530495716
296526336
46024434
2892290399
17064600
438018881
19212550
2255384916
253608265
28045502
281138384
28219278
481647429
291814511
79365337
15813127
2544208537
63819362
428058083
27093292
18956255
2566421
6844292
87532773
2244994945
376825877
52725117
7037732
212847098
108800160
17328508
400349833
375122326
428719184
72471437
22426104
7865282
15081317
6183492
14559196
1235151
4255849101
3420749333
64229716
71036272
1303016239
810241481428660224
159822053
7475972
15174809
14336304
18602100
22773313
215456667
799880927174234113
792172561
893949078
38477209
15667802
14466538
14676022
806906355214852096
549579841
435282321
231108733
567360618
152862026
43593
23487777
190906140
20283294
569162650
412336935
222953824
61583656
161811364
39566375
1306206158
729823
31129627
17773446
409486555
2293315159
703205101
2360222786
1726195866
3959977216
799678241757765632
1722644383
1616492725
15865235
28032548
339550132
147488908
704662601117114368
21434307
334246622
803619025578098688
475873500
1699413122
2240862138
29326989
632527417
1068951084
14111858
125695429
4783690002
254107028
14157879
4082164823
2984679029
123975690
163154809
192301091
20865847
762144638
41329897
2835746784
745911914
434236851
4077220535
379923901
283996426
115494880
1191207924
14181273
125356138
739837524
630517931
143264018
2362618909
434857136
17248395
112549678
1201710146
251433567
355796230
15028398
1285812348
994705358
9308152
215408729
94133565
6603532
4625037762
10174192
24257941
9768582
563455650
61530307
2231746922
2838275391
561312825
803694179079458816
724601877992726528
796910354781634562
267052626
34212459
257600962
556647411
2777088840
1249370610
14639127
143883
12621392
61233
1425842304
13611
6297412
787098414437675008
753755187345514496
6725942
817203260822061057
207266376
3065958274
192303150
14815608
76966092
241457780
906583658
7488582
747193876465614848
13773872
17633994
100239061
3195467395
764040947080499200
374676741
825444888
1081
14180843
2400284491
17634365
777358542516936704
2972407522
14645160
2735246778
35341530
40075209
375273766
19049989
4875487440
19942635
45176933
70243441
320792090
160927018
757303975
357606935
970207298
14377605
1330457336
939091
1093090866
818876014390603776
20517132
4418090668
355906128
702147673651027968
2214984592
36403
172858784
1071777608
3187123552
1617787723
26052727
14360516
3092186637
2427244933
1943578656
12723102
41980825
2704554914
2508960524
18330119
1677150523
980641
127879897
665873
14093286
14412520
11809372
20715936
751488177974579200
1362522955
47462001
1339835893
599284756
47971937
706189485776605184
15941144
15482754
40498542
3576561
18519547
717733691674509314
2874563195
1072396122
704196260
14584629
14804841
1468861788
18626783
132235218
254218142
3108404203
30047168
68474000
34135168
285428413
1222243322
2955717424
59036562
53687449
9626112
17213939
107837944
39617149
19596063
213280469
1138103090
112406475
37975275
2460368252
750554018
422135704
16599904
369758524
55490061
2913930843
399370021
18100961
187863503
1126476188
736915438345588736
44913222
13370272
2784
36817916
149726145
23554268
2201055433
3192643333
314765338
911418878
47509268
708102355477069824
3219645732
728595407144550402
706089065184108545
61209196
725775731725316097
774757
3072086167
2805084850
728634838761263105
3065284836
3242776070
199421791
1635121
14804579
3241060205
979512246
12486322
4861919665
2910652490
2188957902
703993574225006592
552582271
30206599
1250203272
335989008
706962914477903872
1328567233
138821196
2265207757
4874289952
487623589
497230978
11092282
326511843
9610222
3004102703
105841132
338501688
26525599
268416076
1384939404
341834411
1674737485
2972150189
910629895
595515713
1132583654
3318200353
15011100
4833354028
752198053
771585
145027437
707119819
495249586
1609565486
584673330
3294256128
1010752585
42741944
134088678
35816485
55303867
536177964
2238159576
56806537
330740614
3300625809
59911425
16185413
5443332
71266955
54295782
10784462
81825739
262748815
190934284
14434947
1749311
600297900
76102788
257891188
14585205
70132580
98745280
2276111
21506708
2242613160
15802344
10680142
116041517
16478642
435038217
1902518174
1370240701
57742502
2930447100
203483782
404946566
1259043697
345673106
166315104
920224928
2188613346
19597132
1090715822
16359502
23892565
2396681623
4837307824
11882292
608161934
26505173
132836978
2731801
174465710
77813014
29710616
49825781
24801730
589881546
116144439
21526748
85694915
109387632
39952775
71498154
16273417
21473325
24877257
50912171
263405696
13656122
98971625
93434375
4151822825
229502009
107471115
17518412
356584011
3290261356
2887810253
17789291
4638376335
14216951
3222410820
822215679726100480
1536791610
27814665
188943182
10756682
3140829144
107740408
130690431
10232022
408847389
311880926
37605443
2888895350
2983206962
18549100
2366194867
61072075
32601057
5232171
4185742098
133806972
201262607
4146213347
481867656
14828888
3186251509
2375404134
18267688
10325302
697893
3963767534
113646008
3566611815
1935706704
17407196
2339814156
2800780073
3561547155
553948069
9510922
22199970
18496432
716493889
9779032
273641183
867857940
12945942
3131670665
246800845
22050354
2851944063
1205884376
14886639
2821089556
241840562
72437541
100982262
61479041
3111142536
860042521
18302437
3380973898
1690731
18121126
2832117740
83188373
2693104332
1713188785
373020327
15717973
2446931507
14452322
838673862
15876153
2179734534
1286116932
1232850504
159077651
261665936
44104818
44900235
5973972
311899396
2887997012
2398413343
435181415
293057271
14053823
96179624
124036182
14226206
668033
46654180
2167202316
203753776
2822354559
442210660
790444849
14695816
1610703602
2838358228
13970952
275031945
2830254912
119995231
2806000111
89785537
14161722
18322014
497174748
248841679
15770165
210330432
13000292
9714232
16686076
23584962
62449855
14421746
4922591
15075911
6621172
275489543
1923222986
2601910506
54893
14662473
14791994
715091507
4411041
1381038708
23863969
109086082
15787066
15275777
1170636272
342023138
583039651
15209501
17465603
2462430336
342148546
1070929081
995805672
218984871
50462250
45704375
8253932
173935059
51241574
18902289
381623602
337886919
103093717
1115374579
48843
1114485228
88996186
32559327
1125974660
17513031
94764393
1160598210
40720843
564706438
390320946
554730384
818909579400638467
369505837
369246180
337742544
278776049
369238541
6803252
16045956
22690038
269788397
559861500
937710577
652983
390412696
202919790
188046098
257126470
370343849
375432180
197667518
21829541
391852322
9632392
500704345
32546966
11486902
20958216
490908224
6660002
310414964
386170457
17597913
946934054
50756605
237449602
23751864
14123181
135201019
117593958
494218395
75361247
110789343
17451742
16144702
752133
150621067
9799222
12579252
14118534
22564445
44423
96591754
127782922
136879221
17462723
118156770
98220617
503100770
183461710
14697012
297562033
14184671
469744215
16357416
182101428
194347664
37710752
37683414
16145875
17781506
19350097
218109618
16206631
211223932
35679459
5971922
9980812
39802168
125895569
11407702
15452685
5062341
717233
539153822
164854390
5502392
713263
18735296
41648722
17956874
1822401
345915846
15808604
18996424
24624778
3961541
18236258
25189194
18555643
14602130
493471687
102787318
14139811
24500377
540471873
34175404
90683319
55641214
571202103
160562268
15936194
302666251
6862572
733389080
30095789
111968804
73218364
117468728
55906730
14294455
21410654
9859562
558731732
14719330
14735822
7002642
14729695
258805021
14302121
22101910
304973239
14820978
155787367
55961514
104916370
110538847
19080330
20816367
20270651
182217410
148524657
38975663
5413042
59638618
6981492
245369690
5689832
22296987
319785911
17736981
54593077
18406170
15833737
17009526
437707118
15782607
201193140
2959601
202230619
16521996
8207832
6521222
430995737
437698597
57172253
24409779
368530398
391755371
383855529
14683259
209889207
12551
28110069
5167291
249475308
14164724
14806423
162998586
74488770
93922210
28812726
62633
218577256
167499429
278523798
10673092
6253902
585197727
17846612
60146333
588363834
588283133
67378554
370356158
24736901
17223126
15651313
147649517
85131054
96405362
104299137
566396272
6753782
250492272
13670232
14466330
75079616
1874221
82746374
15199215
90695701
244478831
87515384
18059424
411293930
194562818
400039350
575477097
232914203
206382301
20689597
49018375
68669602
10558372
19951439
21913448
39308549
72622662
8315692
18322285
22402190
302772751
25388528
15029296
14651539
8161622
252367584
460544490
279220899
35773039
32423136
19826509
19540483
235821180
337549391
22025986
447840446
28509771
532026119
11209042
489825278
101859945
22176952
496257329
380784511
14354179
82435827
170393291
336047354
90613277
41044925
120510257
480840152
14641392
39434534
26656865
15455240
372475592
443881429
92203385
23941294
121837527
21693060
546365022
15301028
288308178
174958347
432091505
18080969
67328110
222223806
14473988
96033630
480067405
242645565
277437617
95995382
421211666
187354174
502694003
1583811
1368781
759694
8000842
18307596
523027313
56397427
15732699
14428320
14092491
382863101
1392281
254791849
15101016
271589132
14159138
19376058
267921140
770056
473999323
190681215
95453332
930061
662433
369177167
32399563
403440128
137398585
11385212
18344422
437757800
3729891
18824526
14111434
516177826
14635493
80026372
324479769
234826866
127912925
137454693
175113947
21263349
110541296
19109172
282093902
30929600
288751432
221162525
81168795
16116713
31128529
120750710
21783950
164007407
234002627
233695891
233783568
29205600
301549400
16311797
86330674
44873497
17407556
36947924
283738444
14342564
768783
16446177
17544803
296459271
82959058
250188760
81121879
21301933
19658936
14514587
72957895
254383903
14832751
34972633
17611447
247486443
11999302
317226055
33222598
86697288
16187637
15250836
250884927
410891788
22053641
40302336
119250381
33530012
55615697
6271932
174379786
90286855
744613
23429280
19575586
11081432
476159743
14394279
14053355
14816103
17046868
53081353
124202458
15804370
194515106
14821718
112525479
163853677
8859592
14208970
2648921
14336120
8719472
107838271
639003
17784479
20430048
14246556
5505902
15013686
16820748
15376576
5666852
6323052
53454099
288141062
121539516
7900962
21005767
204158284
16698389
229512866
7768402
430992847
11280212
120961888
185513038
63533141
23718935
79292033
103079693
809685
198727691
354131767
34022952
52462166
2487631
1538841
23627590
19035253
3859
14233285
319312838
278157531
14141323
85606078
63826683
185774847
17539191
14449583
18148995
30034124
34051158
15234407
15769318
19799579
249829509
274818423
57111966
20456198
19006707
71073760
281530541
16619904
19990779
16028241
16027546
14505838
74222189
199796510
20867568
57625403
221470391
36875829
44705716
20436059
52140667
65415800
258972713
90405702
24546865
37666984
15639019
29235589
90484508
131204770
339822881
364564017
294728278
25017309
15976697
114388293
15335534
46557945
20295222
177641164
317750991
70412849
12963432
309945782
15248150
14616022
5815162
137466464
15113565
14804281
103949895
345158526
41387157
42995067
266830495
58683409
17445944
221563863
369232105
325830217
20769514
245412130
22626920
74519287
16460682
50738786
135601699
18938376
373400064
13459652
114489929
30290965
20173601
296019552
258900199
267938462
101708194
63854790
14716900
23075847
284739139
17639049
245498430
53484257
369478072
4519121
41857432
24945605
43017642
16040859
5935792
18697326
11228702
14061092
7429892
18023868
90746345
113467748
31053563
270495679
14448614
19621110
221137708
15923226
14288038
5017391
30547882
22043582
200176600
30331417
15958855
18908456
213833103
1019381
109658377
16347514
23965638
19918623
126712398
21396332
140515765
6253282
90423078
46747249
54588816
321575853
23350094
15983724
102464708
42911694
20333461
16367073
128969279
661403
17620820
16580226
11348282
27230633
352686442
1175221
783214
196131308
17904389
225228229
320449824
64185347
322904764
91369081
147678012
24461416
147903457
300594155
21922449
2000661
19425227
276819143
162284544
73254969
17378209
22093595
14102236
224789791
16003369
27064840
44783853
17965273
104589290
17999147
19485876
23450905
38531267
108427276
213870671
22662550
237446906
257696123
36745613
36978467
27487492
55085147
132496568
18839276
17494010
100828166
17541046
132519817
14504859
18611923
3151421
291
20
16725416
11091402
78408666
18058609
76348185
166252256
14615871
202236256
3099501
3339171
12025002
15003
22075279
720863
3715
15507545
193785644
83688008
14477161
14839862
21707656
26256573
38423529
14349303
5038361
15987336
16827173
5745332
5496932
11134252
48712325
294135056
253742656
14687182
7955842
163272475
10470
20801967
240812994
74294786
22012091
46016732
27751123
242872360
115749048
159145105
94412979
14882705
20251654
84087821
292732824
270414854
21771952
270527418
23703410
277576227
206206534
147365574
105361533
19735370
264032517
20751318
35829796
42924141
78369108
75367781
20192403
213634439
239964567
236541422
20437286
237921152
33129998
15817979
19314298
42383324
15428957
14627400
19599604
9000982
12691112
274632397
18990471
15649433
36683668
16245822
20179628
16613128
16669075
15675138
142016636
2174231
15199325
8542882
15361570
44177383
249677516
164762580
46209505
44209472
36921540
41445718
21251668
36399662
11197712
113760805
82724693
823083
5465562
8224682
16629256
1626161
241426951
16374168
263355709
963481
31150877
15366875
13475852
117430901
15088129
13334762
14227855
73946259
178954986
814641
14202357
21758480
16247281
8996852
14100497
34670660
50090898
8058222
18055613
2633711
26616462
90685524
28889460
98303566
15804774
765548
18708963
190750228
89220865
222554961
15963187
14434063
6060932
14109167
18525497
25919258
15087057
23281108
47034524
14677751
140467000
23768237
62991836
17066782
16875483
48103098
14335586
200205177
75590090
28263531
48365949
17668827
15821986
16397818
47423601
30086404
79597334
37952491
233746033
52412538
24053397
25536732
11435642
2696831
95506425
7152572
17839720
132599038
14351053
16275936
129903093
33934350
83883736
15965822
14134676
91671740
224739244
14027802
14074424
240447836
22656792
29835128
35761106
17783001
16418654
17566946
48388417
14353952
37759047
13629702
90414616
250784170
221427169
7144422
24253645
41655821
243797058
222622640
17269229
2461541
3219
15526795
52052011
51196532
17022537
15837844
52183156
21313053
84119348
15041845
13
16944211
111551994
19522066
19258489
249240171
15012352
23092890
27988402
140286364
106682853
1790831
248507103
15347596
8503492
14199378
114756202
117419826
43910797
16583468
26778110
36686040
63169388
15954997
23976316
17513304
25781141
14858000
40510796
52779839
84632688
111391499
20015903
107106796
20088666
140269474
24913074
83603750
221447516
26051676
23712174
37920978
125445568
24619328
22812754
115979444
55677432
76350004
83901492
18696134
29201047
19616327
15600527
75124560
18905115
14275291
92186819
27676828
15856366
115733549
92102359
7270292
78431501
108832418
33563161
16789970
168502762
19726613
12726012
72198806
20097342
36948268
12120112
14845376
7429102
103922067
154139987
21329888
150724371
132278386
109071031
26533227
108376246
216881337
18056015
18632666
32010840
19891734
59771400
20166462
133439172
26424123
19918558
161743731
233842454
15837659
227088228
123738314
241201385
15428227
133832049
109287731
239871673
16056306
19139963
13218102
15689503
15356407
24852012
162069635
85634177
110545675
5932202
231744293
108617810
236899846
38421062
16253146
43581352
9532402
19826165
47518210
16930125
15399512
18170310
124224165
15416505
15824288
212262370
55338739
12241752
237924906
13058232
793517
19277186
39511166
19915362
12788332
6487432
44512498
30253471
23103488
55155523
19405365
22508473
154591966
60984835
15207668
135279134
236061421
96187549
14305753
87498687
17032054
12811302
6708952
27539545
95093861
187715714
76649729
19129381
16157577
20299862
29663668
39635217
26946348
61853389
96602314
203377975
65499704
19269183
75364211
22831059
10615232
15874918
202790178
105488559
76812873
14224719
62442994
26083271
48037533
11347122
7713202
16464746
43172500
19553553
80890505
128631032
14834340
66369206
5558312
50055701
242418441
20444463
18061669
24905240
109328493
22052036
17800215
131144091
15692087
17303277
19926675
18217624
19739126
19912734
22509548
18277655
160561302
18811140
9300262
17993906
86391950
17717430
19929362
6577802
14344823
18891923
18731529
14706299
14246001
19350236
128594349
211955846
17845781
8953122
76381104
46454164
4607
138075752
90406163
112047591
140928543
23466918
159147860
168753203
8072912
5996132
52499221
236276323
51167925
48019656
76133715
13567
127861493
14984090
36153601
52503751
65289126
23849615
14499809
83521919
138787319
14275261
111339670
227105554
9252212
21921531
21312077
17482535
74543
13430652
65493023
31127446
110451417
232268199
16941596
6092972
84351228
15336340
48115928
123323498
74390465
82788404
1976841
16295662
14274132
13067732
5743162
30050899
16116519
20438811
13215382
4884291
101802390
62807483
1261161
47652227
36649831
80834534
73181712
78421007
25230813
120176950
28576135
14606079
21878458
16148602
16157855
5988062
8383592
28195764
17071048
15808765
1917731
15647676
19416225
818927131883356161
113420831
22642788
18122308
63246339
110823581
16017475
7684882
20182089
19659031
33998183
23617498
112914417
17518142
187993109
35121912
45208530
14084530
12480582
54631433
36823
19682566
752673
17999296
19834403
48826136
115073949
36957404
80589255
29442313
18695134
19083619
18216752
20078009
9624742
14159148
44678417
18024105
14276218
9475182
63873759
15346595
37027131
1586501
15352541
64482503
82282572
18692329
22403377
82363
23813634
24024778
26565152
17596478
23224543
37740494
19404193
2554441
42658509
18917203
7259302
20308111
9508922
15918708
26004338
22536015
17717084
24795723
22446647
22530626
15458694
2150981
28652194
7402662
9855382
3416421
16264003
7373472
15922214
30301192
357
14074515
16010789
16463326
10400902
5771252
18818329
19128661
22857071
8312552
14401102
12044602
36876872
37296570
16256269
24752484
16666454
39713727
9966122
16723958
19000963
16160352
20216828
27677135
21627303
36782358
22102584
24295932
37664138
38452560
26778367
15865878
19553760
27443262
5741722
14588748
774909
16071123
17078632
20713061
19394188
18791763
11469852
17629860
13527
16739711
822215673812119553
30313925
16907473
16581604
20707070
14862668
20419776
6997102
818591
2729061
20419431
18279169
14100886
15066958
8839152
14946200
813286
19358607
49793
15384449
15907827
18202733
13834402
14368074
3364
6141832
14637609
2384071
2730791
13130412
31030273
18201102
22380829
21105276
5694932
14073364
1113541
686993
16311483
17495946
15300929
6856312
16228337
11270992
18094696
11388132
6053842
7276152
4816
17518190
1155421
14989284
16537578
15243116
21104301
18215460
