807024728
1085112059061256192
748291920
1252301904
44320986
3365618279
1036525244570378246
1930787257
45678357
256900512
53868096
14585205
110198955
1222641804635447297
16130949
308587014
1149279723043917825
932898811625836545
3240206435
14410516
60783724
1133260452388122625
183579921
54186403
929660153162551297
27680215
2299622492
75821392
253449166
928905356859854848
240589428
63578554
793351
7516232
1105812479941197824
2541039903
2737018013
51164584
1017414755986706435
146287709
943204136178380800
913141727007006722
311979465
142923388
972535851543605249
284192166
1003616379264741376
28552516
12486322
1106191521643139073
204832963
945442290604048384
780082201987784704
29255412
71073084
3248125858
412133001
226773521
418588499
2577154123
397689316
588507242
125400714
3020462836
288226262
8932122
17163609
4320134243
48882155
90863210
758786754
97030663
900725658409631745
471550563
90582735
49096399
4873397037
2485993465
839094277418467328
1571830082
8428682
714754492361752576
27181842
9272
1040688255027568643
2236099454
60883067
1219800504
252907811
912373768021999616
809685
30048849
335464378
707553372
28322862
1027651219773255680
472832659
41890272
15072316
46573604
29290365
197509091
377534014
8038312
6753902
598544729
122122818
186697923
309528017
91985735
293718395
424099728
405049811
4054128619
126360941
6543162
159537844
45904998
137477017
123419776
372742337
628717092
372806711
520599240
3335731978
386538440
3346136991
14839109
495859438
36684736
20167623
68926574
1135017996
40465511
50504510
99598437
559590945
4849356622
991786479503454213
901773635962195968
289588260
120118721
390167291
187977156
11902442
326511843
487357501
2480951
24253645
2987122085
107471115
19014676
902972375465066496
400819424
3804659063
110017148
3055652033
19725644
1974233137
49555459
1668100142
884243999653081088
894719812366196736
101280438
1923710378
140172478
705694059692736512
727481332431884288
851566061573079040
571227090
953304055337668608
705512331191709696
52722878
102661351
768197780
118338610
1138959692
1928577031
2284374534
46390865
1198537832
14650877
4435699753
907362648991428608
1697330839
261546340
34698700
564919357
4289247312
69581784
408847389
49921739
782288937381429248
918417721
872449766931800064
1074554173
292518772
447381334
15482223
10368692
9385792
71762380
14815775
940581990667038720
959127998409699328
953305718966366209
843682712
52302477
40239472
1584340213
391346969
719608870096736256
63873759
103549232
2499235068
2244170328
32347444
1615257752
140743554
988465844
260116832
23971403
40655158
14706299
80589255
8633582
686803
68442845
13334762
70345946
396238794
49423975
487623589
6440602
912788064082255873
718910384158208000
875349400930983937
