911308917053038592
50226680
122781770
5699
297038421
16229304
494970159
2227355222
1239297714694893569
387825721
150848065
2959262572
2418631
835252426265481216
1383272101
518574831
131605984
1236557193752657926
1408142352
1968716382
2240913758
62533
1032959034884870144
357714256
22652645
50124536
160877807
13056062
4439444062
3240521535
1059954232550289408
4836119063
890208429532258304
1290880321
536586070
59423319
1030477865920458753
90833641
914119638
46446956
3060489838
742639456080039936
8932272
20437067
18779156
212430018
871729382745927680
270546697
20804020
718747351792398336
3166329193
984182224949039107
436006103
24421119
41100468
601037035
1169229537730805760
3129463125
1218149529809227777
2241150253
1012654111584587776
115854230
3356625993
135210800
14491507
1073388199
743169837413863425
39194970
102035138
799166785
2856932848
415077242
18326200
40156330
273951517
14113766
37397428
189868631
243983947
18831926
16288136
911297187664949248
4558263461
966397632712232960
33664027
28983061
823011379
14031032
1686323288
611121924
27106703
18214541
22826877
14498597
900920811091103744
30621675
416874877
55769345
18956016
964056181
702314033479819265
920892712416575488
774642558853009408
1524976560
3404297319
937827820260093952
3919016296
2167989020
16933019
47917199
1477577485
3996830284
229607618
2330731868
124020828
182954871
1675861356
82598366
17163695
842118206315679744
4889482527
721072357574590464
15437616
138721466
20519534
233956820
1316604529
1065133130049355778
27978241
309745298
21375846
16231420
230066673
946725023175331841
97686415
2383781
418
1006336160
989812355814100992
3400279546
1021631
450074804
4870564096
902121528912781312
872519787674513408
220006758
400286802
140668859
867441237200171012
14058200
151157485
18376095
12296972
18762152
389681470
1556374496
99135401
74287341
23836792
1949796822
19062754
65355407
375668090
216067858
1532061
864044341857222656
118642999
22065101
216939636
132874165
1030872626313539585
14562285
163218517
3826631597
18199152
3209949862
152706052
135108807
2549681
867935920036528129
2798804447
88768465
193570988
26207038
29014671
3682757475
818132133776592898
751804158282522624
1050050439700520960
19594872
20513353
147139688
14233770
49421719
16882405
489170753
128219928
237650650
4657994587
225236194
1140984435745140736
187571209
57944123
4372857557
870364054044520448
183575679
1547672432
472057669
18504532
21594615
185560373
220065269
19728281
2303021784
45784159
3253629143
245859512
3378805919
1356787957
11261982
78559751
9886092
20309757
88936048
209600707
447110951
14320209
1055302800387784705
59703468
9384812
907664131
19983164
42456559
314735547
986259380130676736
46392565
26088207
34065254
1435710612
14577134
13235832
211564378
21130888
17409535
872869851831951361
34901183
1687782091
14980035
176538521
80862758
785438834
178953783
137661469
183749519
71601182
26399922
218967708
740542427610615808
56060875
21910403
9148432
22330739
22906356
475706270
56640837
854581958
50222003
24041817
16242081
64844802
14564240
907365064235089920
188405911
3377462469
287853714
15907846
176430271
46355632
27710704
1246421
831123936591171585
67543866
238749512
342863309
237018893
19847709
352177438
1000210855957540865
132897897
11740902
962318357147111424
2496003511
1093065087898783745
20610057
339750783
1009445236114952193
528778368
3537627681
2298302941
750257257951232000
200519952
15538243
798259732263956480
394235377
183657773
861702441569361920
3236271451
53379755
385554647
21807026
169063159
440413534
1006419421244678144
171880441
38365159
1058662064368087041
44019567
22839233
12984002
24895580
438317752
42015742
17633960
459283901
192293071
80653466
775208552
852650748567404544
209309794
790863943497547776
16001082
1469258478
160970683
478131673
32216605
1596781200
125071209
1001421149832704000
2609422667
3347389696
598689149
279782041
1482581556
2451223458
258810839
15292252
736615159653924864
478184477
20525456
1697159090
335820468
789851420
852910728822575104
1308211178
53617712
783475735
79134934
55188869
1368052542
374415804
1689516060
704835627183788032
48118852
16345271
219085495
1528471530
4215921
39204414
597436600
23903091
1048629919
2334251
14316686
357008720
717528119360548864
2994515967
390766083
42172520
15005640
29691947
4622629702
88944075
77294800
49622107
84051593
840002166
1057376167362215937
2898903617
17577996
5325582
3032274423
574673677
1057666261616939009
2759769840
1092814380
14429713
352650591
5763262
247493367
3931240040
12432262
958455959415869446
1944865688
91777710
514856212
1889160704
1241718110
16113118
633657951
773180117271150592
41577553
2296092367
14659604
4873551
495342509
39459921
14295306
1328844967
1078027472
922349800686866433
491821358
280343959
57014266
159413941
11574462
15506669
781408
66365075
24160034
168988731
912209028
259625864
70345946
46299743
900462594368122882
111416652
489773454
2751233283
283923043
259658166
1720184712
14450818
424093859
398432579
681813
366546127
621713
227546834
895332160130891776
90732648
32493647
3313276270
257021111
15630788
137857547
7097602
910594173547421696
3355143958
17889970
1893331742
1631952518
221778837
47876842
2362846236
17825445
956184018520854528
497256754
463732853
2848807227
2631184486
437707118
889132671556890628
2969760609
53242361
1423159970
829690840067035136
4631863647
308663679
59721207
156959224
2288773879
13050752
31697976
104547758
976807932397543424
290165304
948539370520350722
20280065
26205565
239374405
3256813522
1122713568
6896472
857272676309549056
2413325431
23962473
116461750
1000008884910804993
26465587
18663040
54420903
2466224420
26158691
783984366883962880
793023
953787962
580165541
89460184
522938528
164324187
1912110366
360580596
49959563
25676709
783092
28333067
3369212848
107225267
239291309
3511430425
175624200
25422302
1282121312
13616592
158288684
474034258
14077727
1622568674
266484517
3854054535
3888626292
722972045982617600
4767021
2466345433
733192360402640896
86172466
901501366664912896
188811710
267631801
305475856
224806156
19843630
717274494289776640
422244932
132093986
19166368
40742821
28763451
249475308
260338179
385984923
302634950
511402689
56713067
918127009586405377
20571756
14130366
196994616
183858076
323658480
16471432
44109485
18829580
40854375
33836629
7083432
27033932
14666934
37752766
278957238
3537679761
164676213
605697046
11383102
876380565053870081
2526991860
22138134
61705400
1221377785
1343132275
29052853
106216927
19421880
19336166
949851962
303226481
39724357
47036032
624837541
4398626122
2571212287
824194861872070658
17047046
64017773
278930750
15967313
19701371
17073404
44655161
398612474
153811387
255546980
613526726
3236743157
460558285
537156782
296617516
14820026
170321891
3230661688
4906534835
130828533
397999477
281043412
144113649
928326692
743373472278142977
202267327
634191743
14243030
11781162
46231309
102520588
174379786
18060279
478181304
36914965
4992991
961461860
871876493114171392
518128358
3191521465
11549322
832604488838082561
82364810
39264496
352472439
34743251
810173941448843264
41792869
507135456
3953898317
388426142
22803302
2510333484
876081
14286491
217804739
3223407511
2735246778
26796481
3320010078
1068442104
91333167
4159768852
3410798519
1887098886
6688542
28874484
735035335340642304
42373683
409371427
425824575
142264329
1251746269
15297317
73177322
1560408638
1175817596
78585353
3410806696
819918402416480259
1095180474
181888429
824271353582907392
809941846642323456
14789122
128700677
1264774279
151901549
337124515
20148603
90083746
22963112
340198657
39525214
124443156
3109647939
4836178324
4090712787
741239719
3417260589
36020345
3989144315
2517378480
768832983952351234
10255672
2228818970
273630928
2537721601
2994776380
2393326598
468682020
2518757487
1104311
225104696
47354043
68950671
2203077320
1304278428
13334762
17518412
12984852
17484680
4830800351
296262873
4743370036
61461919
85321023
976193508
2906580051
571574569
188423774
23536972
788193738891759616
15662133
363950721
3155859670
299181505
17026834
9104202
8161232
50393960
23446713
20298671
304074960
188333294
213990416
72201161
1114222706
227318726
1886301368
312238554
873508771
1527972253
53320750
3197081633
2364652292
132019080
23100054
17388882
740398838058504193
16827468
30179131
14497240
107722135
3097315534
19039695
213744437
500645572
15286595
22470221
2337087500
48719189
722457404487700480
22836061
249082059
3081652354
3364402234
165072774
2189632141
114216982
36853217
1249112263
1692039991
1891806212
23343696
24900939
73328935
102661351
4493987907
260320812
1749311
15850568
19255689
305765649
3247572993
121143543
377968594
12915562
564919357
15482365
429737989
951950401
195350638
1671811
16728620
986554441
833085354
532923
146977144
816986
16727022
24155760
3389200864
88982108
2404767650
1530103350
204279080
806545
180298000
14923
14707143
3017564139
389634390
19136693
383032655
27660084
15703009
17028347
84593928
154546536
2874910589
55929796
121140906
859512157
275199626
455729955
793996184
44196397
582718491
127003086
21891785
192173602
404442001
19682566
17620820
10680142
35134711
704998344
44569702
54520590
13068142
1723394528
226334158
20646352
581999820
36713215
620772259
338335786
220291354
984419436
1940375832
2224720464
986423623
71219858
544063990
370817386
1311781850
918507020
227627337
300866884
26784273
210934712
