558873576
1188466130
452361502
1390094958
1113077762003218432
60361591
61606373
50389432
138206058
862806301004484608
36276135
1874856188
828372063576551428
286896054
867660210088923136
20323796
177705551
958458954631335942
119570660
1016429874628657152
1213924528885133312
227884460
2872156241
296017197
152126866
1619193661
721397077037682694
244997170
77263263
3189875208
94315581
68442845
213077589
75575150
1205154032232402945
284093141
713297534
20904490
3283774369
3564045975
15056775
15055888
1218529756414726144
22
12514
1216870960092942337
14113076
1181555162747412489
97484033
151190106
1067724462164971520
903052754
805286749
261418327
957022990394277889
2834684587
459703392
1128373142404194304
2949353512
9704372
321047987
223014713
56601879
327794443
626491389
847591188332990466
4441591336
1212482631335477248
114564988
235347962
142092456
418553495
490854096
13359792
782746812327268352
14340791
19062153
216503630
226387687
349761362
78732501
995027610592739328
261339518
1207379169660866562
41139989
216953458
1161556417901486080
3447113295
205968377
82531058
1070936814230401024
460451827
2439015110
229994663
2351617668
157764655
2355387258
1087671783942168577
67513712
2809592091
135321834
3303077451
312712015
25014406
3074679389
348416778
395367768
791070237949034496
55303867
284734969
3092609308
1081259127312130049
927972823011856384
160302915
76943209
23166240
1036480770733481984
819914034
159623254
961458944882499585
734099688664760320
855061671433383936
953247699888898049
98476940
118278172
37429072
256388684
79585327
77625278
57666196
856486620668866561
1549238480
45854565
741994930931937281
953718702456918016
21534764
705209065
17789289
1110743549316861952
221837870
43379739
1103658673312878592
278980371
118201798
17235447
940224896256356352
2856932848
539656352
169411292
283200815
1148986197643018240
3025394266
806065237
20801371
330006088
494133637
1100391082175725569
968252633524981763
954495220686704642
104527468
1079896680303132672
1142643076839686144
1499416622
860364094678892546
1061501960
302736599
21594615
4916951349
835897757143556096
957072151055609856
14246967
912319916354818048
617790161
206402786
895004695525240834
821666173
4872009874
1078633563694731264
1329490922
1072142575
2522411819
1130950918508285958
942179206024359936
1006874666986811392
1935488797
3033043527
983179957768736768
2520021069
1570917810
453410947
922122076999254018
25783334
998732957899788290
847219955485593601
850092913
15369970
1699598190
933739074401251328
25050598
1611486986
2196680173
1102327184608378886
922597095374315522
318092587
889935115115212801
745071393843347456
2740433990
18629853
1111497913635692544
526555057
494581546
15085196
977196431164559362
777756197701099520
55403465
14205457
806968755855224832
892865028939948033
280656045
559226871
4077761722
19607259
861949948757200896
823703906
394146685
125298251
1015730141140602882
242069220
221486584
1003132329643204609
447643059
1898985139
450200372
88570562
141034149
34569889
19341389
925344964652994563
77216450
921108458287583233
1087770642164969472
963229003
1385549227
781293090
14536367
410226975
1047207312841166848
69470587
1001251931812220928
14861745
2499980150
834232769316257792
294675739
2350717050
806043
59371979
1074856550341197826
809322873458479104
2152553220
15626406
855298933
384633537
190877755
55417033
102769344
3298913402
1945576291
1004040396807294981
75629171
110213431
14504859
344240300
18466967
545363950
106682853
1062868137488629760
80597919
2676
93447300
1362113174
583212987
247999717
321575853
733738758143631364
38719544
94684246
97452391
1059936763504967682
179145522
1088864439292575745
82967815
4505521640
1088821339706875904
1068705008
276670207
2806232362
79862879
21226711
291493001
230523880
248486833
355278714
70480069
4622629702
174492304
152753311
2789614097
704469886878277633
41824898
3438770014
571997855
1866330366
162118003
15378754
275626694
770378969153671169
582888253
723284631844474880
752998911237914624
989436870575697920
58956408
3289503310
3454225875
1474883558
2751118122
1071487369076006913
3092104835
123543103
246987334
165945468
722968256873521152
6068142
546601496
17011206
3601176677
133926244
923619319
303859671
185883030
40923285
16744475
793799749145100288
2622775142
110821941
150118422
38167592
175816242
54093435
401740494
500573974
38554094
924098264735125505
87174213
1005564804185182210
651403
64416238
1061483212592082944
135201790
996951862208352257
402321578
1032282914120192002
277502403
839359918184484864
14572517
259895755
1021869520972079105
201438516
715661789221031937
1021058141163843584
700220456
330052376
994523411828396042
178463022
2298129825
458728203
883080230352691201
153148677
199528461
174443391
253297888
1055532644929290240
896088826128588800
219990061
64600533
178853323
631580827
2710328491
10293692
376871172
249830625
720486259
941026436776906753
145744147
219128528
1217608568
768337568
223579953
843894595
103368754
2976293643
924063721
132937730
309562952
1595392003
2730122551
162096055
25712590
1890827274
167394234
882667874241871874
1656545124
2376364041
827557198091976704
83653091
2305072182
348250865
465628233
225178875
4886153674
89572355
1037772453257326592
3087424378
317158411
11403542
139743990
80650044
56799803
816173270
1437228217
989515909030178816
67591743
1362851972
2987521420
429400896
52661430
4202183893
404442001
85224634
388503174
455470163
858718512
69527957
325073542
719875380379795456
67805964
789537520396726272
4834723523
146224177
48288849
63285695
445189971
44625917
2274769160
5936422
637382420
287524666
379328407
1223471389
790585172370522113
92261175
757210604239224832
925891265425788928
317270356
147307860
2202387091
29710616
2572969710
6964542
165748292
816824082113110016
1521095370
3865961115
720260022756716547
981418595841380353
74741993
622435791
2218561764
247613525
39685793
38044427
456142909
897861037
1004459798593769472
324448788
513911187
717524432
29460483
285105833
83499062
960943470390272006
2250278832
142949261
35392624
970766448221179910
919668635299401728
17210594
781950929180426240
945686766199156736
1151537048
352650591
11833712
2262178410
1669180694
13929512
34345168
119401334
2811748854
231901250
2374143854
40309296
95025617
874209163
2329061496
938826135479160834
4733914515
185781549
55547770
381825461
714607834667872257
75550300
315454035
70147644
783046727766908929
952736849218473984
854454295890186240
68238336
170430737
20218398
388069951
2493
1296413341
714546521988055042
65410998
15810488
2834079719
277583350
324931668
7758132
118145737
6706372
3044663771
89255186
970869821486313477
189313442
138324985
143150977
913877691228499969
1040792407
49225988
890445120369242113
289140713
928851506
47478431
146950641
938783900209504256
1137664938
379135641
964304025373106176
114524582
139953366
85692592
45467706
936613753289879552
38707253
336799334
77293990
92108582
401717571
4634988073
174049509
713446423
71151896
144950521
154294030
481286695
199804354
395325968
4421307735
915615485147910144
2475515973
245402555
52034730
925864157857030144
39010299
831828773226082304
55982333
139258043
328182370
47275890
172054397
250459343
4843862657
2846242097
1031078112
2329591376
2610806112
145492127
897120278463082498
137507987
394250636
103288327
31770398
209362126
72874356
3243658266
14331818
1027226198
60462205
82431377
158171493
933116424
82689189
52403606
356299886
42911694
1380027116
130169306
135180251
388818412
945996964608593920
917346226399596544
514856212
3154287162
5725002
113723583
19520842
18691746
107336879
2739826012
129921160
192551928
296607146
1147073311
783799226
889982255711625216
326184086
393621632
48427608
981676364
906608550423674880
62694426
16606900
14148841
1950230353
2854666933
1083109112
43784408
104865143
914515953542713349
128666974
154198440
2450032548
3257470939
398742438
269339382
3288969152
93753233
774712256294686721
923901426778206208
803025464
2636759475
117896469
27397561
47702701
2732422537
2974670907
2196035461
716829215920881664
2176870878
305954847
65995339
172912904
246054994
80870076
38986276
423694430
15268916
101897322
19161448
711030662728437760
746851782
342601068
48872583
11518572
809566404
1277763643
111331075
273202904
4055905875
538736414
270878954
2493098023
2437109068
3288069309
2841236267
3203901785
142134426
3177500092
2815701638
50981729
114579672
364761686
176649998
781084429
2557857501
1613365488
1012673976
97094760
3092625556
750491281160306688
3416359102
21225138
918218228488339461
834253867449712642
230248207
513846803
376439320
714418874
144468985
254201259
914923662742102017
1429380444
303687748
720595529839812609
1179323886
22495264
753593828305670144
26853873
167511835
146661484
2290363601
69659744
92333693
8131402
878300143157739520
14651725
238178024
14048901
30331417
228819718
14860076
87713796
3999302675
28515565
1427429168
329179614
222244502
855860783863001090
506410746
875970379650445312
370873343
894661080185798656
708103879
2966923133
44548303
623462501
126384734
1004614770
303306725
890869537343754244
4882120229
59490293
784107854152212481
45444668
2542270986
744037269732999168
4273813048
369038524
47647819
12035172
1171972454
560590272
284455405
93021730
66226341
156457945
16472748
63616606
105931327
2499219806
56148352
278048466
706937626071339009
3909662105
806423833397854208
568535670
799646654467112960
4235684488
71332570
825219447828910080
132660706
58906811
144972081
65638731
719419296
15997828
872696624
250233269
788599705135673346
2688148651
17416571
21185883
841246135368986624
164402219
256657923
41601476
2159775193
144326720
80209558
1614143130
243364186
144293872
39383855
57363265
275607924
15269781
829954804906676225
17399417
97472198
4797473655
12752072
182001641
43434003
27080189
9824472
821025981716635648
1277627564
153883560
1687529072
184675664
17583158
597083103
1439091906
165579894
819927704850038785
50859464
112033498
33116258
148264145
36964025
189540976
2895000291
3727250537
18928865
68833161
823057
4914414342
833459532265320449
140109927
2980171179
52853730
48071744
293516219
29307928
1548
135955404
68878535
1339696543
178095362
41330773
388391016
28420909
202008367
271753917
74866607
2913283023
816339448568741889
967430802
581109443
52706757
46968754
343637138
144191732
3229830076
702842798396088321
745633749749096450
74635379
91945443
35842994
205346388
54731224
22963112
423065127
2350289402
1928471994
1019016924
18988404
2491464894
442840711
22901416
156456941
14522154
1406773280
288277934
2236631472
14134599
2665573442
26158691
748057779827519488
112761615
3780315496
176414763
1126785620
19281751
704846159513145344
278661492
252929940
104837801
394980811
11388132
188347743
113660988
239470683
225103396
413468104
4710464455
327385337
66026773
123962084
163006918
381289719
1063559035
636003
326511843
2446931507
1325741857
46869914
188843108
1425639174
2221941088
142240353
252618624
134946215
240307539
745562730585817088
141308124
2798836581
3131316449
2435302362
17127346
275864378
1894231788
300615806
2434248872
772780988233580544
2948653018
11031702
245074572
15584646
255123777
443915183
373458112
19270171
794644184
631650537
76658548
1728687174
167497378
66951315
366323045
548454811
7910872
14299624
1694661403
40371784
45529639
203007837
16034151
14991701
1262501018
116701683
76052194
718591393
150734727
2360693046
3308338931
271767796
570304295
3343087815
262852337
124147306
1726432904
17634200
365145609
2525749598
2213181248
481943972
9045022
57743423
3042542153
316970336
38917553
2506614141
576713640
991653150
1337181582
105501564
7300242
28307598
2176619587
577383533
47438273
389562551
3131273385
24012073
364511203
2313451700
548515036
177565966
11455892
193483369
226773521
582149453
71329477
714874767904530432
2318700838
266261426
131935861
3300493816
2382263972
1710357908
84185614
2303164818
2203278307
53202278
16061930
348607615
2900113732
290109061
2283463274
710474736
362022429
53597492
347833797
82363
10012402
161200970
246535772
7897962
252268498
502251829
2364285714
962997733
748018813
71940908
2692456247
88717547
105889762
2340792276
252661857
3361609025
383752490
1578069601
6473022
2189742522
382376904
59579159
31232693
314478070
154251965
193684475
19242404
121460155
183749519
260494726
2916305152
3290773103
451448044
203145015
3016260693
214203104
17045907
2737573033
461193740
612755659
8753452
47104452
111441131
1908065071
71369528
227050193
3421994813
287816744
213071666
16143105
235193328
1002336223
2736361363
2720877595
80185886
1377295220
167785706
64444416
2341022539
499185715
309393088
187323735
250614356
768506088
2794346857
622300794
205369420
3325663659
18887637
132547234
2883638800
1859803790
2913862788
58708498
2896798776
3170262737
2348647783
8630002
29381843
1233663476
12456402
794808
17018765
39219494
2829289058
142408161
14130084
98533366
3154388387
283687716
18204430
13608722
11167502
54296117
462121872
761805086
408790087
3019133932
428497325
1255463322
135022439
161306075
9590672
19432601
2469934278
19583866
291492707
156742257
920015839
2710333849
234220382
201567312
12926822
14798414
91309048
48646274
557250122
2491642994
14237616
310234660
2820798051
30955697
22014225
7292672
2821237665
2825976029
339943949
4816
54913
141493973
904080913
478264244
8849962
381760670
2575307994
410970457
52739234
59180990
12725692
89953005
20072307
976895610
163092568
25554345
84545552
1219167187
125773891
160476060
153764273
92279294
610323
19766335
781730
1936691288
532483969
60238469
255617445
31030273
565978024
28347911
292915940
169982269
16422908
121326170
215387699
101533225
147758495
2536288325
110423800
2239755078
226289870
423096569
404946566
36265357
225889930
68039572
2242133174
834424009
10656282
11419202
239362738
88264190
73257391
102185545
165925232
14073364
18331782
268322810
317353794
137908875
18059285
780980779
1424409181
18136256
2369693702
2317803391
865622395
325100970
32694101
997940280
46431698
1397690612
15168355
176413239
49413866
22839233
1428575976
125695429
142415193
333430027
15314520
58333341
12819112
450588678
53560219
517162010
14573832
9546132
1392117810
47108356
373427171
190898528
128983252
1138648416
8330222
476556772
1869424676
1374565531
348239501
152514512
1016378941
20915074
796483087
354024997
571821906
132389173
2957071
383044810
110870881
622462907
6778712
551992605
249353797
1878155688
10253742
1666983972
883444772
397570506
332033316
480049567
190921032
117296989
204877942
1413563167
350577584
260757234
15379738
1537494776
3251581
12996
1662452185
338255079
167258056
123951353
1572121542
70147617
734865048
91601683
18118599
841832654
20514640
141455591
552951614
33472982
163794654
161324205
14432773
74155291
993382862
465929514
11622592
35036801
367089411
749908548
1150004413
14576538
24376343
268926790
9147112
259126602
294088744
71316255
20304872
134296976
853691480
400178198
325074749
281270938
89785537
21040778
349086665
229083273
282876064
18013160
546192771
64734835
82433502
15305587
20551303
21926369
3240901
88692150
15311907
321087703
18064963
11543542
1222274089
1134935798
175806207
12448992
220238525
188809568
59582409
20987715
46323230
263787206
349963
6146692
49849732
40643519
50117426
366644588
16035483
407088755
161006336
15690231
357629650
295445194
154246333
62925847
18566947
15372681
244991150
39494146
28596592
180489593
16263960
14347532
14729972
22488241
79311481
14952406
168835108
512734189
601144384
138140942
12347562
90879684
19215638
16511419
86848918
7715032
164888221
19283007
396632857
17470295
6119422
214178910
14349894
52820430
19537216
17508247
48936901
94119810
14852723
341693399
12549842
4628161
17772404
39462470
85018112
258150061
356228626
14280816
20953990
22179056
14110253
