87929053
384268685
1648629770
2259895735
17064514
16736535
1029068653
10680142
274632397
44104818
14226206
12530582
1100646317154537473
333430027
49423975
461799845
1426077024
506529616
1021355762575073281
4853334681
2227868629
3094114742
1017693328387854337
15881746
16173592
14706299
363924887
20664366
2480951
15134408
24253645
12579252
14627400
150621067
859692915055968257
967481243762794496
715443893442101248
716013038936129541
1098403752648691712
443102695
3080968678
1130940852
810173869
788852963787755520
1100493711576829955
1071593172017516544
160258061
1058869784
1106878681744592903
228912977
1048355304621137920
113153578
851661253944766465
1103694560067125248
39162069
1103011181327982594
59553554
892427224510472192
847021069089357825
253226800
880491240591990784
4526440287
1666038950
1451773004
10228272
783214
13298072
813286
50393960
11348282
34743251
44196397
2292565884
760615043746496512
1094950711832518657
1113231471265878016
353990109
19725644
395477244
4844061977
2837143083
1206216140
2559865245
173813231
10503302
28195996
237631420
41693638
728226551829954560
210637441
17221819
2344328030
748365372441632770
3242402702
873049898790174722
865450989465124866
961647633289719810
921990184064962560
3261768660
950229226237476864
77596200
517077573
46457141
74286565
24967749
2803191
34955221
360196369
23127272
28228172
14861876
70337519
34002876
591646425
26599573
16905329
111519701
61559439
93659369
86395621
571206183
414334713
225125248
376749608
365956744
15880163
1603687711
407440512
427930773
26180582
52168389
29873662
2455740283
31348594
856196535645642754
3082654147
1053927486411685889
55580723
