5936422
3050570909
931468093
3160660247
17518412
16269197
959127998409699328
14504859
1099963638041976832
1208353362393149440
335965862
561857372
2756479056
1219800504
18200400
763841
5574792
14525982
76983632
901773635962195968
69060709
236806716
1023648132595425282
7516232
70982145
1006419421244678144
1433539940
36997156
314196263
120021216
216739115
823518894182846464
3004269184
214047019
84587973
2753125316
23554268
41486415
2808428874
4289247312
1569474535
124036182
1083706989589483523
789758492
71762380
10656282
1138959692
16597587
16489982
260116832
82363
15482223
15079737
78571985
3167301
457033547
15300519
1113698070
135634231
4843715943
345673106
7894022
17825771
17525214
2499235068
970802364918779904
3373812033
2374780429
973918686
364280850
154479578
823083
270397123
3293419720
14706299
162422162
15106711
953305718966366209
942544632898080768
953304055337668608
10245752
7340612
478700423
14670504
909787591670628352
379999153
3595439354
9463342
11612472
14069393
912788064082255873
229104969
875349400930983937
101280438
1931667091
390167291
21655249
14656222
1481010043
668423
15643888
189628977
17735070
20410251
23036965
63819362
743073543919927297
6004762
766329980204843008
14325738
705694059692736512
50122858
18636447
15968688
718910384158208000
15482754
12691112
27093292
17913998
243764385
15040566
291340178
22348495
696400514045583360
68329262
15625991
17465603
2937480744
81680030
428058083
30889556
5874122
34698700
891332370
553557115
15673207
301912229
3365618279
8295072
17046868
2887837801
746056226
122470240
1690731
408424191
177788470
1474661
9627972
87717624
24877257
14898461
15383212
94487435
41631552
2281044080
8692942
218438603
21436960
11348282
69496707
14388078
876081
2170361
94133565
9714232
12776922
48843
14509080
19893048
9309912
9723932
14695816
30253755
3649181
14421746
15359658
15751438
14816103
2789291
31356469
243137870
752133
988465844
49793
1898305189
87906268
137788577
15488482
2820831370
106678271
788392706
2429261591
169129420
9930562
14086716
78644832
1180110470
132817451
14055926
299911080
17484680
18797311
323159151
15524875
107838271
338255079
8719472
14585205
15327586
61521621
254149815
84311243
1414366542
9551792
24257941
886328054
87724673
26894723
16484216
24701368
19682566
628416284
564919357
81552743
210405752
1614411
814641
17271847
16444716
1749311
20260892
14602130
14117524
813672
42851073
207559129
18080585
1413771
14473492
31252952
91772615
458655380
10680142
342636015
53019225
376825877
372475592
13334762
17676279
717306677
70132580
1923710378
167234557
18055613
252481460
813402
299677222
122447806
6440602
15760506
21385774
11439542
91333167
784165
47735734
793351
15376576
201670103
22545571
107471115
10720602
16695645
14639127
103549232
10162502
487623589
14394279
104618592
6140222
50504510
112405759
222626964
81058375
42381482
17772404
19525954
16558988
66345916
68442845
18044782
40314900
61501104
44320986
9769712
24253645
15414339
9385792
14433595
14821718
10368692
