2289517477
4830103701
2419033884
2617578369
865201808632950784
21436960
879325853808775168
1431049680
2537740259
2183016770
3365618279
943620327925456896
9526722
2978031101
166085053
153158056
3326654069
157677232
1010099327262437382
1003676248491610118
211487219
815129209656016896
862334008818061313
1051532581085356032
113462371
874972683766812673
984885432101015557
582123267
889053090
468076687
86106456
822006738375311360
15533573
1305112099
2788721707
48668047
224653586
61722053
1894643486
621706222
1008155688
3129095903
370409954
3059056299
925689016665755648
339639180
845186475117297665
918054424483913728
9769712
45396158
4217023737
820367095120547841
636310571
620383041
877098165320785921
94376771
304289006
6440602
14602130
181363
276508048
11902442
3084096189
203558650
27716419
2847817956
14768955
47352462
37942905
250397632
968881477
2788976001
192986664
14292966
71759599
2281950325
770145853
4910809053
848893003
487623589
297280182
4395985397
686803
30290253
3903170236
3055652033
2916305152
160109630
15301028
327285445
5855502
2423532368
1957718274
606776750
2802256873
142415193
100230323
342305072
1618481587
18476766
2375511812
192993332
28565677
42992649
6496232
2154487868
12963432
35868025
168705427
1588596758
18636447
615799597
949624634
47194559
710370192
14568931
135121006
1538841
116041517
62168954
376729499
82072173
14563616
404150867
49921739
5719682
13587572
47970926
28446974
6722942
21193325
41313306
236427380
18159539
17186836
74457092
472130992
67416293
87759357
165372943
408084829
15095235
19899675
5832732
10704892
6813272
106074594
220022460
