234215966
1238496029273657345
56323078
1518551030
509981951
1958390815
1240421984
1281356844
2620572172
79309628
18935294
140975944
1214112435470123009
3279120850
1128416222763155456
473782165
461022437
3686555056
1037710654872928257
2812817749
1046333889353011202
1897326103
773078740201041920
781922174512816128
4545569416
917479132631588864
1218178054071226375
1080248966950858752
1133431183365296128
230560994
1004396991156236289
812589244929765376
109579590
3096838877
120069863
801822323825410049
1210679553607254016
377424425
38395124
1202496776030302208
829329025671766016
251216823
461140968
3184371765
785180298329792512
4315982354
1638935450
21433653
1101131404929392641
3023298363
2265759702
175492358
951507542538162176
206631462
301863043
3562121415
1298602068
1067704569378021380
973608987001278466
11880352
821629886
1968716382
384274935
16284661
1361627449
164762330
2914782592
1092427691490504706
829679019817889796
144817179
722485533172219909
130792689
3151163455
290554152
1181852956632780800
2447642182
2928209793
2499756756
300452975
768482879957590016
3428485468
3012875395
993534477757485056
610995109
37700132
392912527
392223127
3707407575
3300877743
103427407
108132277
580053438
874444310439231495
515544669
298499096
973486593909633024
1168196214761938944
902275671942205440
788677398472560641
908766992777302016
525603851
1165618250601914369
1092374271509319680
422781117
25579348
1167480817175683073
257682823
745213
82573468
892006500
14620262
4284834612
38178409
1093578051542241282
768386760216805376
205675525
1132306829537632263
992738168
219078550
391287113
860131452557643776
1139615259176636416
266762558
43919376
2342613998
962014445684736000
277755944
34255829
1022585088381530113
1080180998653046785
488000929
752509282206220288
963868525294219264
1102763906714554368
3694649001
512895129
14719025
439510353
161410873
374659701
1133109823560667137
719265156870619137
225175389
1139280878700564481
495425905
1117761021438038017
606327450
930362146256539650
919505868
3246167362
29455688
72587513
880801757403676672
541022324
704746805934858240
38512725
342582067
567611029
842679437263028226
1558283664
280577215
15366875
14159138
931042575158513664
973955318987210752
916171872579985408
3353338156
835033343842529280
4796017895
3320318445
844109224598818816
1053227427734937600
715056173268000773
2635613952
457060311
469710098
381118369
19429174
2367649759
1090078759665971200
788105434536214528
66843277
479585003
793961648
855770413560975360
1909185565
4901707277
43186378
611597719
273781698
2908502066
62907477
268469475
854008708233396224
1056924108246654976
74747679
1074388995633831941
3890708435
1069568709533069312
3184518342
140579390
283009745
14942340
752383581893251072
15751859
75899002
25297021
1912054296
108899342
68480295
1064480326624428032
409999122
14351134
830802325572841473
424459639
879300788912365568
217473382
2341436038
1050008879407517696
880766885544902656
217425738
1011438486073872385
4869834339
10471022
788005047481339904
1035417413586694144
156124269
883688682225577984
824614141549764608
113052359
286216554
888506409838575617
743558494784229376
94667885
1019959812
499839963
138790830
2557037323
1710706561
1001511262545592320
34035826
882291196877561857
1560929287
103516223
148518970
100458573
2575023666
1201382707
1022581143340769281
2629383321
739773414316118017
876174434251542529
15618138
201831075
1440767888
701504334341734400
964088911
237279906
995791838
2851298441
2425323122
359188534
805351033241223168
1003495256367685632
950025962
2886752038
752545281221095424
909338628924624897
2477250340
226088003
986536899102887936
3390726743
375754161
4017424761
198973490
996423330394705921
476579613
64692035
770627302950596608
3359484365
4086752533
2243527633
256393714
17387970
159238467
262818365
121881576
203422096
2788124949
621066604
9930252
16701459
23219394
983470194982088704
47332433
727813255465414656
393334207
751148918
1696698817
282732046
303128313
907252300862906368
14193673
1669891369
354221958
2740525944
895591511768813569
2343198944
1241814552
3598640993
65731332
777930207508434945
826139157047148545
3012435040
49031173
2270114605
2916904472
3077501341
227965066
1946121433
932283874868125697
742379544309567489
1169402570
567053914
960947423320326144
1047353646
14681605
273824942
954268419045646336
2167059661
1237502864
2696425821
2870511189
824100475473723392
3069464218
154456790
817434654751932416
63873759
15804774
77265423
2865404679
377578645
2467794799
1389317498
859053665906307073
750554018
860076704
1477950534
115494880
285523156
3017344421
935569091678691328
18393773
28049003
239085423
50958323
2872535697
920188114102046720
731226453950509056
55637275
11963792
844152803991994368
15724284
947752259038801920
848569011231006721
325559636
715451644683673601
893330990285959168
4612412056
301687349
757676828664422401
3199856542
3044686542
4872940774
16780769
97231658
750892662224453632
105530526
933004573056405507
3230388598
105132431
2611871510
2725351
80250475
32283900
16004228
237051167
3044644439
560431626
2251623492
2810559039
792773613132873729
856952755046449152
49413866
760222838
846608829932605440
502826293
376061172
2460368252
244991150
768197780
2563747453
18991793
12325402
84618490
2814174887
760968765811064832
578189188
771424599905107968
829365548068782081
890829650733268994
342250615
22326653
46053441
2440258777
2444835464
17775963
98915540
169499714
720226882420125697
144592995
101308232
108290013
69133574
39010299
140735113
615703
17315799
2580331988
47745917
887247401463025664
573847560
758566243280584704
888667673093079040
443495870
748109054183149569
760421271817650176
150154201
14291056
15995904
4024467569
4017192340
56764663
404405759
79629552
120181200
289888941
2868136207
84004577
2302174415
179149133
17507347
404871982
262082115
268227446
311880926
3171548321
2488254948
870396969176444928
52128746
14145371
16417363
1157540467
334568439
743405372526985216
2905479614
16417300
52393260
2868176019
3559287257
1857434538
14290960
65651300
18230705
2441975695
262711363
204703790
52667913
167797236
2463562536
2154919087
3307351553
1548406627
3065840843
26796354
31947851
102041459
64365254
151103148
434859056
35838887
112481031
194562818
107448978
126370460
311043334
112253318
16670985
381957047
271327412
18048862
59100402
60633605
82467442
4912814920
450471513
57276576
4832363369
207159888
