556663817
2852139421
384409374
87671968
3055328937
1634706151
188046229
15210658
41116355
12923032
4127633057
291590733
489006512
4038854039
213077589
2805922348
3356625993
1464967884
96221583
342582067
1169182859996930048
820919277154959361
1098868857786302465
798887942194348032
1556132462
1208846353746542599
14563616
722041069005881344
1206584349874933760
15618138
1107456895
2563372862
12786782
267256091
1199812749469126657
10287362
17775715
22898537
735954684981084162
18671559
22413809
1494655406
142201399
34570753
256499057
1167038667757670400
895591511768813569
149806281
201856958
831398755920445440
1127497811946348544
4159357359
1958390815
500573974
928444328
1366811
16004228
856058012930330624
179797676
3300885028
2315768366
810446802
275562615
864027105935454209
10680142
911193053641273344
106236526
814151081110470656
48363178
1125735930
337791986
708285607391395841
40225900
153158056
1423858796
966058630599577600
8273852
281577100
917479132631588864
138790830
54896883
49319793
145429044
1061288719678889984
370227242
1004361017789427712
4586525061
105457963
243118371
86640232
265873845
757676828664422401
71212408
1091094729041891329
90649952
2819200876
102407354
409481206
722186131891187712
80533749
336012502
239085423
2228655612
1074388995633831941
240029164
16643791
2217099931
556633549
105405048
15294618
3817335323
38652138
2342544476
1044848931128193024
610659001
1002957395264499712
4068347835
6146692
14866515
705414330917978113
765849247262633984
21402719
9190222
21179585
249868808
930043455459512320
143559488
7607262
3614382676
517040856
719881347687387138
448027561
18230705
244199680
41570792
16100710
177507079
594278352
26377024
958271706531008512
2471892335
928915349201932288
26476281
14000542
110836127
54221153
31407027
40631172
23457581
17242884
269982582
2196680173
15936229
197173482
6038402
897889083170672642
3985725207
219989625
867312279355871234
326511843
80790466
707983898676961280
11801232
122083764
862776726
3063042951
534678984
750640908329254912
12865632
705467790971551744
4842897833
742363989670252545
6619162
15941673
236652009
1135921448
242573974
15996859
296735027
18136606
2994336675
4622629702
1873322353
74747679
2202925394
2574472352
35705169
232252864
20637708
4829487063
17485333
448708743
1611332490
6467822
501968170
153837307
15463062
16143105
8104332
47438273
521347279
14389093
82443473
17534607
411522728
260415455
435681893
2327881
553499534
58879885
835494236
180711631
3147458090
24672525
2720877595
17315799
135210800
74435134
369689042
46243602
1549209552
69424452
7067122
17960561
988320878
432665924
895690332
76027241
8623322
22749476
22749856
507180522
134805674
1565623927
527242921
1652884033
