228535666
66780587
1107771858386968576
53622166
1057769718864461824
608038523
1184981973053263872
4376916078
956692683661107201
47574883
3310669458
14252897
103760901
17472821
1216780531423010816
246932420
10680142
487623589
1073388199
592535210
157702526
35962650
18828462
67911695
725916053335756800
3524101993
2237847763
1948542020
732167556
819441404673859584
93279996
1738015658
1181729392755707904
79018674
815113027171192832
1052681244910092288
2316348948
2149662704
824874621547606017
1167155567330242560
2472420139
1048726403191980032
111217362
4140881832
15772978
856224867447734273
971044039
393852070
15687962
4518992003
841132664950145024
97600297
987170250272792579
2457081517
41614788
805812028598145024
293493879
1124056727102660608
717912326876233728
803465645291487233
1100368323043221505
1054511965618397184
975872338028781568
961033779107151872
15188235
1713527198
843411320279990273
2596626162
1032788614390767618
910901015725199360
88173790
2735951600
2886747575
182823606
394281939
1040560213454024704
754932890291404800
3746162965
970523714553966592
1113613605461680134
969376432513171456
754059872
2733966036
1058268093657493504
1005711054154825730
2829333475
996041501879582720
1106822072322293762
967146834
1075893326602153984
354368090
1027788751714443264
1105249316128448513
444240428
318266397
870454480474693633
1048018930785083392
2992914103
870466574
134405644
2832071580
21537496
563890459
800672351016734720
928461052932628480
128246602
778412145318895616
25913404
8453452
2977897370
8207832
205558908
777940610
15314999
734531179605569536
937760476045479936
2839430431
1045172055312818176
589126826
17588616
845285965790822400
1677301326
20512260
1031352492485832704
908885954521264128
3092408889
3243977282
2445701851
1040287070206480385
960772224729796615
380037609
840052593690890240
730455462
3304694299
754331876
43641956
993392663754784768
493974431
5162861
1032522158621114368
104094630
707494670
476369352
2460936085
2311054831
36605651
851661253944766465
706783712516505600
3194498198
17567706
296419657
987142196766720001
997047355084963840
879196366395789314
969413770475749376
417867338
4827449179
2360219677
862675563693125632
999856072692088832
907193396049182720
904767529398157314
924829078447943680
1654939057
1002467148877332480
3272262768
1007148822458347521
2576305826
138418895
848985295059996674
3404122258
979456059126378496
2744570034
554231356
1003097410808107008
2820596422
2588509489
3491090244
2581486644
764639738766557184
2366461675
2548011588
68850258
388603232
161166602
3028352708
990824443017547777
860321593225957376
214201922
999180295499730944
3171571112
941221170652749824
425871040
161418822
49730068
25066612
895142077662547968
90636188
820083742748221440
988693490
331167590
86708228
16801904
4265446872
1962134354
148529950
3180788718
735702159505776641
540668378
225125248
19644368
252588599
521894335
238431491
842091045051588608
157395944
29064492
123920559
2547074196
963911061446389760
722031823090397185
848489324
122660611
102862970
108338045
34898088
435351288
30787644
163940650
103335237
975634451698016258
24864497
895221405272420352
871640567528046592
82500439
2723301260
261639903
335157638
108201095
25656631
941374238799298562
977586123693219840
26071407
3309619831
259117608
574253869
261999300
56151063
390150419
561659754
18379614
95092020
3375660701
917518794163052544
2435002538
208887575
287919931
574174193
351544372
38376399
54064159
235827289
21276549
44555996
22622572
4502885068
877737877018296320
21200516
432507102
4119983249
504143250
2323070772
2886681781
791065461672685569
759647090876174336
937601568936837120
1537881823
516461287
170853212
845938194126295042
14077095
22232834
36604359
350278809
3321253922
3321204048
744796419425329152
19852759
4711136803
2305603543
3232846476
794683735
437210567
842369091688054788
923190819649150976
7278472
596184649
378603319
91246111
834023273616662530
889832490822770688
2970737517
27588168
4118310912
4265342712
3320594570
145892411
837838902631149573
2345209417
3192799118
7512
847021069089357825
16643569
539153822
1943578656
2980633674
25411867
415315500
135364687
587367188
21127657
178503255
1706748763
772945805741129728
127475673
777449120634056705
2347694893
773763194363969536
22355229
17201097
3634853719
31604067
380096047
43102647
21372833
757834440743587841
76784093
23017452
912123556573487104
4284077354
421952567
63280248
108842691
113608725
90824161
63309296
24828216
908113625407041536
740416900228907009
897265001471156226
224622978
19612058
4772169342
3278159833
169772704
746245207146930176
2392171188
217778938
105001940
1081
102789583
243662948
313853751
527526077
80939961
730388333021401090
9446832
47477421
831113533035335681
270145697
834218559148486656
2560578386
13985502
25892470
90779436
2473461230
1107748134
2328677132
22294735
23657999
94389329
720914593648898048
151393774
39429430
105106802
21710527
154221292
23881197
2468817295
137647076
1881419240
279026483
2930437435
1168293716
573382025
1406626704
788255564996317185
558838383
700186699830161408
263019849
441616098
896913902
505317044
229709288
70625564
3220792518
32874824
264424920
1385942016
743260989534003200
814583236886003712
836903803383226368
340238476
4761457538
3239619252
840091523811233793
838675207204171777
17673058
2997744212
584718753
761598277699694592
361084084
2616885944
1302915710
25960136
541345074
1549353752
21036146
836015621720551425
101222584
70509220
14710356
2394230630
3018889774
3107099695
4768143421
39381786
55454932
346156468
17647360
1383021229
6844292
2244994945
2857397298
2919655265
259575244
14404484
28271823
224634229
3754891
841791
2870807309
131325228
897540126
806377843701780481
128990939
3010884523
264677870
728941564823666688
69008563
97305237
259925559
174576202
116757352
507134601
115044590
1852617776
1077971
570922031
14372486
10668202
54764129
73452210
762114430100393984
4307156655
71183125
816184229906313216
776157059465129984
492054889
118339001
2829742993
1723974829
1412643091
46628423
1544885815
499889081
136146234
795753830
2240549935
3311463356
563473002
2753929566
3074326362
3024658393
2705319642
37887722
312716942
798831630857093120
3101677754
561990864
525801486
777660462552920064
278446404
2600568259
26759837
1299235584
29066870
3315621726
2287163772
293732246
2683642392
219316156
256657843
551002287
519806628
1046537215
1693274240
1282224043
1247696461
252516247
199662622
3248858029
15028745
4223699592
22753886
2577980281
311983034
954528385
526034695
4296391393
769358539844268032
433696237
351443705
768966991
2204125873
3219098988
2373320268
2901522529
2709589562
38361352
452119207
3241762766
85625536
806861227230162944
246229852
780580248433733632
733897861289496576
23581587
1150430592
3184251270
135786035
2970397254
70336901
236196279
1126649119
205683872
636915622
4264023740
480205550
1240250124
756100435673354241
2879043061
2907985939
1106077118
945268134
183151884
1906726555
727769313520848896
123717829
2723785098
17386347
3013794456
2837507677
721141958047993858
27277129
764118896529911808
2896442300
238639256
163264172
44346083
376135730
1940895588
4860641617
3013758720
469022413
3376511294
142171086
6752412
3192956324
373300381
353432114
1877997523
419058000
2193181578
2391702169
181510881
3307580359
1730415624
210751747
4100387900
14867108
36649288
791199774
3248251452
2896455757
2828803884
1731036127
2933195419
2456073188
257793310
18175020
1695871542
459935119
2576384306
736676239
73808917
1549497276
209983039
2241858752
1014540492
1317945650
2881585790
11782132
282290253
899784211
2986318272
2908700941
330810689
245261921
39686023
1178953196
462805913
402434417
52682330
3297964393
1663765849
54359532
20517081
27822089
74946910
138041655
30182732
1297100576
3232765964
20506562
46368612
156606331
80324287
2302588710
350556773
1674252703
318005036
17438066
20397708
937404684
3252258511
8202402
49831398
2806914710
71871809
964529942
569604416
17093617
795237637447524353
1438031972
3194309575
46698062
31957731
206580889
1852253100
2339397540
2426422297
1425295999
1566463268
202230373
18080585
91985735
124026965
211362581
747400425037410304
87363816
3007826528
2656698722
80989226
19133894
34030001
2725845888
34291670
16878874
2376645968
3277928624
71005414
3028169156
407641532
2607374449
253734176
545101733
3455945114
2763558143
173753844
2899237968
3001160176
1932211004
711685884
298483378
436325041
10506332
1001095886
733615564141133826
1126923858
3220210171
598366920
1285102351
858211212
380722058
1441967280
21062776
233483236
95532187
586617909
25768044
2880376321
261156590
2612890153
373035617
67893450
575201991
121761904
260157223
2538774056
404602750
1850832559
518159071
2449106912
634524447
3333453680
722210804821458944
162917408
65318934
913987364
270251838
1099712203
3285997926
2195449285
613931862
117271959
91273040
2712090770
3009589021
44290162
93137725
575957048
2187564499
1579504242
1195847497
1064381570
1615535076
1644572018
316135320
52287771
3024657295
1226662212
1942301298
2773232173
1626973710
596471013
47249048
717295307776610304
148316171
1728228715
167776485
2400886874
420752026
462052570
962270430
2427894972
874402573
1147914187
4010642953
2912327448
102528829
782331150828273664
704260471
463465589
57042201
373171780
25001286
716607820364324864
3116004565
2873375545
738437400
3956863152
21014193
789253864616701952
14644636
619548125
776557598879444992
4805296932
307748077
717347701
704102972351868928
399100265
2300280103
26281970
54935934
116586841
728226551829954560
551473324
301248170
210637441
1452520626
19976791
836813928
2348419867
2706258037
718429607989350401
920629062
169823641
1711748706
19482559
731770043969634304
34002876
16905329
2728495933
795360913
306633507
3187618681
4206827532
749521357352742912
61778290
51676044
20495756
788499547307651073
14903310
539606667
389292275
386356694
81291664
4128416532
606240363
2519127995
335358150
788761351
3448803028
767480501217075200
21810928
1616158050
28297965
16349641
2189236638
214413743
226087776
1617787723
404675290
517125380
43430484
2457219325
164081884
14895852
1545994664
613100291
741085044094078976
1919612864
107122128
3100310318
133900323
268637152
2884891630
750970343611834368
33356021
19687365
52146755
67066601
750551129285595136
15661871
259570799
116718264
40449158
23049853
2218484971
705106770293690368
1020383864
159223609
2371580022
17660678
6240342
17826187
377202530
1634799428
16186995
1157627256
86229215
107241941
3013921347
89028456
18691870
2725953355
16029775
14941975
6778812
334571034
21530289
3446245214
4700318095
1550455622
26906309
111323126
4209065473
41012588
398324331
702827560510451714
174307074
2420931980
16572691
2407759909
2429872063
1001532307
25471695
73066735
20219560
4724611659
278825529
724045874
997918260
6130352
711584468
2853933103
21459073
87980100
20731304
266400754
302666251
40937524
49317804
70001932
8457092
24636272
10194682
267939430
845804796
3276084560
426184881
217062138
33458162
133919121
370343849
4186448658
2735745535
2353369453
394561899
508453678
3646909399
3143319302
712081004987604992
44196397
1451773004
34743251
289969718
2725547185
70575645
22412376
14952023
702484181427703808
238099363
2532942559
18776017
972651
2803422212
15853668
309366491
2498916270
72373
153091340
3873936134
201846344
18994444
17639514
4376509697
1532795413
945090793
607080968
402333494
4834160279
236943811
375432180
2675612370
37623506
602910504
701013088200306688
44534927
1282968092
10257182
605804404
71344659
15919988
19012368
343992713
36843988
292232574
17973402
72834489
91478624
851649114
278691695
44491851
525132669
345673106
22756947
1463618160
16014840
1406984924
16582191
20774152
96234820
454802860
34480424
166299141
39370621
826510740
39964811
23683091
115377377
18571832
4711692738
2426
218750894
3099501
41023164
14755492
2195671183
593638026
1330471
2730516306
2383850142
873603990
59682569
48644556
1518369948
21458558
53242361
1976719286
2665446013
1305940272
36823
33773592
34589728
19281751
14273403
157216546
2655321234
370100001
7144422
2890961
1344951
621583
73147282
7400702
295536303
7905122
181111601
16843780
22021097
90323375
10926872
1083583249
2845996615
2609394818
1429274018
259403751
18080969
16334724
444925097
254507180
1266355279
171613435
170393291
218051795
2468723700
6510982
161501971
4439332273
8317932
155659213
452155423
14872237
19407053
5520332
817209
14277276
1948272595
2595663716
2281044080
57183972
108698830
15643915
230656393
148258475
67661914
44224256
37324566
184997446
2232303162
15080188
961830409
1655507089
900972908
2592740353
2665682300
15729892
46292189
791848254
2528444790
15837844
26541422
20439140
45036289
7315022
16913772
18267245
17000457
21457289
19601111
180665055
4034720779
41633203
3356524492
24564883
196795309
2732818747
2365148803
3897224354
2901148482
64593
614754689
359967206
2361259541
2888791140
20523846
577401044
236676043
458766801
3732378739
3252419443
3259704020
14208474
23401985
3318322004
15138856
106039518
321071467
56505125
243381107
382267114
354847710
93711247
372475592
50090898
13334762
238929435
381550075
14430935
18060279
434031380
32342795
20510039
1368884317
25747857
17726639
86258774
47616056
1641726098
3192540804
16143105
990244189
17034634
79963310
266953814
2248240682
527857418
3101288100
472174570
36585214
18299770
22449325
177113247
277722244
801871428
39460731
2252889422
388570880
252331819
1631608538
2957831964
308836909
19223556
43109490
1284642343
3220588242
418625530
265715142
3002719088
2484855234
556678231
75361247
2371055444
2905832052
374326736
89095048
49432817
752395825
134779059
211419571
3272302232
14800270
610813229
22065101
2459506598
2549345528
1487650891
36040796
3107325518
19085108
3187287362
51365727
80252392
768596407
325291908
54507620
30383116
340624060
179457160
600851338
2497894111
6040172
145462171
457506584
275686563
370696588
374297940
2827487352
17290475
2793739887
199116906
1859182734
424020215
96879107
15066271
104407003
24522999
2898934801
2769990714
1240485074
212113664
3178453651
601791612
582955098
30721228
13083622
10510522
222409503
3020249173
78845641
21977463
3342969351
127500560
23735316
129937699
1335870978
227436905
3425309572
3265451010
15094290
43249718
1870733161
109339163
423813551
14530062
278359534
190533521
1070584944
1637581177
227902531
19646866
15276618
29937112
1435461
21581503
8963722
59043619
8841372
14085070
19658826
19402238
32372834
249872580
18700629
31533792
20562637
180183677
3013828828
1841415750
537924108
2252205206
124133785
2748827298
21077230
2601609042
20389312
2549578536
3278015887
18295561
25180886
70533968
87356212
150220383
21348559
22616826
1318698824
918397002
64173060
177093521
257633486
116924252
769484096
1924922184
3240575605
571426069
126523687
33137233
39359355
304238886
2419940876
16319797
29735775
1241322109
124308753
1177420700
2917585904
2452514089
2908490672
1355910073
3219539116
547261727
4108831
18603927
42505070
2497798574
391397667
2420164788
23496307
971058926
3083004449
44356723
15936194
2551720232
881711642
363431102
1319930822
3025518377
15303586
2388034591
2562568052
331471506
2153740022
260515872
28965415
2514511135
727122096
53057557
2413817946
2915502379
369466421
29875567
195652305
33866397
27814665
37959591
2392515212
389732460
364985261
12831202
257375243
22759835
22931286
350251144
21377448
338262703
389684781
808120016
2336770008
3258107502
3072193723
107292643
819087810
915539036
1547895864
2393865888
25264091
15995226
63351948
296568998
187711248
19103481
15977110
139893918
286607286
455499713
38076735
171758865
539769107
2290336916
500042487
14824849
3177304549
13298072
186822280
2824072104
19312845
1157784678
746687526
714758552
38232487
98616286
3160478077
207773069
15818391
297169759
473861656
19729451
14435488
26775859
5868402
82739746
47465882
14762127
330179472
43090767
43468483
34955221
16736535
14584200
558844547
17912020
15880163
307902310
588782112
407440512
378863252
111519701
23134133
414334713
360196369
23127272
14861876
10503302
591646425
86395621
61559439
26599573
25425464
1092378031
93659369
20556356
25547495
61636429
1414254152
68278219
1321758618
88598440
305413383
246502388
27244131
2650057334
373840878
74712538
2318347736
730022713
474355508
260061392
27760317
3016981434
69437116
115264069
1353845378
390417554
528964342
560788972
22178780
555538820
1223507666
926938639
25319414
117662694
2562680516
625856084
19923144
24919888
166739404
17471979
44835347
1859167021
243856498
11348282
40852333
85452649
174866331
486876796
52551600
3192945588
816653
50393960
1195367689
55432787
136926170
428333
2467791
759251
491787444
2584374986
87818409
346400805
5402612
14293310
807095
18949452
2837392027
742143
4898091
174083824
3108351
5988062
24646005
788046038
21147300
110054203
35393838
78023722
580671164
44600641
133017832
25485913
97115565
14399483
2590556664
3062073965
1682489124
1014512563
2613373081
18330141
514972267
399680672
35994528
2601566466
1284341815
65870434
2279073128
2572615080
1596262585
2199906672
172834226
558849508
18920666
16110878
65033956
1176887138
15531582
29880357
382374308
26998304
359865340
41327953
104379063
72474729
44105622
94005093
50193955
613889837
124348492
282145922
66892168
149074092
41718791
378451680
1383553182
18069477
618908913
1138981327
2550579745
1633784114
3226822268
711613933
854469372
2220531552
20536157
14787749
300538480
3297357766
3223891441
2286985687
779866255
2152535096
3193472577
66968442
1463788003
357312062
1217287686
320065044
22105603
2316224708
2492039521
630299859
17424053
578042586
1414032067
729808416
86806243
55165185
60274020
636261380
60410733
127703529
21727602
2831382552
1282558591
3063911670
349170833
2324520859
465237781
112389172
2832732639
2889084979
2938710415
3072710413
828629575
17672180
1440737184
790418594
630880367
814303195
17540485
594339489
1693803193
434752103
108272291
347751897
41056296
313135249
956683886
785271200
193580400
50579286
2601554310
356754701
531940873
619766100
52680534
2580548358
341142617
60819381
104336143
2516489569
25903941
1603135687
270312116
598995400
560863562
2179949024
218775454
612398832
16319888
34446382
59711288
77712645
2351342664
2168197172
554240666
253027423
1144097785
382514596
58919567
2416857397
263543631
2310527151
228872837
2272155487
301880364
2382897074
2323607131
75910874
344634424
1337785291
105001423
17329538
22075226
25920031
20214495
15492359
223282435
240421228
18147028
17171519
40561535
469689725
113696592
16678352
312937997
36803580
20747741
18927441
21158690
22258315
20273398
349294024
54178513
222356147
151360659
26005297
47690618
617662218
148206336
612076511
17092592
16409781
353094085
1118147695
136087406
24741685
89517005
137365854
22209176
783214
16608403
2459371
605805760
2803191
24727891
209202416
297174372
16425197
74286565
24742040
7157132
106949788
19413393
15234657
15378041
18988524
218730857
142941140
14473923
36079474
12295702
587291434
251649322
21601320
25052589
34868390
1689866978
17462708
16638310
16093222
16675569
32201814
44465490
352969075
75678134
224495471
226421450
36969785
220117959
93766096
35929575
43076173
183132190
21819649
26465877
1296939217
339384737
1883034468
581649755
749255130
348317036
804337584
468073492
284363441
578631145
27205263
26002707
539583527
256760163
268789936
289632591
27392723
222618986
158706092
1476341167
453020205
223625126
307213435
963523346
890127704
725028986
182692580
44537281
779472451
173294080
27176695
101251805
559418298
333958402
1443840438
550122695
855884497
736179044
359188534
344395712
395094499
588290025
286580307
309481771
363574457
153680709
2198515368
341265825
199122592
1007414868
523240722
341410586
388558501
772637563
90804460
1919456089
319892161
132002498
521457801
37413737
606128682
702814658
107020152
145912110
877033542
1020707798
864263047
23590905
15413239
1483443324
573636001
455555137
612205837
184611740
119515937
511752649
1902703260
66249391
134371915
273254214
42562661
2768501
177826715
9609632
105996292
20948715
511097213
1540666429
17793284
28442657
260069373
74894175
186262839
175722727
14862794
599033571
88002901
14749606
806067284
563564175
166505545
10671602
14922225
34442404
360453582
43482291
73484903
104777447
15670515
18182371
306483793
278340654
602408600
248858297
18676177
54037230
17919972
133880286
