203013368
1109841920438816768
1276623060
788673
3094350921
1156911454337085440
31391307
552358271
352175886
75123
1957569859
738417105087922178
1136712845012480000
12654132
17488992
15847994
361690384
1589376188
6488302
1355362992
26616462
1192181048286818304
2850375388
1203445797867667456
1224302012759715840
743373472278142977
130690431
199238295
177705432
16183952
2648921
14297174
111946246
129172726
963884836162342913
1549209552
23622967
109537447
2856932848
1634706151
953304055337668608
7516232
735954684981084162
1206584349874933760
107471115
1125739287067222017
1073388199
14585205
15747530
440352680
13251782
17025735
472057669
147139688
17106144
337124515
335957136
142431789
284657282
2987122085
1065140706
6785192
17638298
602328030
1217564147308646400
966249372408320000
3121835403
11031402
1578043165
1122713568
233948499
911746512417370112
382404191
154546536
922309525
841631347026333697
88273299
897226646230634501
2756479056
71762380
1169977447
19360883
30149171
167797236
629155988
1037487752743333888
87504411
229370656
101414873
3654392123
721808153722007552
13137502
961454311707435008
2844046045
274441289
1949408102
132531992
2825077411
244991150
3768480746
1350489990
899883061596127232
90083746
19856555
15024966
96154851
33486421
911835690
208725869
920877845185937408
12305542
152372659
1167497054043742209
160447574
356358393
2741692508
386584162
4901487855
1019550343565332481
1004043007551791104
1067318657947262977
1039560985705701381
1375449546
1612233594
37989702
2170380296
6745972
2463119592
87385002
989046408941592576
1060932848431984640
901605476701536257
30572722
466772600
104427626
494200341
22326552
3344322130
64736859
42329259
114873334
2188952251
2409804278
973902319644545024
267256091
2780719273
1662709862
1015153062816763904
877139343395225602
310511211
31787279
206284383
11388132
1269918674
54156664
3151991755
2656708572
4018729684
1071043914537295872
169403525
15817820
7106252
15751438
108146685
79639003
1093035949762723840
40904248
330151669
806065237
3687222923
78365616
1488289106
388649212
358296138
599663002
16059775
43716775
130202190
3377752990
415786964
801469855035772928
47696702
1072086152797130753
944216693559234560
5689832
839056537897340928
1040337103828205573
710810293207744513
850645992
3888106648
4785325353
49921739
583569338
1025363541363183616
703578193
205195655
819033417178378240
532115122
2530762344
857272676309549056
895326811302887425
43881115
2584446865
114548229
783120201739108353
996062376729473024
19238958
21410358
1065319749712666624
17831861
1067860375834673153
103952899
11916882
1069947559362379776
3059409604
82582950
94114237
33664027
75261668
910525327268630528
28670514
128681259
1115501959
808979359705010176
958165262
449034088
15042751
894621695834816516
621133833
831587027686670337
257330342
4881381
837024339761512456
27703932
47537191
447110951
3529991
734667419055230976
11549322
60022092
179237376
17982188
109086082
6761862
26261695
9610222
1317699726
770647747854753792
21497527
40967113
267586601
314949953
4060038253
630933725
900088826013659136
1287607981
751808630027087872
169499714
10034972
268035072
16132687
300862861
2329258855
264960774
10012402
2194490202
905496479313297409
16273417
14698489
950510749
15717168
38358799
55157164
56913725
875687262239019008
56827275
3315517928
2654367728
93434375
2196290617
79402857
20964943
832618647600246785
732944271364476928
17028347
248890902
587825449
186529934
3711771
11177592
817018359015477248
74585358
21552756
9434082
64987228
766863587088273408
15703009
776081409354137600
527352813
17541565
92738245
125209924
10334822
469512010
14188834
605837459
7872472
129595773
462366624
1246308690
742639456080039936
225057317
27761821
16513072
9714232
3667463303
4874289952
10338312
1433864449
49332350
26158691
242573974
15249828
43934803
937467860
3903872360
49490947
164228900
453160383
17053048
48636190
3357266292
29476424
2834858621
575783926
128269834
48068105
252204344
18667519
3039474681
3112544178
14066429
363409947
574841370
43826124
2374445244
212430018
10011252
93668381
14083539
2664761
185704472
14502861
335145634
117074576
389634390
3017564139
14466014
395367768
5386412
27013424
18701056
12295162
103004948
2839325000
1890181530
1326022531
12968022
50674457
3729891
14928625
784851932
133458317
20548683
2469561115
1075114165
157466475
1121591
1732419570
98696703
15528719
1249421005
3007491
15952234
233371749
16510346
1167122150
808096
21095167
131900328
395627196
48843
26851669
114923447
1042330615
320522645
475830964
104462518
52798241
184880458
1316286578
480558696
15640189
1728492392
16145438
50008204
15570920
19167465
210520672
1329887624
366575043
399702592
173670989
2849761
14195151
14246556
11264112
135608573
14640100
49706212
312791445
302932321
59520727
20802091
55206008
14358689
18573182
591314908
37748802
7019992
524387287
473315786
14122413
1790831
330327065
186547854
14226206
14453057
15663547
7861842
603889619
16153041
1248601
501173324
474953343
17670761
798197
37902961
51092673
299894471
360818735
7071132
45694282
35121912
50400934
163960973
16949790
18755782
101325830
101853193
74179291
87004589
41405208
39276767
39281968
55395189
29354944
12481732
646633
17932041
80543
