334461893
257757365
1102763906714554368
1022088572332007424
4034079677
2810559039
1011438486073872385
295344317
1167480817175683073
80250475
880766885544902656
3354999513
273781698
1049214506881224704
862314906544218114
2161894872
1022585088381530113
399453572
53214914
3318844765
1870709658
3350580543
296664658
4863609262
739773414316118017
1420994827
868665666
2363225568
774998477759778816
443427500
128275616
2499847579
932283874868125697
7213672
253791979
712203030079414272
2440258777
893330990285959168
481867656
611597719
2167059661
2741402129
935823614074646528
927233674193629190
951145574631387137
2865404679
3230388598
538974303
381642287
46245868
733994123678490625
1353625675
237051167
66843277
245217900
148518970
103516223
105530526
829365548068782081
1574674273
809067163235581952
3511741995
741250029441126405
4798172883
2281259504
2179791505
523433085
839527468381913088
144529492
84618490
560431626
87706747
405033226
750892662224453632
237279906
39010299
2385131
69133574
342250615
377578645
890829650733268994
701504334341734400
826139157047148545
727813255465414656
2467794799
144592995
3044686542
