1059565906043506695
18326200
1213393033082703874
151193108
940486459856949248
177705432
1198988883104587777
2764750474
923799038423650304
2611613814
23945759
22281002
86837398
752499373989326849
3325342813
1174840468296863744
826111302
54861751
887562902961610753
9334352
724603614531039233
793522644352110592
1181923536040017922
15099561
1074341767
1011287107283898368
112440496
723796032
730855876395958272
586291040
824192657169780736
723667033532018689
1149705162585493509
64092459
18855100
110940386
130491582
345501811
718380512897867776
2869684522
295850071
836548849
2999947053
50374439
1013415776383062022
3068961197
1073313438678597633
2730509646
138203134
3148611379
961376623458242560
707809593548783618
2795501552
114942930
2699834545
369618568
1059726402889662464
16105655
4854929015
830095167835217922
716280222186909696
780753393795026944
798280932
1034395610277920777
6478742
927811690275786752
2202330626
979656585885700096
2657306682
4803188080
3305896289
1052201773233033218
1109091508442054656
936516166226464768
22717759
14330924
39999078
1039457664953188352
1075721208535154690
888289790
395237019
104462518
817074074
1219888003
1084212657761148928
235281681
1068153738970443776
2879642556
1015549349571547136
263695739
204832963
992680893172023296
2753621176
774982216870981632
859816394556284929
878764803099054080
80430965
315386621
2349907753
1410437030
1398900980
3301061596
2981013099
3927581352
24365404
3880760903
3318578529
3242773941
3590542828
2256517141
22107961
260761253
102659003
755740870025023488
963884836162342913
389934996
331776096
948479372486352896
827597844873936897
38413254
2811984156
2251623492
734680821685223424
861580049698496514
364488011
86751291
243627457
138044104
1148488627
4794983586
242859888
2861260789
788766945818574848
781898149942009856
826357923504861184
813286
20451773
37180215
132276160
4241036958
2785181925
1380171182
122471245
2356843267
2449686781
785764172
3198637423
1620604579
4038818233
1863811460
37989702
316389142
2916305152
17336372
525413893
971948592
3381806721
602317143
183229635
1872352194
14681605
17932041
2829829428
34743251
175624200
13298072
44196397
208442526
253536357
265179248
1369036506
15132914
2789457827
21626287
1184647243
13334762
2231179117
16796862
328130890
52488565
149460258
22466220
2425619292
123950589
843102126
1073722016
957311323
1307614093
2348138101
422720800
1891806212
522529826
417123219
205195655
962997733
514759868
376019079
527838270
193916011
379357736
1338251462
17275319
107225267
8778992
188286324
143012264
65160223
246490565
195308734
5857942
15016481
5815392
66257982
167040325
146567174
474657613
13473512
553642676
845325542
808417052
1319063112
21801907
59126394
67263779
113015471
7739722
316327930
3781441
244991150
22292146
549434848
17106514
1218100328
10886
370409954
180310067
85605334
27297131
82511170
1398283105
291810964
178011641
74565929
116919172
115854230
24253645
111180022
