224393497
24678529
17518412
4874289952
9309912
130690431
543531239
45678357
1181296180338286593
50124536
267576796
1112985782
19664663
3304847073
10242112
906918505366335488
1085265470331211785
86916604
133451038
869470217965064192
395195579
3240859719
457033547
69687111
226947323
5533942
390167291
23036965
943435303846662144
2245746949
69542069
377968594
11791512
16909151
806091368040955905
867016915
2203283994
437004031
16097196
90521952
93684181
2545945409
14432170
15392215
4328781
1157322235
1169848770
2831699765
1563737839
321542857
793160329
354220709
912313937756065792
2344699545
16327021
592988806
3282859598
854383796
3185885592
34262341
798851878758936576
570774089
576508413
509101971
790527680961712128
495830049
175336442
522104578
2691127848
17489748
13281492
276991865
2208027565
222023896
143861262
976385299
87403396
111257867
3166738899
166216871
4133426687
64689807
39680368
74433562
2966144379
2244909439
64672345
77006492
88878382
702176755637850112
4733512679
299181505
74286565
15670515
2237614008
21360280
24741685
7629262
2892358760
19078952
2436064230
2298177974
52660758
274626857
105873969
2430946394
3289817867
701059332
143638554
243576882
103837419
420142829
428287271
448482722
21328978
38027796
18083172
3193001701
24509722
96591347
300926363
8346712
119318112
15431118
28325059
87775005
16468695
90488576
5658652
928961
96383
409823
5725652
1293051
13182702
15685575
159822053
15608761
13567
9980812
208212889
571936006
24257941
158524228
8627682
9594362
18845951
1413771
15390783
539903754
3014369394
16248319
38483237
44936786
3379416256
18138734
19650780
835901161
27745459
311844470
323320695
57873751
82303907
23316030
135432930
3244596353
557003636
81599679
845831238
2927711544
229706348
21485707
1209608880
1299908720
207495308
14316686
1583273208
204708003
772183376
17193794
14180249
484214624
767545134
39960478
18447401
47576958
2235003186
322751034
1636590253
2733419562
218162699
77460077
266620096
264897818
14959518
585042784
183764688
168859338
17315487
22484304
111012974
1205013732
166224507
253514218
424533908
755427811
2560078330
2176034312
169885329
48616592
130442779
2494039760
1221842154
361856148
16734880
2370222115
359994150
1531720453
561381871
65596442
2412298471
236333547
96513550
109236698
437722310
2399066791
15889671
255665426
312038359
440861032
277151656
576117655
1959240146
589136575
115618500
516417873
20764533
2204463643
139166979
2554506369
808526750
1484520253
1552542259
256186398
467377796
34894645
543749608
141148136
1471447807
882249870
92837021
1570387056
1379633852
61748782
2566749218
249999989
1688476674
361147428
556665251
2422206386
149465983
1537231634
2493047474
2483428369
52517600
88052163
311454444
116712583
1298896590
291953850
4989651
166965720
1560128383
2361378776
2365801400
71221013
2523432890
111906045
1710815868
2176449073
2543112079
1477985275
21489050
2301890132
932692861
1361453378
29724365
1334387436
21487020
111523700
152896438
14811021
91851269
1903765327
2478657796
2525097211
11419242
140546633
365918051
1448275111
581700607
172264312
21367756
341474505
96734763
428929268
947428190
937653115
119492142
52215940
432912137
1016968752
1878669756
53479654
95043066
342662293
218916296
626481014
1958609198
2329375880
1246451760
314644051
2480249900
48810708
2283781736
1525453159
265418577
593641204
1477072004
135971727
37997001
2248827865
1576828627
2366324393
340152297
1960322438
1724970242
1551242509
927411726
1963322659
72656423
281990420
9056982
2182894422
14078335
205640732
183231868
241112663
620891394
1859747948
858459997
43864147
154299528
2221411812
1412344002
15815766
581852962
726622777
176141940
516529585
884186532
363123685
273615534
85043509
8414772
394229601
1391918834
2207700187
143953099
596300564
213279059
22121436
74733360
13047322
1520426731
158673103
66009150
14113567
2298168056
2201305994
41866060
588517235
155503306
338892815
304537034
1349243676
27179864
15706633
55516821
2479540314
46622603
2502671590
288703031
318818565
586890576
2194104175
2272890859
497207490
633123206
138124214
786013494
2180501296
2327861209
714421232
366592246
1707227096
1137984020
1859858960
539228988
427471285
728592182
436702610
1205123202
598449833
719735953
1583261034
2353374818
1409952565
455630442
760546868
411469404
1077840186
425078541
861041654
71308607
138322296
340220143
1626202080
223860935
347766008
53376699
16573941
468476456
206301577
202570486
618116700
154652598
318444624
106576643
714255966
285879877
109607256
69858830
499886354
414099635
586671909
28870687
301440448
17623301
226570297
159950527
219807531
385363786
223941831
196994616
14309512
485594859
1883924658
84273114
97487983
1024516226
563582081
1657016202
19936330
424219255
22946016
16141969
27895777
631003189
42003225
333427750
19225984
54173552
561998483
256008935
275523614
464840711
620110047
158740345
1284253111
543372800
733475328
769050752
159558055
408345063
540144172
564629340
192741892
732545580
389217404
802631971
417790750
897385117
338235221
380493399
238116150
584838380
526177222
374348037
535328001
732853045
142825920
135531857
431676186
431570309
306663193
531210333
340404146
807586898
322648870
168653767
124430275
404194703
1006702502
1285325862
509257415
1318756519
438586149
340152934
453063905
707294118
152955789
443518396
1324132736
704422873
958608697
507523749
570664445
943377505
322745624
742468788
117091820
491458991
472255836
246197999
833035214
245118995
550102126
828473701
549055897
44636997
555893387
564418364
488627148
636543141
1025308039
565013988
240271733
985121852
73160720
16401322
4026171
6068172
167331686
104964878
128324976
9131062
239917977
229870714
240158762
278118857
138034438
128581034
185986182
230175824
93140318
74594552
553537536
536493529
413875129
22363802
347982162
346396327
25261118
87402769
938729574
138765910
304326439
25319388
294034807
398590984
30626658
568420050
57682960
732405660
13666
342572751
237819619
61206244
41784974
525176255
97867176
16025598
2309381
17000457
112649480
59003
264478090
931543526
338361210
21746890
16200834
3332271
47891027
10388642
10452222
20385877
14837300
50703
17814938
304891001
7184
257112138
77521834
375937318
757918058
193027242
5625972
23746445
12614742
70708813
59718113
19525701
274544433
432382117
7861622
1183041
362286999
2121031
10209392
4466471
58837405
179091585
16669898
260825765
224959865
11288222
187996604
284920439
346814291
39860647
226620139
574849203
19918606
317320877
90131633
497927379
29700536
35651235
197749137
45040068
15069245
282353281
405142873
7081402
7453822
7861312
357210897
174307074
42919913
302666251
25051377
26642006
22627734
42549849
19056324
110827653
14941975
39276739
38894115
119286038
197399777
67827077
217098144
185546987
483043065
125154067
161281674
9676412
150668066
294515090
72854030
166632260
194498479
30628975
15651213
82954292
94171616
14477725
21755551
353806453
329825554
21447363
12611642
15439395
10810102
385984923
39459921
16689804
223176596
797840
15364358
26379842
156573146
394205117
59814418
286207505
77690850
5584132
100051425
60941141
101461303
14444565
466706863
435052514
225235528
15817109
29994318
11428392
95252395
22681340
39235354
15549032
266763243
244258183
17898821
211089576
19029296
246418144
446875144
113277804
23768152
135156210
22946239
49605284
94856361
95274623
24214634
91089157
256672432
369550423
119004842
17402390
407971026
163232628
73986605
14282259
33626659
221730055
304860764
104783858
163398601
148318132
21850186
359313655
89423223
300164617
16113474
162673630
360868754
153388091
68968570
90587587
329622822
24256941
423663164
281964163
278735669
357705521
297381122
14089085
369376469
318669307
18486865
365995921
248141342
47115733
54658540
437658492
369137797
396782409
408392652
205496495
14525190
317730662
155260668
14710041
105205640
217099640
95181036
66284452
361068561
382073377
103815055
140189793
101487489
417765150
58838369
93877517
250737379
237752653
312840529
155980291
427240998
132837403
14152115
351646203
22389670
214096463
392586738
30491038
75237155
386735986
366773843
394860265
112506286
129414468
76012896
41636599
436069847
414734152
256186767
155633476
172622580
323070185
77172169
145285982
340812097
302512560
258941377
257601373
90836268
435072228
311573623
70920257
283626082
382176541
378861344
412162711
179625647
340214889
245297501
179966461
299306545
199692049
165930586
325836225
1874321
15822191
43666227
20674635
13445742
15134782
7025712
268847164
16864488
179888851
102053249
356631528
369137809
213888126
20902046
76158324
395831844
38488854
296242671
17337554
145496738
278546040
6596212
246609953
236487652
243235100
72102866
22559803
118194008
23800814
148030962
30483590
215261667
250160336
381482050
21897587
89604563
28706024
245029489
10309372
48286498
43105880
6525032
16527332
14699626
14845363
55993
7105292
1104311
7612022
12815
621713
814641
813286
868751
4490231
81332124
74112480
15046342
47354043
12702812
8759282
36106061
19985114
15231287
146043603
65079094
69382909
68673135
104237736
108264853
180505807
226517583
5442392
16622151
126198709
126643248
54564996
151032853
193690384
25124959
708533
134351581
160130280
144836337
121076746
188687691
16353158
132666245
222095731
57356377
95617396
234441350
23446288
35854064
80943908
156908776
208423958
99904779
194102524
232950248
51861460
198602188
20641633
14773964
28679692
22293842
56481539
23737582
32981735
32985158
15166316
127431090
75206471
50515656
187897987
93192819
180853131
8039442
131917943
17093617
14218239
179452271
92539961
20374904
50393960
102008468
101263223
187844935
15468594
14617335
20865986
140928041
26504260
52205948
2881851
90420314
104464556
27697774
19397785
61804151
19061370
14413715
10350
30218672
10282962
1688461
14203895
40671362
11474392
39560610
39724357
816653
657863
15846407
19554706
19058681
14230524
17461978
18123297
17751970
33313047
33195214
37910939
30181017
14811388
14074741
23498005
3366641
14377960
13512142
793772
15243880
14413075
5521212
11981952
15354259
6199172
