42644393
110244676
1239266125105500161
923506816948015105
817083
5574792
1131195510
1073388199
988465844
2756479056
45678357
7516232
130690431
280477264
962517114
71762380
10368692
153158056
543531239
34698700
942544632898080768
274632397
72942381
18877255
41485866
14387478
1116456197975158786
34288880
1790831
201156529
984819646082797568
168898353
1121245539910086657
3910165539
63819362
1187113216800952323
159190716
60760075
732227203929374720
15656207
212475110
16597587
1209406800
1012308064136024064
79923701
1371921
42232950
38151278
27915985
1512446430
484889234
41148474
3595439354
1624141777
2867502310
17735070
1150803409773182977
14117880
811992093904302080
95543460
5610072
125356138
2789208758
1135180545489588227
2587528063
54295782
872535841641345025
1107728207338307584
22159846
8925602
14627400
1094389838181220352
3671138595
744266275
82363
723010754530566144
6440602
4541644835
893486933527154688
705330458842701824
712602008105066496
2192450400
97114171
18322014
15675166
293057271
27093292
253449166
177788470
303405041
282307071
456992870
787841943128637440
14198865
774575
253350725
138203134
28998822
14452248
5812732
3422140049
24916485
77908845
83874211
150621067
5443332
1040280623276015618
896486534
112510597
580519941
811989608
14945367
864369849467715584
929399289436147713
1538841
13805382
963361056805588993
21313086
989316882422353921
15723022
22151193
34428499
600297900
51529520
853612564839768072
11816472
925819157664366592
334246622
14695816
9309912
308419468
18140672
953304055337668608
428058083
787237
2332431056
784575415457308672
9362492
201262607
10206972
48843
905180649824280576
21138644
3220089740
571202103
26548315
101413864
723613712783908865
714775800
9147682
1483245362
7037732
10325302
1540951016
14325738
2572455528
26486972
843771913231093760
16329099
829353899094114305
13393052
3240143771
813286
1536791610
3118589409
59969802
216503958
1065995022
1357836446
2868168698
2980406963
14804579
1730024071
14762589
62007907
159822053
564607037
377575427
3959153713
392762750
46637873
44562973
19789439
16130949
4874289952
14055926
15074673
67985833
4783803219
719962247032938500
229502009
14989163
168832405
3450294202
2446931507
72437541
18721927
775361688
11547582
368711188
16185413
44104818
13223982
14998783
14509080
2180170945
11439542
3380973898
633385022
372548499
4411041
226222147
1369230080
583450546
1380198374
94133565
29206226
61792530
198261492
12486322
311899396
5973972
1265546486
2179734534
6655612
2292054104
1286116932
337598933
24477419
102812444
15682571
2921047735
301006180
41036429
428333
2436389418
14334721
14431307
159252162
56377143
163853677
4922591
40720843
2515090176
17925320
59085158
18744691
3649181
8850022
2398413343
14079705
14744668
110368132
2359926157
2242368890
1725549158
14362098
19575406
56806537
2439176996
8524892
17001663
107838271
19682566
129010515
96179624
14226206
628562704
59911425
2326692570
17232315
9181042
227492981
14306062
162124540
7381872
17110946
14475559
44628727
2155773655
18088152
864771708
455907175
420160649
1273783879
167234557
253774097
260320812
1019381
175091719
2648921
583938358
90992943
63679167
14264091
818155
6981492
1571270053
18278364
1120626926
567665280
294246919
15686959
21138386
19058681
46142761
186309091
730373
11277042
5746452
16076032
152862026
309399331
41375456
14834340
1225714694
770729
22387220
17877122
8962882
3034251
53298227
363924887
10747572
7768822
1172114359
156328893
18088656
523348030
14983480
15473958
394955938
797835
124036182
7736942
177312880
20536157
5763262
1183041
386039091
1586501
14755229
22223512
736919767
14639127
40291482
179980965
4641021
34684077
54993188
5629292
3144021
199992378
602317143
67090241
23637302
710023184
17087876
17112843
14955427
31409138
11866582
588776532
7112242
8620452
17688537
14862767
23863969
57265653
803694
1554031
132051240
32834433
47487925
19041500
36383929
1623
15925466
8815922
14935521
14642896
765548
14839109
7542902
128956175
275297379
19744411
23751864
14522944
112447954
65523331
14804841
15049696
122177837
19037520
14876847
459505220
273197054
15374525
787239
39383125
18924866
15300519
54631433
5874452
16809678
15804774
19562864
14369216
1186
18019481
21996011
92623
794885
34778769
18394443
756129
8954292
17637441
962801
14386089
15304145
10821
10907052
15352541
18527363
12781762
676363
10649452
14115895
10769742
7724212
12208012
1196431
15645662
116041517
13970952
1252901
15257533
7586922
2730791
9534522
17455917
668033
14145912
349106632
14053823
17825445
49420481
14106829
25845086
791300
7670202
8468632
18308817
14691367
14123181
24459880
2523321
15376576
229175418
81180767
14053355
62168954
6397332
15005347
26701478
37118086
17231093
16315894
18476766
70814014
291476217
36093693
2426
268381487
42979532
257029897
15662883
20929258
137377689
169015850
14124866
76568484
22398002
5037011
19539314
81961201
1389781
6140222
51167925
17360375
35592163
80589255
2937071
39494146
16395449
1594601
19599604
1068831
19893048
50438579
188973925
184116103
15184929
191922531
80740892
6141832
49465463
4690301
15446648
814641
20088765
17518142
84351228
56884542
17827661
1979591
898691
17639049
9151782
26018264
12691112
23554268
15398764
12811302
6998432
793351
2729061
4400681
1235521
53953
61233
2566421
12797402
8692942
44423
15175773
813402
18060808
14394279
752133
23204397
16213093
13235832
11388132
143883
26894723
16144702
3741671
2384071
6595682
11164402
3339171
14457811
16027672
823825
14050728
14162990
16228479
15914226
134072288
62898015
749583
60057818
15134408
7618952
14816103
15704940
20518767
20518910
15916293
10105352
19288656
18233963
22444948
823083
7617702
18484992
17093617
14421746
11767072
49010775
1694961
14090713
11068222
18137304
9696462
5562702
14359325
17448194
779627
15488482
31513735
11581462
21144147
18525497
15866725
757043
618593
17932041
12627952
7861842
330093
2276111
9407242
14118534
14706299
14228881
10195362
823621
9316222
7301572
6424562
11099982
14716967
11397322
