1214207673605869569
1483064670
183968567
10626512
625093
42533416
130690431
177788470
2892290399
628562704
18633621
79018674
918804128704401408
19682566
153201482
6998432
21594615
2856932848
1099246202208555008
274034395
116854630
1217433309397032960
14128688
16514225
188856560
624152256
241136116
338255079
986517289615970304
15168355
686993
759385489
990708696610103296
869031
16033267
345882217
174606558
96435044
1291794541
156967608
3524440036
588360385
3065648937
4273813048
38695774
246
3040808410
746805001574547456
299496505
17209700
492964513
14097375
2724290906
570212160
368342581
6468172
1093835804433137664
221323368
22061140
93644278
17898705
390852813
351038281
758888
2511321
5940772
33861711
968464107505639424
19971767
3241740251
4043080882
570965885
19316113
13234
922943158434107392
39326646
26712390
3211941287
847811530963996673
224237550
16240585
484759041
2180226900
21862314
1274899759
942808997484285952
157297799
416976572
299234123
13664782
2619096480
1026856958702374912
1090384092
1199019584
134939074
9753882
2318990509
93918341
1971598688
1889851032
1345084453
15460156
351208259
1524775891
1356687698
151395064
3247874679
1036969747
2873672135
461415628
378445071
18186092
904732131066249216
559429970
17777121
345838923
25048610
18021601
738491831940489216
16623343
37895085
322571309
864120276396773376
111682807
11936322
147693792
171656580
506431015
187004225
2244261270
154728929
257153464
440171308
26608872
1093221138
629133
16931121
11512012
821082807221055488
868808738903339009
107704349
2883879059
14049192
26089498
1603409646
14054507
214211661
543782573
863320472641044481
3186254252
17285251
2354824892
796811192924770305
14712445
20767271
2881086479
55595660
1939831812
43777167
712342904187047937
75751885
19178405
95096499
429932354
313381067
1856851
4644356835
3497941
835252426265481216
2231652847
10208312
16837707
16096271
73368119
25843787
16026293
125090015
14784397
15022225
128966203
719238952268537857
420721155
479706186
1736417780
2723536086
53023115
373564351
14700577
398290785
1041238404
19444366
2338603154
18268123
718416021426712576
726613
2801745772
389561131
3345421175
3245521
325100970
761230345
813286
14368342
28049003
14932460
125074253
14762984
787414322570035200
800728449786597376
52387673
78003715
20595853
805365496006721536
7109112
152656121
26737335
533327415
23736627
130478584
389523258
155003159
109081754
8592732
10776522
22264972
118369716
23938674
98761071
999095640
15873714
14714934
2178242532
49573
15909805
15366608
97944049
146203952
144605504
131531865
1586429958
129822352
91631148
22905076
2511994140
453777691
51022697
12830
19036294
190776954
16594476
217770338
100084327
46070900
18116495
3354804237
19498386
232397740
382225640
12089792
4860637105
41197695
2563906424
2490399938
18907289
244979377
458339195
3817497202
14942191
564542398
3331760920
15873993
8055642
711975936338632705
18311010
20757469
12362262
168537772
1201540369
4818480742
13138
3215861
2475801
263617339
203862177
3107896458
1384660988
98873458
31084980
22481275
2830254912
1072187257
396536542
590152667
24193728
19063751
371671761
1311688130
2995419231
7556272
22915136
19787080
2826505214
380863305
107073954
8905662
21020637
14711491
2452007879
3526772055
15158736
7489042
23618873
14068788
197035324
3611238075
3407064004
16735730
61323
20166621
890810480
318425640
205397166
14717350
142666422
48701108
17441030
6549332
7553252
15107569
2693128957
15431580
16950004
188912866
1277779112
614419104
21499071
193085347
9142642
1543159292
47908111
92475907
26300146
3239460028
4131040766
101722600
1438495220
488399009
15658929
2399649819
107977792
914212062
13321042
9848912
454367384
2466453506
17835336
146428363
342981553
347297521
63679167
4609
595978668
14375294
810623
7930992
23833666
23231293
12819
322777832
6721492
328203
1551579763
112753821
210570893
1520477726
1344770017
19266986
19024202
14140382
3324713537
42976480
2919557183
3320919155
400148652
22506989
17053097
56066600
13102902
34663
240253876
58213
18586031
9910452
2482685436
2472630098
829453380
3239206569
2304720259
69103
54249566
121374307
1232029844
2366194867
2983206962
17995479
1048649058
561105640
14586249
14415338
19848338
72048564
18776131
14424551
2182880005
20804218
514471394
160486444
96131717
1895397547
49125561
376292196
1238630828
517506277
142061738
271465687
14325820
1613008987
414147993
147524472
80877749
177278172
15957395
94763764
17852787
20851564
16681777
19484123
17656206
53668731
802952916
2886122134
23788480
22037982
268941409
12033552
14722419
14072241
761200760
590028992
2974888011
35943
1464355729
481997010
2791362329
19068604
23368319
1523778422
16947909
19589695
952097893
17152092
2383979227
32124032
2809629301
17905450
84028448
14340145
1092795044
22369702
790513
56117242
267142458
13717452
9144552
2377580396
13265312
716432893
18544024
384239522
14422775
275072852
118012929
2301274070
858268838
37272823
108436925
347784852
89598546
783596
24516055
17779567
16681276
362343279
482086200
20844736
13504
14335160
12043512
258331364
19188103
16369563
21927673
13486
14409295
7189182
795876
1126792728
312228862
696163
20938588
7036162
14257537
14420881
17213807
163985199
2187175078
18897186
12081222
8145762
18981723
17454047
14164249
787166
191387180
39438268
525244083
12294
12029252
50657936
160609160
24383054
15127577
98699643
21224773
16844254
20524840
64482503
2282047976
268349503
28809139
17481977
21756045
18951490
212227711
15399031
917028164
345424261
206334465
13145012
132490215
19609660
913879382
1042547184
604674459
14830173
637026550
415493563
57615764
887879737
468855480
257947815
285144044
17343531
390087089
40471144
228635323
305109724
856226875
111312329
198612962
474317616
602249341
306250660
14123701
486493138
372216965
25161569
345820842
145548157
287179949
19599467
128555095
101773407
200456671
89783023
160830446
14276654
37696398
17879299
325088778
322606886
16809923
528671075
17339768
17880417
26012202
14823
556849608
20951886
14328045
16676070
469197970
50445229
791766
41771372
18508224
19546304
331803536
19546337
256485549
542486874
93156238
33388399
19966557
93823754
467210600
483378966
373914078
15178584
339649155
219638580
289311562
164366124
375582570
329927947
29985526
29620091
344059195
16897688
287832433
20579049
14560569
26977583
21250944
289226561
161634925
26521047
136362842
1051171
26279151
27860681
103275252
