82363
482708367
84957890
871866650244632578
1115374579
1538841
988465844
7106252
15040566
2856932848
21594615
130787220
256900512
4874289952
284192166
745582409257713665
1073388199
23863969
110198955
11902442
971361588
942544632898080768
87403396
84000178
9463342
1175630204787744768
870364054044520448
2648921
7516232
2276111
18340108
22848759
623023142
901773635962195968
892376954678235136
15300519
9309912
104616026
875349400930983937
14585205
9696462
203558650
3129095903
793351
3595439354
1209499525
3015509723
14898461
72678227
3167301
14053823
16130949
484383803
708836744792117248
216735143
2789291
17465603
14662473
17518412
18055613
953305718966366209
109086082
326511843
2756479056
14993466
110244676
2820831370
68442845
17277285
487623589
10368692
59627487
194643555
953304055337668608
933140228960858117
15704940
192700558
293850289
4318561
3066069190
257618993
762093631
2172
18393773
316389142
3060631
27723247
11518842
112243365
52825075
15026389
870447184415604736
708730294820470784
3392705902
120235001
4083688114
838217220127764481
816653
2890961
717313
1965470023
115763683
30109507
14075928
697893
3318172339
61759397
75319706
26304514
496249254
192693307
213282389
71762380
2861396853
5392522
14353392
2806000111
408847389
20250920
14372486
7144422
3005303039
15521075
5415182
1891806212
14706299
16809032
2923723109
774295855
19515424
1249676186
838464523
1933042237
327672977
4724407686
2774157674
2893534115
3331531979
75802030
3322180229
3137316344
282392576
71273952
457044399
2988902495
476194486
2790794380
8963722
13215132
292092669
56417521
225962422
80937511
31353077
39857186
48690154
2353651760
2149367154
42035272
16027904
329806553
47192420
14089195
18029817
480035350
312860399
16017475
21276856
14717343
80161779
268492918
43191012
41196442
27240352
149216211
48731199
14678740
16198559
725432419
331685869
287772797
106459663
226813554
338176400
567661385
1517974249
2174664481
184923511
38724725
556919814
365531764
318884977
361397741
222175861
44768529
57240554
82889652
46703886
218358754
63898127
180540375
4620451
20174643
216799227
16129920
19697415
15962096
16848539
32833303
14824849
16303106
34556109
35184346
14348594
101008987
15143478
7334402
14506253
21456195
234215737
30508215
21389602
