10361342
1171325918985510912
2665301898
2821179496
1082014807161798656
1099963638041976832
9524342
44320986
2200517652
30284263
1073388199
177788470
16130949
872449766931800064
10368692
284192166
99085485
26325828
2847867255
33884193
7662312
17735070
110198955
1222641804635447297
1217558172929380352
745582409257713665
1205377568511279104
2315298470
972584415397335041
120877181
942544632898080768
71762380
241702019
4748574370
65018257
553557115
292518772
556162290
3167301
245904060
1595601000
784425143783350272
901773635962195968
16153378
917805670459682816
388507938
307941861
82388403
3125154047
971246133338165248
15804774
2754746065
818776501617393665
97030663
288426731
62963
817679733387358209
110754233
14335498
782973815496192000
1029222468
788294431317364736
956832368442118144
2951152570
953304055337668608
1219800504
5874122
959127998409699328
953305718966366209
2423532368
10680142
1886858924
295854911
106807831
819185036
2278922576
847017228033806336
35472117
784488566
917583293838778368
2978762543
1378000488
912788064082255873
2396804350
103619522
129842597
1113698070
875349400930983937
20927633
2480079168
14815775
889723445059223553
195814782
874385255939133440
34698700
828358433648869384
344634424
66116319
708450066453893120
102661351
1974233137
2499235068
38180982
4363075463
19070986
372806711
718910384158208000
705694059692736512
703084614
1660775364
1405859828
789503900
994193005
25460615
211167741
503505335
60765383
2152323231
250250759
61593861
3306992085
267924506
65655027
6440602
3317248407
65770439
421750091
96075778
110977736
2354625186
2548540801
376799707
19818997
322889267
85465037
783687500183273472
15686768
35568047
27270779
89907746
1416622795
13668082
754860209877688320
4035503243
3242495944
3320478908
494308508
631411815
769961487926431745
3110001945
19725644
222743225
18863815
303332450
471926670
21390947
168554230
124176050
937554877
28666796
230116996
11904592
281965700
701211845902794752
1466876120
2299482224
203200261
529326392
69235872
250807201
256889809
311979693
80806505
589492623
4284674475
2735246778
2775624237
839144408
3760822942
3762799403
191225303
63873759
302666251
132633030
2904899867
34036028
494814659
3958130915
483192121
828631962
15901999
2873599582
211182326
38381308
3331140759
3419870565
1114568586
3377257439
160476060
3003455115
988306446
22399963
14360894
30953437
61501104
29290365
187051342
22121422
1074554173
988465844
416909756
40655158
25670624
487623589
115113945
816178
1947563334
102154232
2557037323
35369214
19950500
90084099
131482972
3154252605
524950034
2830106367
3091376321
3019961223
2875452885
584146464
217337352
84645307
362565198
2369030473
108099486
87408443
2578256592
2858807777
169962449
244248429
2562038690
541548953
604471570
508797432
253536357
208442526
1501434991
1076959928
17754956
1325475392
2841137914
297047872
246362099
802939002
80096621
332638587
2150841481
848350633
68442845
81166420
550495369
278940835
2720862383
2496939512
481930317
320780035
482848415
109488608
32379204
266400754
1075910966
84108759
72223334
22548403
330314403
352254351
486441199
2454980005
2717553854
254995492
2260749054
306797582
196959345
2505385441
43310939
755707380
232821361
61879392
409870917
343322279
574714480
147931815
2647469478
554761682
101798589
180463340
178812809
1645711686
20909329
941365410
1289327088
499183470
15485441
2464940786
213831646
96879107
301114702
391037985
75974281
47285504
65289126
22677790
47786101
602317143
104969057
1660468830
2396839291
2374228183
2434179549
20014300
1112757547
2394148117
2344955576
110231838
1249986044
2327343992
276423536
2259787104
245830774
2265063510
6719282
6102572
2192588095
1662959274
1190199326
2227507134
281476114
114744371
1458260101
99961556
110843942
34266199
251172383
273393605
22747978
62290422
1371634332
357710362
599755076
2231839994
281930527
789634196
147301013
621098458
1770311
443695052
404740528
186154646
486812679
1245719822
293585966
411067822
282612567
255218314
763841
317851648
10788342
24807616
215060612
875653400
1617207282
216507103
302067103
943292100
378171907
1875465913
15661871
103549232
222626964
29038088
303464155
220389772
577877002
117685951
62513246
1252778102
106831009
46475424
20106852
382267114
74992460
253542793
44992826
220299921
195696910
399005744
137671936
1448980297
439462941
251306455
52551600
133880286
27042513
246229685
191143493
569018955
500042487
133093395
1229796792
16548023
539531707
1040480684
79293791
411008822
22466547
524612993
1344376596
18627400
1347535909
524511653
1020465554
475294381
40139016
111933542
65336010
141398129
110365072
1002083324
372984108
1128221834
95929463
49573859
1267901654
574168493
225552221
280634365
251571205
1241254742
553689508
114249309
1168518632
1152158880
208481777
418259768
262883902
166739404
364188989
1163990228
517423198
427630503
276533251
992179513
184870932
241601695
413054388
98436192
1068347726
277091805
386139035
375634131
205283764
301582652
192945691
415470802
893082366
250620677
885354775
286267615
403481083
122216155
597241161
480318003
973890296
314227855
452545087
213617686
102646663
130766716
68505247
949651250
863405239
296776598
441302792
379877547
303958271
249196966
24296476
464247206
14749606
535959652
842532966
756643854
17185251
592163218
500867849
59524045
21294797
377238242
243380988
468792419
738930888
353274381
122556667
571122658
534808225
180849058
191006067
379948791
616137260
631161041
5854732
611986351
230537167
365243586
26565946
90991245
275703955
398306220
600068147
423796962
17267662
572049370
486639039
19523258
540238511
557038888
377403514
329772820
580245083
66389143
82114935
182764833
447183232
475585621
564137305
187428929
537003811
10274252
158185927
96790991
516862756
209707478
87561153
58545637
109312765
415478876
171818419
532705836
466465834
521693743
72644483
463410114
96882782
4473901
157955995
97008115
476656114
263856677
480673736
288308783
465948140
249908983
395882999
310218717
456934280
410206390
258922923
441766513
105451020
45102621
422975699
17267346
304555410
17777882
382111314
270011594
420967996
413790995
270543139
407025960
409278438
290827763
409492129
380339230
338899906
402863857
283098796
393456017
353888586
127340363
275179302
58945663
184911321
260426603
384875520
352452556
240243022
236050524
219032922
186033729
350978846
229271640
351907607
184742291
360271587
366015104
70369262
166772945
299161588
253499949
127958577
298654175
241510612
259792428
219717926
305781933
296880557
246350496
257960193
278213417
295771552
293559705
187467543
251579322
76010207
217017451
103982389
274060452
274054714
118178184
271076210
264311212
196629105
270504703
206625089
220935797
197554085
125792015
195289768
242796587
242991914
227803189
231099481
242414858
235545654
224397294
17406297
156932849
216979418
13426312
209780139
211709207
119332943
39508740
111275676
199268188
38466068
122089221
185373222
189502958
185274814
180766351
183987146
186407559
134682397
184018871
62617523
94139608
6809022
104658531
149823600
178298113
701203
7819712
16611840
81650390
113512735
38850333
14306573
131587159
80066696
123399523
23976386
54711948
99792462
14457019
134762047
164213765
