236948620
1198965296628785152
335776639
29765369
10361342
2802359066
3300817955
624340227
3422200198
228794947
29584571
14139773
734010048712675329
10720602
1082014807161798656
393500526
14047360
880442059391475712
45297280
53253
7056162
49921739
6086482
2394063476
1029222468
877046059
1073388199
1222641804635447297
3064057935
11366122
1110853373090238464
855552702822133761
16541865
2159566136
7681652
527094727
1192402257406500864
363174189
14612142
1091300281999073280
346728386
62693665
21257028
1616146291
8062692
1548475052
2231485591
36158849
18179811
72575018
329179614
27227212
805981577729556484
1618431
15707225
1011509867272495105
124036182
214319571
3082268925
237293113
396468495
887257803555000320
525402096
897477491425648640
15040566
470343010
14455530
1365535615
5524512
116854630
767408432777486338
3284144886
16821279
9362492
1095598611767926784
1622701
186058938
868069450062454784
467852551
23554268
1188481708796076034
2212083289
312881016
4217023737
13216972
1092971209195630594
14120402
1037032794013278208
3365618279
3408521
3155105136
826886647644033025
284739139
407310786
393297795
821324863
57308239
171838948
994082542264471552
16205746
49174192
45094979
2813398537
3307138813
805981402143465473
715759668
622718983
966313275192479745
15662351
31318889
15300519
21988767
767920915149647872
1526345940
73629907
14325738
215418306
937761753357676544
2421828871
104251121
6998432
1329644144
109994007
94133565
14143421
55057853
386505090
1075594963696545793
9309912
793351
1080959152493481984
15704940
19260808
403608779
292518772
94893733
14804841
786270478017007616
190655084
1145519597703127040
6623182
10737182
138438431
208581766
870541
14361975
192543101
13459532
40030151
3167301
1353259867
284131739
304262217
87717624
769603650180096000
14898461
17170196
429402457
11736872
39377743
22514616
300175622
1111848346447200261
132851687
443290756
228912691
908264588231274497
14702716
820730714345902080
248961109
63819362
811086947003355136
199013671
821309471557296128
122030189
14563437
137885308
1530096708
99949871
462089689
3852105557
1075512315150102528
14706299
81538231
933244845149130754
1092772260467871744
14816103
203524205
23044405
6898072
111217362
16329099
154479578
211181629
15234407
45678357
30177862
1045705732161703936
832639920485175297
745582409257713665
17287251
1081670517495660545
14585205
1054424402803204097
112805376
3073584767
872449766931800064
14440594
16887172
897667658744606720
847190167542652928
301457222
19273909
5737
115275254
20104013
711493
27917909
10510522
13484822
23031193
7103272
765725320636829696
165273917
184634535
130999128
416050185
235557651
52229312
295409117
3058852306
824874621547606017
752545281221095424
750981203809935360
2744671017
246710055
1087477030785040384
417748671
2615036726
62331512
1251785438
166667340
556162290
745629067874017280
385570796
16695645
2651405786
308901252
7340612
253449166
10680142
177788470
62963
2956929964
1209499525
328428297
27093292
16130949
216735143
3306992085
3087474989
3425881216
335250703
3979375754
15970050
111767172
553557115
309241093
2557340377
861702441569361920
953304055337668608
909385476657893378
110244676
1915534530
2423532368
71762380
597298742
2244994945
6253282
101280438
82363
1923710378
529104579
2573880420
365601773
179040857
3016684163
958265620633661440
1009377066670788608
741161829548863488
2420931980
1668100142
4411041
487431639
869120650950168576
34698700
1219800504
788294431317364736
66116319
495148382
2759294927
316811328
995329476
105124235
749170170413940736
242445577
2301942487
485981311
1686957282
48350972
427418593
555339278
485830776
425347593
68442845
103549232
10368692
123635348
109527866
14815775
6440602
875349400930983937
959127998409699328
953305718966366209
912788064082255873
942544632898080768
487623589
