1238887295446593537
1238775313468981254
1242922931249799168
1222641804635447297
1239297108278214656
9233842
27794232
1051544982228733954
14706299
57308239
29584571
3160660247
228794947
1207294479893446656
2226506654
1229079499859537920
1174719478644367360
11902442
1217523182023905281
17488992
7617702
70132580
715476691460558848
877046059
314846260
4759631
24877257
255517813
19316113
18159539
130690431
280477264
14826965
872449766931800064
1068962334390013952
970665628750270464
24179991
257600962
1102572610095767552
94133565
5574792
235348644
34743251
2905440476
208794216
918794735753547776
125358852
1036682963625406464
714775800
15656207
1152323328
131420585
3355484951
707902006
183286926
45297280
1552438284
47350584
113963
411322525
3121593994
6398252
148914440
706022513562787840
21586240
14317217
38551598
5676102
4142166431
16517063
11936392
3194154629
28794043
668423
13895242
12342812
877900122159538176
676363
258020873
807443020438269956
4217023737
1186164233039470592
288426731
552951614
814641
1129766345896284165
7516232
1176187864809295872
34212459
386102380
224627512
519807924
80881027
137885308
731717526
20410251
1091375418052100097
2735246778
259927826
7901292
760485474007937025
14993466
117629461
17735070
23863969
3649181
2753125316
413898659
4505521640
3345514311
5936422
268206743
1014199723031449600
527094727
200197471
1063463914904670210
14246556
1618431
1154451399352160262
966313275192479745
556162290
17057728
8692942
14255979
853151395351937024
8104532
3514624529
29751357
1009137865668820993
805981402143465473
87744974
15078427
2756479056
1142520594593767425
937761753357676544
308603327
67651027
1151272578993946625
861702441569361920
8592732
1423952466
1075594963696545793
386505090
779627
880089745
556678543
860091357100216320
1128452702470459392
161328883
722809850359492609
7058202
71762380
4697640096
380284391
102953336
922943158434107392
739271654920978432
709644992
409823
401679097
2726913188
39377743
327779505
4700789424
2732422537
3146875712
86146814
367205187
382489438
4889591435
1064846019245031424
210001639
1538841
266212060
31435721
13235832
809127901979213824
14306062
9362492
1045705732161703936
302314949
2543178203
428058083
67430296
370552857
343620571
8694172
1095598611767926784
1099963638041976832
3249871370
2460368252
933014576647548928
88273299
14120402
900981601177415680
34393886
11904592
23036965
7861842
240117655
990879057767264256
1075117617646592001
154456790
1073619496575909888
20731304
109914762
16504970
261272122
2512683048
1560269221
1028822489500147713
496217288
4134255287
532647380
1003944397707280384
1018979307815886849
997385304490283009
15002079
1365535615
2154487868
1004282230796095488
4280096173
14698489
14139773
326511843
66116319
15300519
1648999932
19286613
110244676
1011740880443604992
1023974763486564354
458480423
292518772
19058557
22651735
14898461
2296786448
1038034014987272192
2644751682
45678357
1036510764738244609
870383663002865664
1425034364
1209499525
2892290399
962081598395924480
1026496926815055872
34698700
82172798
1019381
82363
732325399875686400
763102211639537665
62326375
998282257097019392
920024604277649408
901773635962195968
35230061
3419874485
3332289766
3060359959
275458349
309728195
2751499541
760515512577224704
101198215
586043084
3834907635
101280438
847190167542652928
991733961222246400
918804128704401408
9930252
970802364918779904
2585793179
989214770262835201
22563060
267245360
141721058
3299519009
10656282
2189541
2480951
9309912
2175647936
4958621
17465603
388884371
14627400
223567034
14325738
7056162
817417121743380480
177788470
437581554
7340612
256393714
4038854039
16616519
953304055337668608
2170361
243331145
17421364
14084530
3382999846
301559050
381987422
3231054427
2578317763
143013250
14270140
15482223
953305718966366209
3595439354
15702706
870396969176444928
6140222
15704940
2353378285
33652466
260385922
15565721
10680142
14073560
22514616
988584625
3429891485
122455228
875349400930983937
104616026
2348734784
2831516752
393280641
15317247
203558650
850079111657779205
923105089971281920
9385792
143770381
830765147803308033
872752524729647104
3092351435
3082268925
238971932
912788064082255873
18587443
556304081
376825877
1029222468
2891322620
1286116932
393297795
3836635414
4349106194
3373812033
18374969
2463421092
744463
5874122
784038868827922432
63819362
845974635585781760
143593648
3401738590
831201921037979648
24701368
327285445
801054436248457216
874564308159672320
74532393
20905187
797236549012197376
18328232
20416077
4877570421
2878812992
788294431317364736
130581275
32167968
3180119743
119390492
794551661075120128
11176042
828361853021646849
3131324440
843861275365068800
138497820
6544052
829353899094114305
786887834196115456
730772254536175616
631447156
216735143
761153947990097920
813286
89185308
22449367
3240444681
196737668
407310786
278475688
166086230
57912723
362565198
2338108773
38708784
23554268
389544877
1173685621
780487173686628357
304262217
17676279
190610668
47402166
717306677
743235552128942080
145593471
171033390
2387103786
73437080
2987122085
1612516248
242935881
259624663
27973833
205347101
2584505473
103086746
697893
1451773004
62829259
259958479
300980950
6839832
14273689
17913998
77131411
4514266227
481478260
2444425802
247891692
718910384158208000
23920530
718460263196921860
243137870
51861120
5159271
14716068
16875393
2164364874
14509080
701814745389735936
1451085920
784165
13588462
199728816
14048192
165203612
210901579
4823435710
447719375
5524512
403627863
1247437484
120118721
3125154047
304679484
29312953
2788522289
8314612
17518412
107722135
2597563076
12691112
1053951
2827151044
3335209881
5937492
14702716
213314182
10720602
15088181
2648921
215723964
9551792
429097204
290522756
6510972
13688172
99729361
27093292
3841172777
2282723228
1622701
1530096708
3657293783
37746280
20639941
12408202
14421746
15481730
3365618279
2851944063
22572168
32374740
14997224
3157881830
143981433
6703822
2548509955
498953250
348980987
2887837801
37632738
20505530
15005347
46609398
111285082
318307695
47700848
1617208693
14585205
2542067612
16999848
144887204
15383212
152620370
218438603
83337141
44259392
20760565
3301820321
98842357
3300294801
20430048
84512601
1012139203
16236094
1254544004
130464206
131182801
138831863
54534102
2394659352
822215679726100480
1536791610
3017664915
496906165
3129606347
15446648
14971917
34515613
294127712
1479361747
2423532368
62963
2384354214
2773111
9723932
9091262
378457469
147195785
14252897
477548892
45428361
12661722
2582764214
132851687
123941370
2836047989
1019188722
417748671
54835129
185209145
7162442
437359209
2218601431
11414
10689302
162321873
195684037
15643888
2254873309
109086082
180960841
757891106
1129071217
2793939514
1355771341
19587559
249169195
15998527
10469492
42660168
9473582
34620550
188943182
22545571
800272760
242396741
408847389
2455468580
752133
14525080
167352177
851532960
14957582
823057
44953355
601848129
19682566
2389069947
20735896
15662351
6998432
2979430185
2644902517
17772404
2566421
14602130
207559129
2923605575
18136342
49921739
2892001877
562926380
3076721
2831514986
8123772
2846455025
2673612109
309021894
197193305
14459709
117377101
506300156
821970349
41691452
335965862
41877834
3705121
284739139
16361323
267089796
2667052088
1705217731
295202264
131872338
1615618795
427558048
17738431
36019902
107471115
24384795
187493329
84311243
54893
41565432
2358138127
201670103
337621819
2603118734
55630951
163918717
2377573219
116854630
138551142
377322205
248655375
1371634332
2493960444
310776085
2485285236
26288129
380417362
381345953
106533601
92327917
15313850
3307471
14087496
2252300510
15263479
325437911
9999122
12088732
199605058
57429836
2421010993
20758737
106377667
538022188
10058662
117727685
91862349
1222508556
20979418
346511642
126655324
20247847
8209572
1359653594
204947654
2283738260
2249736613
351221537
15521945
143364929
214839788
399983267
6067212
58756910
1139676482
82582904
1201186872
2350055540
18874973
1479861
2142731
7535062
14337718
615210103
68833161
528720837
210405752
1513049899
2262278124
1690197438
85604250
132817451
103549232
21385774
44705055
141545735
10338582
6623182
164628863
87416830
61139276
16356013
1384649012
26563941
793351
594618217
247360761
1655170286
2257757862
789634196
88202136
41491435
15287607
2261781
1617535596
65327086
806504042
88768293
4641021
174391821
14931853
18453134
11453002
110380312
1923710378
451052160
1951403942
821768413
6004762
155726755
14343133
14297266
169609266
369468682
97196051
221687112
89404966
15327586
11366122
117808459
313419827
12679112
246710055
993947048
1900755601
1154051
564919357
16947186
28321091
1701186788
1229388098
424911145
545459509
39797568
469744215
15376576
4136381
16113694
152854728
14944392
48296479
301674894
95177547
12632702
328926660
141306279
888962784
68442845
50615281
939003379
1776671
295410676
14055926
1070767045
15106711
274991335
1636060676
228057797
257043356
1133586380
10598672
72623
144464673
523510988
14120913
56884542
14816103
15736190
101190589
423563078
1587958771
5524272
107477644
11439542
17919299
80589255
5765372
269701138
14815775
10368692
298699628
23703833
34015899
14175912
2447001
997507242
590658661
14962119
313839540
1385689669
242868262
518388197
123974622
18031910
15225409
251071066
533444121
18060279
103879980
380396780
1468641319
117382671
31368155
3408521
34981400
329513767
255247202
385032059
14157408
4180911
3827311
79352460
86074234
1286270364
188853708
1240115412
378466384
23751116
45036289
37826645
40419906
372177084
15376244
15366647
225127254
14316621
20551303
140118545
149095166
80653982
537271159
76622710
10048652
328428297
1225688996
18647307
16045822
141257977
29873705
16676160
15460048
15982876
14390964
817394
14789582
136021275
90909480
11182312
1269647996
17770835
204326177
858283988
32650587
549903911
90143537
103949787
192551928
147255980
26224609
6787582
1736841
531157517
301945352
330469911
331149430
16813424
243593894
38536381
271083822
6171542
8280592
1196549665
102812444
99934618
14071896
3167301
2669391
11584672
214016168
479655634
964111688
461023805
240705337
1610881
17509972
651373
537551642
17329321
1153845576
16747246
570369724
15507064
757927465
20869542
2632531
46607318
17466842
2461541
189628977
89280349
789802020
265623474
957886021
104112251
522132267
222048888
25738286
199424738
38966126
559481336
304357339
219005680
42936497
29412160
11835992
18760633
167778974
173842912
172684627
507055396
516862756
16113995
851415752
198609736
91220535
373274728
235519233
294848949
130090609
461084607
16418086
605257716
7204872
14662589
121135940
376281251
91609020
438240048
629996570
624624011
155335422
47297138
200953095
294224066
63972083
388893909
127634064
15473958
18079731
1015571
191949347
140020476
2455561
250550834
87903646
632724929
8295072
284395638
493868676
487623589
380525224
15809598
14749606
144446662
93912094
143870871
19523258
11777542
195362600
448706845
1480511
335155740
115516167
384495312
114724709
272272553
284132461
14396552
51086002
332053406
14330434
279649054
333487456
323234276
218478964
11364222
352471639
364768554
14334375
392690930
382267114
113916501
278962358
184845452
350448757
12111
208512676
64369970
887251
273081000
342171958
37899134
226891537
56381459
11367342
191608213
41999137
308473462
17963054
82078768
23056968
235875781
15715860
293434673
281716688
275968069
52329907
200193100
189080542
116185079
191378864
257413749
161760542
254149815
222626964
202361886
14750483
17561838
105228178
54315833
178111962
39082207
7145982
196523531
31727531
222403020
136293558
207773069
11348282
28655732
184941767
55214928
96579724
90228737
114166357
87717624
42237505
70894158
115726815
20536157
50393960
17365440
18530160
161383591
17088035
32435313
62629486
75134933
64366556
21480105
47311369
80819965
14354502
17375678
33022623
8131122
59061706
3136731
19365509
40255499
40089477
68908905
19651962
18144123
87575210
1376731
14293591
19559349
15760506
11563082
103937210
84351228
44427374
2268601
17082183
51405956
15673207
13107382
44320986
84709459
61501104
8707002
88647080
91356164
24678649
14362119
6194612
1260231
86876408
85866514
61133
14061059
66644243
9188222
76221696
14413221
10162502
9463382
17267346
71505234
55161038
73421470
66935720
12177482
14653506
46679713
18197477
16121811
17271175
5898362
43523879
17787954
19218240
8742642
22993038
16345328
16036960
22619085
9977692
17874210
10064832
68705622
24875901
19525954
54514976
5912642
35761106
37147517
14818800
34575746
15149830
11084502
14891533
6393752
20647005
6033532
264213
18983688
14455795
14333741
12917132
823083
9290452
14809704
2269261
117723
14327146
14387881
14204089
870541
6796412
3127331
3415311
5362812
5549942
6417242
