309528017
11902442
1072501233968123910
2450203874
284192166
487623589
686803
137477017
123419776
32347444
52302477
123561696
86358405
3595439354
2423532368
892376954678235136
953305718966366209
68442845
487357501
118338610
48882155
943204136178380800
932898811625836545
929660153162551297
3804659063
705694059692736512
718910384158208000
1640738905
126360941
2499235068
19014676
780364086970310656
103549232
107471115
20332441
30841465
327261227
4096226175
22907526
206876820
20838986
124203962
905975738
36132287
50504510
1615257752
1148140052
6543162
137596550
88764795
14074707
20874923
843682712
22399963
988306446
22289298
140743554
233281305
40465511
27181842
41598925
52722878
40655158
416909756
19070986
61127825
