49921739
614754689
50090898
1124722303
2754746065
1029222468
745582409257713665
256900512
877046059
14585205
1286116932
1073388199
953304055337668608
1923710378
15040566
553557115
988465844
1222641804635447297
7340612
283108103
71762380
1219800504
34698700
3365618279
6440602
487623589
10368692
901773635962195968
372742337
520599240
3117708497
462963458
843682712
959127998409699328
875349400930983937
29290365
1974233137
816653
416909756
6603532
40655158
433484463
2835746784
373620985
275686563
17305888
839144408
309298153
14159138
281083384
613492537
15804774
191225303
63873759
68442845
222626964
101280438
718910384158208000
103549232
942544632898080768
2499235068
18200400
259624663
912788064082255873
1168518632
108626853
14872237
