158272788
23031193
1884846890
15526110
2557687700
1062483629886988288
254795019
868945460
19847709
9301222
3312334914
144656725
1190410678273626113
8694172
1114129998418456576
14802547
353123498
2168857856
3649181
408847389
23621187
9526722
1244048767
106677680
27558636
2184401
893875627916378112
2205307848
41675415
39617149
9152632
6320592
14130691
15856351
1217856637987426305
1025998374
229523
10650562
1878164340
966313275192479745
956987119263653889
1304641663
7384342
707880635122192384
101577954
119309269
16489982
63819362
1035676762380759040
12662202
962057025193586691
14602130
3365618279
40026527
80589255
537080565
2437456814
116854630
14816103
344289744
137885308
157702526
46066476
793351
428058083
130690431
962517114
953305718966366209
877046059
2175647936
60760075
48149320
310539041
10680142
1102572610095767552
24202643
71762380
15589213
115635864
96614832
46167489
906203226
12924742
784008
346728386
117254792
5264791
20087429
4088958078
125305568
822421723
14130021
2273421715
1069870803951460352
7021362
8660312
14441858
93353316
323870929
53388766
16868564
1082507672883126273
108209516
1305530833
390167291
14264091
3033204133
131420585
2680758350
4831765429
214629170
923584860
27794232
7098222
3191910353
256710381
890634172716527616
3226827997
46123040
130668248
1100039723870023680
1103401194964307968
766666
8925602
830155340
14847908
47712248
7459092
278636599
14534896
16378765
576497420
6440602
215392461
836103728
35556214
9181042
238664018
130297104
16541865
2231485591
23295355
43470348
919368416473047040
66613
8062692
40772772
1630030681
15925252
72575018
15596402
34443606
5524512
953304055337668608
10368692
487623589
901773635962195968
960070746973360128
887257803555000320
955397748580372480
897477491425648640
1013869004803325952
851430115
7385912
241157074
125629996
14214417
101663683
145560254
626181652
888211
18378931
25238290
3407310755
44622184
1060346034679767040
10821
116669011
745273
919597892
636003
1063559035
16871366
23254994
1167502098898018305
14965602
14159753
1049686474612977664
110955283
1820280810
3265434192
3259381
1060299146546958337
4280096173
3832252517
1155197468658716674
15307727
7304782
515179425
2957234555
16329099
107242554
2436403399
8025192
55588874
786270478017007616
10907062
16597587
16644993
22444948
2214615696
17503069
3181020308
1095839383230414848
14922818
229027174
14620776
43598952
94626524
23036965
24736711
3872196551
18210643
11095
1378315837
15196120
898874646015115264
617719291
2839825685
273404950
29156410
1125733223005188097
14211984
159822053
1648999932
17966777
17271529
1128452702470459392
2829401
601369792
719007619596292097
5954192
86327261
1101741522993774592
15540222
1089949645915140096
29890630
14989226
15427422
28915224
144638265
114690248
4939401
3253629143
5626
22386062
27227212
147638041
13255
390661101
355360703
2446132074
11651502
86938585
359150777
2987896968
419557324
178954986
1072396122
13567
1089666289675759616
1137819994157453318
460596378
1021770999342219265
3530607858
710394749207896064
415331162
1153335934143754240
375132818
734521897728233472
798123
28461983
3240445360
14956354
13773872
26776475
786491
8223542
975202368479412224
1150908139
118136299
128188637
307810043
1087096039591559168
813333008
125137399
303455170
15390783
1025760437239873537
811098595
1034393053665079296
3155105136
4594859130
36226695
1147206025075994625
112565532
2407351194
15532680
14118486
3467664025
1115892229799858180
1627149078
2908098340
2384259584
35011558
592718020
856939650
1045705732161703936
4098544215
2977700117
410541438
230880606
878680180050579457
153524496
1028595288
761613
4924429943
224653586
789587951227314176
106263
12087242
240315182
17111073
52556921
937000244650192897
2429476526
4350451392
253244983
297636217
427678734
1327524403
2943613557
989337881046061058
15739653
39555082
23946908
401186577
46419992
1262789484
1101933204779515905
816291044325261312
1263967268
47271940
4435227552
2789432489
28896389
3405869686
24203304
14678350
14372143
2571501973
64462097
1097479491872542722
60380513
1995371
1012781151164010496
1102140737351831552
1066151600
58286073
797512067284508672
1058042362415464448
14139773
903903705019371520
1088537645729366016
1668100142
19208994
1120222776
849650921298694144
32584253
1090808317
1599784692
15814902
1102321381
9011802
1091300281999073280
763387411460157440
400250707
22120094
740159956477939713
19653322
2660790552
307976169
1602976376
4850302216
26494028
177788470
90488576
408912987
143883
13611
6773532
33521530
14238747
266408840
12373242
1532061
1075750166962073605
7655012
15668072
3227338044
14591604
363174189
521769198
11754732
79018674
253143515
20761858
40030151
10375362
1012355031549513728
74972610
70574326
109628739
1460705424
19682566
794880560
237293113
546985151
16517063
958313838742528000
249913228
816954
84408478
702246814058151937
1577241403
86037879
818902
9883402
11745972
979169989734359040
216727067
2317524115
264228291
2899694647
46113
790596805943787520
3423374429
898515783936086017
1514010780
730772254536175616
2386343196
762851762092937218
809067163235581952
326511843
949931686606901248
2470037178
868590631
849797581844627456
346803113
875274950990495744
756326958946922496
183477966
38491897
862120536
35963991
14698489
2801974764
20993764
2735041498
127583
895965462500175873
15300187
15687093
9571702
2384071
167834639
12305542
122053508
60529347
97418412
887422513
14588785
9362492
61461861
90286855
32666490
14908513
36823
38708874
61233
93925914
161419043
2735246778
12626542
574885641
18811020
364299112
14755536
14217429
15675432
51529520
380616577
64262436
111217362
59513961
3946301
1106096840
2446068030
123355349
2342337230
171313785
3058852306
13484822
18840827
377917105
9289822
95174949
365550734
16495353
16120419
29089844
14639127
16821279
43346092
3058767849
6371392
754969
343666314
32849299
14455530
138635345
2837561099
7681652
5737
1530096708
693263
17793121
29765369
