29584571
57843399
2863638184
61255762
14893620
103549232
16597587
46066476
14698489
204508114
6141402
12486322
709644992
2406644832
15005347
130090356
181853199
1146437975338885121
23611315
104616026
1927923236
68186121
89034386
166617624
1106592332902612992
404150867
1112415218913677313
80881027
386505090
11099982
60760075
92248618
1044357381516333057
14639127
114391809
1498293151
15847399
198261897
19069335
395367768
5855502
731717526
3221748885
1034557798657318912
850367154067263488
831694430
24870529
13682312
109086082
17606319
15481072
583450546
10520572
14246556
18084928
60813875
23721699
28320283
416909756
143883
4217023737
87914521
1135180545489588227
115660120
15656207
195674951
9181042
49719051
135816793
1129409945479331840
922943158434107392
122188456
3167301
1538841
951540713564536833
397689316
52722878
1035676762380759040
227928681
14372621
117383662
801743
117863395
809127901979213824
74439449
913494466568359937
809788259492569088
9151782
833719578152751104
74184469
204698478
14440594
8610962
259927826
35875967
17518190
872535841641345025
851566061573079040
837030181990764551
785851831922679808
727481332431884288
11736872
102716909
2362561212
15301028
9463342
1465659204
1046185356725346305
35661167
166667340
814641
1690731
13235832
1023974763486564354
1648999932
780098197196800005
556162290
23549334
587363563
887680503637307393
67430296
46654180
151595062
686993
743203
3595439354
5766592
81254246
2801974764
44553220
966313275192479745
368518908
3129095903
15376576
4055905875
10199822
3315033968
16130949
8135682
9309912
5574792
34212459
11176042
121449541
873639554
847190167542652928
480643825
16211142
2773111
15398764
2648921
7617702
7542902
77908845
779627
9526842
1529078120
14695816
327779505
789969122
35150681
23554268
15446648
116041517
8104532
752133
15717973
8694172
4858563561
891060206033096704
15075911
799616
3286770860
11547582
7056162
19244652
14509080
110244676
717677139810717696
591883
14139773
90286855
20410251
23863969
820367095120547841
70703518
625093
5676102
35209610
14137772
14351413
1541
2175647936
99528392
48843
22572168
4997711
14297174
92623
17518412
32167968
15804774
755070
12691112
594121498
267268573
107471115
723010754530566144
5435752
1721283534
14431173
2291039762
668423
17465603
498275969
13895242
23236131
63819362
4874289952
705153
15662351
18966808
121553091
149652410
10368692
61127825
38730763
22545571
18374969
553966466
16696636
40465511
18380894
4759631
16027672
10688472
14816103
1525989607
6004762
8980232
21991158
2384071
10184292
14898461
793351
17541046
919464055
389681470
91934904
13071522
80905225
683723
108209516
22444948
863095946
428058083
21771952
3565601
326511843
22641783
252730753
2423532368
15814301
29789072
9714232
3058771
14804579
8719472
14421746
6998432
848901
9720922
14614648
16185413
10206972
239581027
2233329924
8692942
17991558
22564445
3649181
19599604
7861842
15704940
4812811034
18055613
4216361
54893
87744974
720549566
14053823
697893
14993466
1286116932
16435408
6948072
633385022
1247437484
14602130
2806000111
94133565
27093292
18112018
44423
14325738
203558650
14662473
14706299
408847389
80589255
4411041
12342812
14684110
112528880
19682566
68442845
10680142
26894723
386294253
26267038
2230433110
197011174
596192833
1243054812
43078359
3325495342
3686737336
561792892
119075989
67985833
51164205
23173024
241056687
2179043485
3630861
14351766
308587014
14181751
43300886
40829038
216301003
26976778
243686824
41445632
567473037
1577821027
45688242
351423157
