1012236959178264576
163901426
2435390142
952603224946638850
189235485
119348224
1230266383146962944
7516232
2756479056
23863969
1096406544676282368
1652884033
825839908182831104
1217141532614103040
1102763906714554368
81058375
1549209552
1004797857780596737
153158056
245127326
721155911776124928
1193998570137030658
1217161437359067136
1068086821140205569
1823987821
199238295
1052175276988219393
1149997861792288770
878192402779041792
134765219
1028567785050435584
1055302800387784705
817079097423757313
2820249447
1101195042792853504
887680503637307393
1161595343156502529
2992610139
981035585933627392
1199704819650437123
455729955
2888014247
2722830710
3294512643
961165429552140288
1434359630
16973430
1197687543061307393
4017298043
4060772249
483850801
4748801548
359219686
963823401713524736
1194974135534981120
929416032434798592
1244777868
1167080176859176965
346497127
1019959812
1102634481679249409
227753217
1878836546
267988806
131325581
715607129483304960
385753789
1052509345391493121
15168678
906878848733777922
432957426
422839831
4853343154
753358633593925632
15680084
128826719
17407351
202087082
1236726956
785470748
978671691965583361
885953601067208705
1177196893664886785
478208405
18057156
127699630
14308843
956841040257970176
957292558681505792
1113903788547559437
767256235
1016986247821234176
1176229838979588097
269248605
81629887
1187284334685884418
1021413263177846785
212305188
174325954
956888948827189248
21457289
958351136745971712
278980371
1029695930608611328
3695995941
801808109601693696
730048907632365568
1088364033915334656
905355235316654080
706818053640691713
1018819021318316032
1065636155809513472
1130836976750538752
1019899983942897664
786201708972023808
1088802922908053504
1112120124897542144
1189245689450110976
47962707
866963488442388481
708012107686670336
3394395353
3173390147
1065190678819426304
1184088017503436801
1332532410
1036598738154938368
1045399400372146177
1110908351028908038
762619881044992000
1184414439593918464
974716085328105472
1130235746307256320
3603931
4025495236
2419391377
10690422
1007661684645916672
20585553
82967815
1128690891881771008
914276145146810368
1014199723031449600
1933558350
1001958842157105157
817603403677253633
2798836581
1296859046
1031397103
1143306289
337124515
820367095120547841
71762380
953304055337668608
737373675654123520
739271654920978432
1158432453473816577
927611867488571392
1153522288840650753
1059954232550289408
861820399
2873721453
14420132
518001253
877442745358577665
1113042075547824129
861358710949466112
1146379516442316800
1032011148395249665
66780587
3060495134
780899111465848832
1167047918995595264
244200123
957947484063649793
794138010879148032
318088798
209016310
3059929578
2172058014
780407072743690241
486722627
3131069933
1011578563579920390
341413683
1480735208
21594615
2838358556
1118165684763209728
326034810
1147614527204265985
1136712845012480000
4482278729
2316877309
1082660606480654338
67713333
1021681595860676608
1354756442
959922908725415936
867402039143301120
1004797575998910464
927921401394356224
298031144
930754078044491776
1967690522
923010104479252480
1076526138736951298
744814089172455424
1050050439700520960
1093313064969986048
104199094
873156871724687360
1034861788641280000
791091062026665984
4442081243
765564258356789248
4872011843
2504398849
843945077315649537
790290541426511872
44491851
166315104
430995737
994705358
1117449589
1446296545
2838275391
781467359571763200
855222424811573248
882206124082159616
985472847207370753
3091309297
292312814
2869663966
795887454062514176
1066502650479460352
927727303895011328
864534270701916160
969713480897937408
800459756292882432
849666375920603137
160963011
191068269
927597307708796928
823474294336487424
1082318486200860673
1006074672205705216
4714384167
131248550
1005722609475031040
55547770
710537959213297664
776008446944608256
830119438716395520
2854100596
3122211
916087333291810816
147654165
72082730
14538601
46686058
920676218932006912
55833269
856957674793033728
3226394854
1055802679933440000
933320623727759360
3012403395
260844627
788658714098143232
525413893
900436675905585156
319110295
2890718267
938360848648753152
796479090790436864
844328986234699778
174399894
17285251
274431472
15595931
1188113780
2356617109
212019344
818132133776592898
1580349043
15290682
17462723
19692356
98703000
251800979
276643081
843213931
2162905592
1949408102
961596594725572609
776402106
2863266281
841786994439163904
1027148331217313792
28352155
35870761
1009753502
71430035
92527132
2466345433
2575307994
3364402234
913767811666841600
1042353408148029445
38821410
1826201
2478954626
865339383200702465
895463230901952512
928435039
2270153796
1119216349
727503677834039297
23776533
756505783534247937
755790367249821696
848816272100012032
105529826
200122481
211092754
595982444
3222838619
3046431197
1083712992150089728
90663356
48132954
2735246778
1054053165975388160
519786310
1063391000905875457
29677795
1031055356888145920
1963196658
2921310605
3223407511
3318126889
733738758143631364
1026880194957725703
728685220040351744
707699798665764864
15688463
20131383
958134755832115200
773578637320880128
14923
62533
936881
4142571
6688542
8932272
11031402
11385492
13166572
14093339
14632640
15313329
15341093
15584175
17106514
17376218
19136693
24961156
27106703
34540379
33200012
29891068
41965769
48841393
57190437
64017773
74719185
76821702
80035797
172317565
200456671
244320702
284739139
471550563
434239710
517921400
600943290
606105909
899690604
989912586
1595809370
2154127088
2986305078
3305501631
3542756662
4280096173
762919961341861888
778713354835636224
868090979919826946
881882604177412096
889132671556890628
938826135479160834
944216693559234560
966397632712232960
1020181589932687360
1016774817419325442
1022369413461291008
1032210863908954112
1043541490457370624
1358512088
17062031
20049102
21744554
245577714
834710647812288512
323355503
895971006044676097
64381024
2348609726
2679969493
1071876220923666433
17607249
14225080
705207700045467648
1529722572
2498068236
1286116932
154251965
817074074
73069706
20695447
518611338
2342245093
763457557159641088
27000767
120766191
817364850708021248
4055905875
121553091
166557379
3512757083
70753748
296712580
1668100142
716348353915686912
1015730141140602882
854969496875958272
883903010773975040
26049747
64462097
1068528722641219585
99135401
840149210435473408
15668072
478227449
15356019
7727152
2571501973
3227338044
15979784
16345873
389681470
37636440
145599406
4918589052
413898659
1072192782939381763
862943234900807680
3023155108
47601406
171656580
824481408697524224
82829740
1052592572051451904
366568380
2208027565
157802323
1026044877430292480
25337753
209606862
1037856661958995968
721072357574590464
907924568
992115165716860929
3610934482
201262607
855501234924429312
17028347
1138959692
988608263305474049
8876132
758745448525856768
1115011788339331072
2251623492
922866523047383041
3230962884
1049529207292747776
22394209
2769925698
351608434
2169557915
263393046
1027476838531129344
1322536790
114851409
1359431822
712230163694678017
76852344
1119502988
1113369053505236993
109086082
1566010718
1100758219939635200
157641406
871133360
2862192381
157702526
130579391
3247745341
867224958912671745
61080739
3017564139
897226646230634501
197987694
221635888
1373127894
571970709
3412177643
1067807030
15196090
922879690326593536
949286358840954880
133631433
1435641350
104434193
1011674329262637056
15005640
1715683626
18049518
1011628707038064641
2189090266
19593365
1034439470
140437875
533004465
137885308
2888702530
3242263852
66998204
14711491
1034742686501285889
1286592650
1000138440070107137
4406840266
15311967
16036960
429443396
861702441569361920
1615618795
847190167542652928
1047951888635899904
877616433609318400
894270758435913728
3458417495
368750485
1089984664855609353
2362618909
1097834602968895495
1091392950993674241
1034415977897844736
1065186297621463042
1090590499889729536
35470044
473315786
39276767
1001018193312468992
217140632
30047063
248883268
451671081
813678582
165964299
2306546191
578252814
814826774
1026967480445493248
3014002112
783965762167902208
23789416
450842550
86390762
1013444645370593281
1030477865920458753
265554368
604866188
1019521756846067712
1016239278093950976
49048635
3384923242
398742438
3135836980
2196035461
1014262910703493120
12434302
105220744
115831933
152778171
730032952525131777
812349269638336512
3442793834
18226927
739410563776798721
1944535268
18957805
976193117497053184
20624794
96867459
414814288
6488302
2847590355
217505532
9279552
144932476
35306978
305015198
1255406035
314860080
112291593
1995451
488429589
523216510
1324942922
809086981888163845
619295034
972644920371458049
380955286
7273282
279162165
139544417
4783913665
130791303
17235447
49793
1504311
7004052
10378002
14245811
14403154
17871298
19042414
2320791044
139994091
327437198
368405172
407902047
407135388
417890003
448552985
482163835
527416225
1577597316
1904296207
2599797763
3197360780
3304688668
1000008884910804993
695043
202342149
962643066
774982216870981632
39351968
822020355606925313
15369506
40288846
954193699
932856257119227904
201235642
19570736
2785181925
248827780
18104734
983429513773187073
3401575697
29704334
702581185701154816
4339158441
3021209961
2698074876
1637418830
969159639794421762
965203555345891328
15460048
23009949
479700507
564200898
345673106
2279128531
920240592235515905
314703677
3139486897
84893173
14897792
2991697611
1281526188
709109857006137345
961088954
562866275
141249377
1259776242
3190922265
15862891
102430073
60066209
189046864
941635882246901761
3240295671
928658557809152000
2443378248
31713108
390159434
1852409701
885518061297684481
2765630239
726525870484115456
730761282262056960
2885692329
861686077
108903412
879342911443357696
153571843
118747590
722338038
2291039762
936832385202532353
119842161
46846707
167234557
921112879926886401
4898843075
23534420
38101189
30377228
23622967
307615698
441917082
514856212
613416493
2707744097
3094670283
853373433169592320
910326155592441857
3872933415
113713261
45496942
291559186
52490298
15866051
1257618596
4796808260
933014576647548928
1167122150
288237991
824065
12448992
46782674
826168640118546433
1038630643
16211142
296873851
131149338
15458277
88273299
855860783863001090
730645657627860993
888647700220137474
2992390126
17387342
40093754
15237935
53125012
113130846
27297597
2769294324
54294584
2575351538
20812888
82411462
251811576
476008897
760547938850447360
908487313222758405
172775423
904864244830806016
741336421361844226
20386697
893800750417137666
2968050806
14341386
852084776190308352
211745797
2701730684
331841017
22691822
4914941
2274472731
857922115022016513
17905788
84825820
4428703992
221020405
3285132828
271031226
135076044
329179614
865207430187106306
710844265228836864
18509815
14115015
502068188
1963398566
20605327
3305925269
791589022296633344
12210182
915253973547995136
1581770840
352919225
863260943286902784
4425223588
819672734552576000
4826379575
43833
147139688
1311656826
36132287
146494080
32160366
138966937
492144558
1599870367
2142731
3331218700
4105400200
15351305
10157
161071669
577427081
20298671
3105089221
1317739632
70345946
1566463268
50090898
33838201
14335498
2304044137
19557144
22261408
564855281
2930407037
65860586
81001006
31198760
1096058449
2596654898
55388565
2231179117
130490305
903572983901511680
1485337316
1115365544
258581867
490203158
218822115
2776371427
85906238
466331650
2565971588
415881007
1693748654
525387619
2154778340
109126632
106682853
2218264116
258516494
4126047022
757676828664422401
9437692
760654
30091203
212439445
160877807
404296079
62219905
80589255
408847389
69133574
914571353977708544
768826153616498688
21185637
426588201
2739660391
892773248420675587
273935884
3183137060
2538242276
910594173547421696
1056717649
882840050450432000
22818342
535522777
21075386
353847615
1696005139
346659867
3145075625
110732594
211820784
4863597429
2810688646
14188834
2230080559
523365962
219256844
437591452
6621172
1724763241
4705272577
39776400
193296075
183707859
4869897364
300917070
264587379
227704499
185567052
3307080010
771311440397336576
186899490
852239839655342081
2800780073
3034285955
831951066627502080
234309722
21448858
894645101435269120
3018841323
1377793226
958649520
3505261576
225236194
1073388199
93743265
19282539
732594550607339521
14984090
2645621785
195350638
9812972
11069462
488674446
284553
1013105528
742867996800995329
64822247
761223413851619328
76456521
1692248610
3341596137
3369212848
1524781
53560219
716213
19022161
13251782
237018893
15258949
287387396
3119045644
18999920
1566336368
1544468570
488959642
2661671975
1287517062
37740589
56786888
822029015577952256
44453098
75123
87795235
24801813
3068961197
4901203753
146078837
14143709
29372089
813895367620104192
176024190
192095168
37781348
92634871
144592995
779361473063555072
1492807728
780888679719899136
898625964246130690
721808153722007552
4416436649
757666082052304897
787279243923238912
22896465
741185730605682688
614440298
2643354500
3073190728
884714699694014464
8742642
719967213336322048
29460483
806545
16648505
20774514
82636408
86292908
144972081
177222469
224631899
433664531
1230943206
1596632774
1620349903
3164880701
3226505335
3308991850
3334364662
706076020391219200
717456933612072961
13918022
14115369
16084102
16515488
17856025
21242028
38892114
77147948
88768465
176371696
494508400
1324542439
3406754831
765563348259835904
15546879
1685888563
85224634
866985001740619776
71320992
870364054044520448
2512604281
4143614967
26158691
16045268
156959224
2250992192
6273292
54642987
2375288959
19843630
121777206
151914231
15165858
3009712208
3151989727
33519541
4917922363
68746721
833376066966167552
58235603
867935920036528129
366173107
272099717
3865005196
183575679
4202183893
734667419055230976
202836527
1547838528
2477512142
4901919879
1144882621
726313231619215360
3428114433
819837730268004352
1353625675
17645638
14365634
12607092
3220752032
14309386
161988348
1531582164
762934818531340288
245833605
842050828601069568
879783542498217984
176883031
1851554534
991600273
389900156
2937071
47998559
56806677
2325734423
134429434
286994934
1398876810
842093476699361280
15395859
190987043
2374358204
132276160
704769925
275683462
76440446
29093157
22756947
809483505759584260
428168586
27415160
2195724427
390167291
1612233594
222548545
2694150236
4200716788
853727387435110402
1132384434
776166459261095936
8769542
817686608774393856
767815929719771136
319124822
27336538
10012402
22023030
1898653928
215244619
754127385277194240
208988759
15871746
880126586208628737
473049796
44897207
773450
15528719
3209949862
2281964312
2196680173
30960103
39952227
21713505
2285891185
22462234
14162706
7431072
3123435075
6069772
3281181511
2563255134
14390525
2387248926
794458165987438592
45562530
754214745138487296
15090415
162088304
41561657
1718737136
19256096
59126394
165745785
402875257
77655905
278930750
2798804447
407200271
28912478
20361904
117499026
776447537280524294
2384210779
50286997
49793068
28053637
2873444453
2562977114
100366610
74522382
2784123889
49648553
2981013099
25410561
15150655
402996114
2583592880
752615975330217988
23833666
176460675
22544842
888706303
3334394225
15423006
2504091956
1428132774
59721994
2558787495
170371192
41359753
15027761
978152190
49328534
3143763525
804385907641978880
360667833
831947517424234496
1068951084
987181214
857272676309549056
735954684981084162
2746156591
130780001
16130960
20653310
16629477
183548902
20804020
748885228492562432
799394402112184320
2510333484
14286491
300866884
107722135
213793319
1344977138
2151591714
2709561560
451448044
75261668
16949344
88914175
184931891
136325501
388345704
96102210
27596259
234947344
962997733
376019079
836990389122973698
22911650
244991150
235261861
250627412
2460368252
2665573442
3803744547
579941875
268350241
583180584
223144852
2362420566
18525497
846289108418904064
342023138
1151537048
4733914515
840612089626468353
3880760903
818903275
841811845811974146
15859033
9626182
20874917
2678520439
851098046
36025571
1589376188
30799501
1375449546
334720576
17638298
146567174
85605334
1218100328
2838066551
3833676803
791995268023611392
2856932848
377954285
227642743
42329259
1067309802
67591743
87883286
711871506549248000
4914414342
4622629702
352806502
162353278
14252342
782580734192123904
2310695640
4171159534
777135943
770490229769789440
23184591
92746008
136301916
3448272921
3074679389
19238958
9104202
474034258
3253239696
788193738891759616
46245868
375668090
445885673
820909349275136001
4877930560
91651447
2249688711
24057358
1835821
2561407350
111093392
199249094
297073565
1102743084
4657994587
99586343
186529934
48636190
791070237949034496
705378489541783552
201239379
37063745
81855303
309153127
1520105341
558686162
594278352
190246525
267256091
15154811
18881614
792793193372786689
2853425326
834063761363329024
2283463274
2351814589
3871826339
269584194
20342875
104585489
19657120
3648055819
217804739
325100970
854581958
483986116
1251332575
125695429
2493407430
171753220
1017429942
80618068
2452073258
404946566
404442001
1246397209
840002166
2610768194
49413866
991459308
4631863647
1302553580
748018813
395367768
22839233
3172762712
74724779
489868737
40628951
780399461436645376
352650591
12432262
621133833
39194970
19608697
1907361578
258025439
3443391621
1967275506
46790946
37989702
850645992
531697681
3931240040
438729858
1428575976
64015230
257319757
25676709
388503174
88936048
520952916
103004948
342250615
210520672
18979543
588914106
2742098774
472057669
118690641
13982132
15808647
24729103
15137538
4159768852
16143105
486422305
86172466
534255106
14939913
74543
2167059661
191122681
26616462
48966898
3344039417
348416778
14095937
99173786
95233492
3313174584
720754110
928474448
2631969664
70570429
1343132275
19360666
151844326
2396006202
237650650
729699028359905280
81658145
395853499
16557883
4919282145
1639877449
439273539
335800766
1337118332
1636672459
46392565
2198523230
289107682
60057276
10680142
2987122085
509873057
3824125822
14055926
200519952
47876842
23085502
335145634
188423774
816820845972717572
3159413824
226599594
2696577092
3740214921
349681057
14465315
4558263461
2559960926
2843640335
21283221
713037105807683584
77295594
1578141
521448718
6296562
41577553
617243
43199901
8963722
33501542
2396765803
209309794
12819112
14647570
123582098
133149203
227021376
3449882494
2764975040
25023458
268919557
1253405990
780291008
3236824629
2911279295
13334762
3119058705
1213590199
1949132852
1924484352
14773239
216939636
261789755
19837528
44553548
1219888003
148815591
109839156
93950513
383289779
16728620
17047046
1569180318
46299743
113653403
759294997
14491507
2466224420
165367317
1576006626
2500425074
2907009051
15132914
478181304
253647205
7040032
63873759
12241752
104462518
132286114
67529128
819562784191119361
22963112
44890780
12984852
3834039327
4019395289
330312509
222765418
384492431
4827825796
718191811534196738
197962366
19936043
26055337
936388706
4616113701
380816062
135889810
2379152288
1394594796
2150869687
22797514
1152255560
2436181867
48306404
93903950
542747432
252204344
4339911
5678882
3238448948
2187401519
2831922888
252245569
74117821
2148654007
3012129075
308407719
758118177746345984
575657816
934057530
