1243224516039491586
1906878560
2281044080
18036280
1092316248078073857
14068227
59856510
31336759
254382923
1037423583784566785
109256842
1016875595857387520
992039645025357824
4636121783
767973997418020864
142148178
295218901
2233310106
809417156
563854525
15622759
1428909246
130960869
976116302610870273
1072499960325775360
3011053277
2752871725
30354991
939091
535136727
6655612
1480984297
962424106334420992
125367782
953893514328223744
185882046
69722976
160271681
913690691359924226
410538965
607867793
767032182963666945
1467737210
3075438393
591060187
101527982
18823991
49573859
950824252562903040
66379182
17393196
16435126
16435408
922536140577624064
548896901
818591
853223597162336256
1048848151
895384153134440449
2849202873
932144635
83685210
569569550
187993109
3626009476
3300061585
479984327
115574347
1243054812
23630483
48788647
964605500
581737205
125813098
1070929081
19087563
261961228
2185644955
414658388
456761083
138424373
213503700
220886775
1308559987
39716211
126523687
16444927
120013639
127968112
358454513
523815935
137694713
206105289
92373281
91478624
33933259
14159148
759251
33989170
155763485
