1150749861798645761
44567063
324788802
1239987535796940800
16265631
1114701838186635264
720224712626933760
92762817
705586093
90488576
953304055337668608
779234043669774336
712569956936916992
53436094
993025089137410049
2842514734
957339160880340993
85189725
856668312
15819802
3012485333
373817691
14249926
155896448
2845145149
760751633051549701
1184238815977918464
877900122159538176
14542419
14371276
250193313
250194176
1112958111080484864
4894231615
128955624
866651533
1120953425707986944
3763061
15375483
3146214608
728960094927491072
165262228
27142938
989214770262835201
15439542
324921377
1029222468
41691452
17704820
17309892
1133661104901632001
826745989822296064
777794184870825984
297870884
257575144
811637470345515008
216440049
1112452968996110337
1126413107293753344
101798589
3143260474
10809412
9617282
16665197
191378864
3899375963
54128435
3066081
2857634531
213988562
107765315
2789397414
393948633
276183830
1018922980624228352
941023224606978049
496072115
304262217
15760506
40832200
913421750997745664
15579477
3429852687
46700222
909884269618659331
86074234
1070010979185029121
2890926991
2261781
3245257727
550417439
4206492575
1067060955979358208
262931684
771118754
533521303
4332404727
24914741
15702706
80120860
11401032
16611414
19181194
798259732263956480
1061624129621766144
831537756
150820027
423563078
14146389
42404217
125485258
24160034
50280181
57739496
2359947662
2813398537
1138959692
94344849
11069462
290976908
14079653
7606602
88202136
798129607157366784
134949404
231775850
592871843
1192957214
1055779287427637250
10638782
2559296363
895572445603667968
21557232
1534227595
155335422
10421012
78659545
89280349
541058739
271818604
14335498
840894199637643264
293434673
2435315773
910450011002912769
1610881
571202103
15492359
2786851315
113713261
865530678108012544
479410122
2512683048
2477133162
271909348
2192613366
131286979
1425993918
50090898
14399709
14861285
9688342
2306911038
2687283164
2244146010
39797568
129164170
1366380002
235316294
164651150
18144310
17305888
1278459644
784064228
17208914
35229364
15258268
14278336
16402798
270963422
432474092
260656328
14102913
8869012
17484147
18144123
111595856
14782935
18200400
1636821
384232273
19045696
185765207
289465848
214921688
11761292
108626853
196916971
23746926
37884635
7710842
398061661
68645725
106769240
823471010
1088301421
497013
207203895
