3101880740
2887865951
4657994587
836736591007645696
146548246
1071707672
63522925
368158573
936196911819870208
82411462
41639579
8692942
539981492
53151247
1142409667630510080
760886730039910400
35315865
1383272101
1214585375664037889
835178526093488133
30090529
1236557193752657926
301863076
20564977
718653536
958767571771240448
361910269
309247415
224896427
15815532
467804590
1743571
1195296994908086272
29749354
817083
2946679618
28838219
532449573
910594173547421696
699257234308599808
189868631
24502004
14396038
23863969
1187768203742777345
1231279693132902400
19663254
794087379288006656
108899342
63157272
2203671282
627923679
1215257195182424067
149098532
96116759
41148474
736658020243935234
709644992
776765734902964224
831472691349749760
1059552379190763520
4893710953
3394704713
1224302012759715840
117544529
3087618285
2855672764
1334814848
2877612238
22897269
46302139
16878633
910437601886294016
1170035646116745216
53984939
1578043165
19185921
97582853
76165584
1170116676223827968
305015198
11410242
917665455485177856
2334725502
786047748508221440
1161105806839836672
1066037570738372608
2569237019
960942759573114880
3199856542
913264981369483264
11336782
1179114843489685504
953338722061312002
604498301
398991185
10517722
2694342912
901622635
8861762
789421029860966400
421152452
2800782808
1212724649789775872
854490836851081218
407850830
14697477
24173809
851704682
4257056233
1032210863908954112
1595809370
1339518313
1071350252
348455267
514856212
1658740759
941445693331427330
14908770
3290436545
52404597
855492111663218689
398785862
1454215074
1396874786
310450883
1113484872708812801
1193424937668825089
1289133722
50671466
1163712591958609921
1184088017503436801
42572385
4096026441
31320232
1090261429796724736
729704556
1176229838979588097
37989702
774982216870981632
58681382
894763046056337409
23153223
385522168
2967533927
1170787178688872448
62697980
395137424
1130931417112883200
40217969
960933635296841728
131325581
21594615
1187284334685884418
129653547
717443778244657158
1163065248720543744
1053722783090233344
879782073329790976
1063349507763638272
22140392
8442372
970977548
609413
361690384
1099717696298647552
15186930
15664021
2950535441
1128690891881771008
327083544
33051111
95153920
1179106606283255808
79386645
1100172769575063552
1158432453473816577
1059954232550289408
1115578603402616832
1551385622
810537852178145280
15965346
946512471275085824
918261548
50706020
1156634708047872000
273131111
19055698
2533535324
787404042012098560
255048621
1153800186927337475
2154127088
18019105
110826956
2261261
121597316
2314441351
1108775789791768576
1140652344079736841
340957066
2418551
17139261
1036049184556810240
859875144550010883
2927266003
810585618031984640
111359139
71557700
169249504
354099612
95446652
40643519
72885515
267413060
1150993041513177088
960917290526101504
222295636
4779863874
750022168675688449
2773564214
72389149
957024441338417154
551600672
935332760
14232938
35423929
2417085025
622325507
1087681977896091649
2438938190
850978303750139904
1007606347800764416
1140924331050098689
372947003
888171786256261120
90705705
157981564
33249457
2876480880
783599340833169408
225236194
1140984435745140736
1050050439700520960
1006490087985696773
17372728
220983330
518128358
300552750
1117114004759957505
1012095427
415077242
282950486
214886875
573446755
42456559
1121492192235806721
15172072
773607406551072769
559614467
1218100328
75261668
2190724014
1097434709255176192
95233492
22332147
34317032
246560945
1880674038
16130330
24346550
1006419421244678144
14904610
21713505
17856201
18464317
66312892
1089883747590303744
1017308539696672768
16951956
830154425452920834
16213079
541637104
390159434
914119638
829243809687015424
1129856979193749508
975918325
2612708718
743452002
281982261
1020952663
484963255
742391990944464896
19541556
735954684981084162
244320702
703632550
165745785
829712720542830592
703052849039675393
987181214
829369416307445760
709281584206077952
1109185600354242563
868090979919826946
1120029921319903232
613173206
59836926
1022369413461291008
136400506
4280096173
45100408
103887642
14368074
1120463460482023424
2478873590
814826774
975493802197594112
14335586
991387993247170560
19711765
29506821
10720602
72819944
371328288
13235832
326511843
38543346
28028017
927925400189235200
49129289
862037690597953537
185039697
867159733677039616
17522684
1090780668739637248
35061327
4901659043
115938897
898625964246130690
903253872
175282603
823740494781911040
471550563
817074074
240764891
726170502406901760
241237143
19685455
2811503196
271767796
736221501209202688
2493407430
125695429
19136693
701385996
50387337
2965150132
19047753
2303998730
832694676968742914
1090261818260504576
399009974
405543136
776446521625698304
355036400
81188654
1684230956
841063115722805250
1711971121
2838358556
2480758555
862251330
8133862
1083073242988871680
3332014947
210056653
17638298
19238958
14286491
264162545
1596718267
87345997
815733290955112448
232103425
1037966983982141442
983515416499773440
1090199683081875456
748885228492562432
15584175
18696996
974716085328105472
188444270
17106514
956616990944194560
825087118309351424
201015192
1111940934
740398838058504193
146502086
1034415977897844736
21242028
2347840513
438729858
262659868
959531866993844224
881882604177412096
938826135479160834
55547770
1005722609475031040
889132671556890628
808633423300624384
1001018193312468992
1067218780806307841
605697046
20478716
933330985
1435641350
3542756662
1067807030
136301916
944216693559234560
1072814030044229634
14410862
3272160883
35675002
1639877449
872526149968179200
860302657
3995717735
755419584
1949132852
8932272
106149134
133835213
480196886
14077609
994243399
273639507
2998896042
4669309832
299894471
76821702
2331634399
96102210
834063761363329024
220325857
523582008
39308951
102087933
21406834
14370378
4286824948
18129652
289107682
872174282402648068
824677949924192258
330041881
61583656
2472781538
15092914
14120215
1305941
1068951084
41154223
883079678906572806
1045255778138038273
260478229
19197134
1082671343185866753
895766555140788227
532115122
525932400
232747485
587536673
885518061297684481
29287436
21815986
2911279295
61558421
15335123
736968132158312448
3833690662
108979911
77874359
14914631
235539368
444945609
16017753
2568461
966397632712232960
764204616
3426255747
3008839924
2813805938
395294852
357606935
2370633102
1076526138736951298
451812738
14491507
31013444
148529707
17018765
503110345
14510231
19837528
130579391
102115921
13893712
2967402199
27694284
2829401
430645155
102799367
1014926053175971840
61912917
2293455138
3362159232
720523873
1455282438
2598620564
3310538931
15088481
567590159
3314775459
472177521
1015681547415031808
848833596
2432416417
3355601698
748528569064710145
1080695666760929280
1080584229510172678
755677202
2681166800
807372534702227456
668563
19626301
164365747
780407072743690241
957947484063649793
4435839256
4558263461
16648505
1082683100000337921
1259776242
1434359630
798918201107251201
475706270
969713480897937408
16051471
208104274
2180823582
3515085202
52136185
131497030
29501253
803694179079458816
15808765
14982804
1078086145240514560
554143026
455204484
216065430
810173876466515968
123500736
16619709
30290980
248735463
1169826739
2683544234
865339383200702465
2863266281
134949295
17693443
1020091683008962560
437479436
21425450
1047759156353159170
2791928319
2865404679
404842416
1001674993535799296
18563202
4808478762
960186930859298816
89964231
773438160751714304
493276617
765735376912719876
14632294
359831209
1317129865
625297031
74857715
108146685
359219686
1410437030
1219888003
237650650
234694571
778713354835636224
468076687
87584353
2198358416
703573219
2764354965
783792992
24457744
512612639
63526140
16491676
14761795
20131383
27685957
869641
354273518
3620615237
17232815
111312653
791203910526656516
153860327
17053097
48192034
199624978
22394209
245861298
81633417
2318700524
14217419
26396117
18102087
45516390
407387443
2907009051
1019974187975430144
19573968
2852468887
18142371
20309837
1467737210
14839109
3063874276
1880725393
2983206962
17544803
605923
80944765
14332082
1119502988
947956236804337664
805519394
926164634570067968
933014576647548928
22802715
798729566126829568
5867132
74034483
962005753455243266
14707266
1044554336813142016
463765807
1604444052
11383102
969688546373193729
14358365
18979543
14886176
4487760737
36623
2492917412
3042711
23100755
21069283
112291593
773958371066118144
233842454
700695416539459584
988311691611041793
16434310
48352483
3344521174
2362420566
14084122
956067732
18414632
15458277
27301650
99586343
1671349598
3984438142
885553444232278017
985629971426181121
1017883562450849794
1318408266
776166459261095936
636456897
1205516473
199436908
147654165
915897697760137217
127699630
119625403
4861349532
857970652149579777
1014199723031449600
33537967
2588726972
1043541490457370624
1711281463
842898917498982400
6753902
3961541
19677123
1912681
1041785194095816704
14221013
17103559
29622975
1398650820
706852789792710656
3574875675
38254045
3471901
2822515248
15714104
7758132
206001945
2387248926
342863309
1955655506
7097602
18143999
978344970925961216
3007491
15732567
2902651666
9104202
182970067
2421934776
2364433428
976193117497053184
19360883
2305336098
972644920371458049
113522520
6219222
19563103
2348609726
4829413013
41572443
50810156
774337933893636096
111079735
196090844
3091479862
2396006202
1056717649
16424420
115831933
1026967480445493248
851211
181646947
494024520
393049394
1030477865920458753
16502593
892266780151865344
18204430
86533185
8834882
1577764962
19174898
742835944034729984
796483497078575104
43707210
10281962
818488898418601984
54094893
701725963
181912222
223416400
751701212035067904
834504883705241601
504906590
17116749
2192508812
1427982906
922783415690252289
439273539
14061661
996723303585902592
19968025
996062376729473024
1014262910703493120
3363584909
728896474067566592
788727472506408960
54163837
6688542
360324153
22408900
166739404
522593098
14861745
322016035
801614917002375168
62513246
867013307999412225
409280245
882418404065517572
730920151063793668
4255361
1425924810
378643551
14239043
3320501925
917346226399596544
138203134
21700140
740008316076593157
950824252562903040
3226827997
67941602
840171
41155540
872535841641345025
231970459
45891623
773564428713398272
93618186
782482
2283463274
15340180
897861037
123695829
853545438825385984
311880926
10834752
851116964026224641
890863857203384320
24254084
805077004005625856
2999992556
20904490
3128822361
187518287
1234713356
1244079788
735705552567685120
1634967632
16874506
1912054296
19766166
744728451551207426
14475298
4234701683
14111432
354161158
2534669390
992115165716860929
791070237949034496
21218554
253980248
1295086058
979001102703255552
15196090
929791330519322624
104894644
1854373320
1689421
364593753
19689981
583637312
10003202
17595439
91825377
727848992936177664
15154811
948358354052747265
288907326
983429513773187073
1427881004
16538210
11661402
15714107
58073253
32493647
3300876766
57711417
16614440
877616433609318400
50393960
17899109
161801527
14550221
25770354
907110845980614657
2745835322
17620729
204147243
30321204
905421382451941377
20406724
23451153
545203265
2896892108
14677919
35773039
1040931031
820705814906339328
2598300745
773795797
462273819
6073472
224697103
101802390
920491754
222865265
6435422
18132640
115660120
627568193
963823401713524736
7860822
351897105
3251206343
3372585701
38047391
250386727
16222806
965734115520651264
716813053
927491433032028160
925765664551215104
427309984
920240592235515905
17681505
21448858
22737278
19351707
874727419831173124
450074804
364511203
30960103
26085251
56341402
126654280
574732560
33515703
18956255
88273299
8653962
584745858
2306896992
33677565
92124471
278083839
15464697
968172271247548416
246939630
14414286
4273224434
49698134
24463149
25326285
1915033663
872756292
820585
30364057
906545648
763134073435029506
24165761
964481775606140928
965266179836252161
965015705123930114
964531745893863425
964032914626359296
320899452
39609090
964559013991059458
8280742
21134925
5448992
3201131333
16892481
22674817
102154357
24835922
723581160912248833
15764644
935447275
25160944
224079521
182920176
877869822683623424
383289779
4882743003
14140375
570038380
8748172
75913
845731495021023234
388649212
19203768
911297187664949248
10724012
359188534
2894374621
744814089172455424
101414873
1200241
69133574
14787095
24228154
344793630
30633069
6444102
3249034201
276643081
104447393
156493032
94500877
1594580336
838207103852396544
898853588
9861312
824157
2218124766
786168247301185536
1214573959
3935341
905255756789825536
1458271
18145341
79299249
21084111
8963722
860158302
2694150236
1051053836
20105978
19394186
4206492575
384203381
3333055535
14048901
31030273
2189138839
111876979
14632640
526292034
2257057730
10081112
20813165
10034972
317750991
2244547699
846585830747652096
21728303
18955413
14538102
2266566666
720389270335135745
176371696
142752345
23556190
1924352143
225505935
904064391112306688
3223426134
4207961
5742482
2460047754
46090073
525413893
6476742
16707966
824100475473723392
16303106
840618056678293504
75927392
396163676
14625212
21059255
2610768194
923890863851343872
8247922
341075360
18064767
2558067834
2334193741
16002085
768892734220349440
15554922
1769191
808643142903889920
17307673
732680838584885248
40217297
716255213951315969
1246421
402519372
1221377785
21284641
876836257661198336
74541831
903345674472878081
224180296
80650058
20097362
109387660
36684736
914877545669169152
898924017171738625
2316383071
3151991755
15862891
487833518
52789379
616611494
12798822
804385907641978880
18509815
23030211
1343132275
970207298
19564105
894719812366196736
2972596395
6857072
825751565403238402
187718921
18164420
20758355
858924511
757697700691181569
1548292658
14941540
177163385
55158413
870364054044520448
2494813172
15030824
46506548
15033829
709476815090413568
819927704850038785
16566341
788373368714256388
332196424
3931240040
749672234
1283178246
2382286849
257319757
16810020
36515907
1644676172
834041491928576000
17029124
1172795293
767652980
746797336588738560
4060772249
16435408
153154765
71759409
232294292
33170356
54638897
29586736
48876524
80653466
40425262
821766660822626304
3626009476
400099270
1675730336
1474335595
11706492
13977062
3194778955
390611045
14311035
18305305
14573390
2826890576
1694040764
3422323522
21299157
47509268
129321224
4083688114
736380325752774657
15049077
3379237066
14280445
252761153
3035264968
3775651
29508165
17029640
176906206
14145296
3080761
3234931837
15305044
2184943214
856957674793033728
16955870
51757957
3245142196
125314761
248965136
389005082
3701125272
254251336
16268906
849223975968309248
20184945
16817883
824292426961408000
789464599
28240340
237603861
16935292
18182848
718191811534196738
219062922
2293595930
436095587
17063693
702210829966516225
1243054812
1098433052
15290682
18720204
37665322
719967213336322048
22389244
847424815547928577
16451270
28339843
1039361
20804020
17495946
3099501
119390281
413112380
86626845
829180423469137922
105132431
847150729965912064
137703483
820032184539107329
843771913231093760
16435126
2645602164
36737360
815050061822521344
28185163
57047586
748543945823633408
810590628727914496
783356145670852608
195301167
20058825
4219271
19045458
799394402112184320
259494950
400292974
14939913
16129920
840612089626468353
316622190
739338470783627265
814151081110470656
86424236
100051425
824748128922316800
915041310
107061895
850645992
18089292
80869977
761302448296386565
290725575
84043985
42953393
15341579
15002894
2498917710
736639776821018626
85649579
173881525
14835756
193063049
19158981
753586158844702720
19040598
3312002620
48903
596687292
596964216
824720523904978944
547127908
22512172
16868756
288473878
577674687
53751774
971997368
96612686
269278719
245008957
143152977
153460399
70695732
357561744
235303284
1153887967
549603125
279220669
377838547
96435744
78438917
57612672
83813880
96556836
170732351
335463107
256309106
900361398
763866283
5491272
253647205
7040032
746304193422581760
146123790
3010840484
81932034
2165374789
3230388598
261789755
4159768852
101337016
121846593
85224634
824473943931293697
826309249315725312
2588883812
30354991
809194450840911874
15823641
47475039
749963
29417304
1581522368
369038524
17006157
15453
15032736
824320219866923018
823565852922576897
11837102
822517901294845953
24163191
800942537083068416
2293315159
1093090866
409486555
16461990
1589376188
812383935342649344
3034285955
15058411
21301110
136362842
3320655213
14093339
2561777876
10343542
313323304
813286
114870265
458966079
768321709
1465481
217804739
3305013856
807045450326904832
804586324795617281
78285757
1077808368
761561820075294720
722242009
3226505335
4874286179
2191002960
799047255378391040
5548952
701022607
797689217107247104
749779355694313472
38737422
17261311
21178259
187521608
17354555
274121823
320959649
724575481
182458957
756331316
4003290629
721808153722007552
799133642249244672
7152572
19568591
65698096
25073877
14782688
2431686332
16621479
1281526188
360746497
14514804
24167314
121872852
3442793834
209309794
39525214
63273480
15005640
153146297
86239754
50128998
383488045
14298448
531432308
961461860
588852857
794013056
788193738891759616
39272683
4824029985
260907612
781109084338532352
728685220040351744
3433099685
3630411
4193756954
9395832
218911619
468222626
2921788528
15169290
161563071
200434844
2765630239
23564635
777135943
22544842
296712580
4279321096
430697990
754041662997991425
14903327
2457485305
32124032
2400631
1526182700
12994322
746923
9541832
1673888166
4215881
14630468
806901156
3303884845
252204344
19464155
380749300
2913685918
252651191
700539118334312448
3307422171
14177696
10232022
4626964301
15863767
831470472
14656222
142217594
36329597
40326609
87795235
13410842
180298000
7030722
629877726
4797803236
250243273
20273797
763153355669594113
717997777515622400
726552444625408000
33836629
4257347277
49921739
2987122085
15107896
527416225
213114837
43412697
3207393315
812984
2347646468
19993493
16136933
738180749111775232
717402793116442624
2216287027
11866582
74584032
661723
330151669
373399001
3303904384
3712590975
85605334
491631309
5743162
10239
90407918
3007243423
2830254912
774909
231151730
1910248830
15290609
29994840
379222014
232334233
1633358124
1023072078
22807586
120821393
1669776499
3342929843
194203770
451128139
105768989
150078976
2431801963
137349966
14320209
15463062
3281181511
715214192072986624
2709791754
14712653
3081376528
4631863647
717252397937070080
1520105341
14390525
15150655
1441673010
1729893264
997629601
1067309802
1483
21253578
371017223
15025398
3883869988
41353586
2254561
527854766
14397047
774838
87459327
21780251
1955038628
255760213
71738480
14223726
119348224
2853826890
2510333484
50092519
2526991860
14085070
2924577272
17741006
7864222
2364445033
207385522
1230943206
2906839101
3316144782
105179571
191968036
4892498170
19767193
3160994991
216939636
16129526
2807470124
20641938
4127505857
6853512
1603439773
3400161376
14299418
402143587
252735965
3305501631
76642859
34743251
810538
83191094
28321706
114733185
3221100423
53212799
3283774369
712642114681704448
17856025
3017608006
3221371596
47194559
2831665301
33406544
381187236
22797514
25150468
19336166
16028499
3219645732
12609292
1357281888
2432526198
16030323
1006945298
102804709
318368492
3525234135
15583025
6522202
4686775933
16728620
3873471269
17861792
98662718
14533900
104427626
605837459
2575169102
73971750
17728231
1468801
16648767
337138660
2832296982
636023721
1092795044
1376401838
41847514
7900962
3412532241
16067144
1492778527
29442313
3300893846
2932719107
919107624
3186584087
2216041938
3310720268
362585949
624668875
2832082568
1095670098
307971284
118747590
380602156
3294359094
5380022
19789439
25734277
1968212731
23044236
2888895350
15194201
949438178
62644597
1854452096
2397531956
14985379
21615933
1442655894
3513830355
4786709654
54980022
14800270
14269940
296979153
816825631
16483625
14925313
2529971
480844917
2913942665
374414383
4257026368
20825949
36953287
193115103
585145399
2460368252
18466967
4748801548
89477148
2338865312
2426
14570884
133850102
3131613922
340212738
1201186872
67213875
2252923364
3697013177
237738266
531697681
2398777836
2925904998
121881387
550247610
302666251
106109075
63798154
2792420270
4048115123
1259043697
51606368
18549100
3296096264
1944535268
2460502890
154058629
28289748
4398626122
162124540
3214690125
272383136
3641275694
1157254406
14185405
16171911
13621
8180052
22963112
199205892
4894431
3946388660
2366194867
2981463028
16982848
2142731
1581770840
19998324
21066583
808627
17877122
3020272996
3871826339
988320878
2961783350
4202183893
268035072
539080607
25624940
420507548
19819769
3057708580
1156384843
414931967
1963617619
3311632052
20506953
15813127
151382847
49352512
12374722
1693653624
163858750
19776354
3871748722
128429167
18643839
1898653928
3350730149
274991683
292406632
2444779273
48636190
2713589684
542951626
68848910
1865494112
1903859166
3699001
67100074
219943294
15180311
121897963
605999737
28209004
93927883
195841822
2251623492
315490964
188578326
2434879302
185280748
389900156
162535413
71643224
1497337766
6477562
214012219
3907382243
14711619
13251782
2250235213
22943563
26207038
316327930
484819220
618047093
150185852
55525953
1158218132
2848359778
13079302
2704409172
3133020584
3344188407
127904641
606776750
2916305152
36155899
163126077
14478614
3762403107
3578706853
3311113975
395367768
26948328
73939990
1666038950
1598324696
270546697
739521654
2802256873
800449968
79278502
24961156
90918708
48194891
177029154
1537052504
13276162
2655718422
27337643
3010664577
17673012
235385000
15150080
121173422
2919145157
9412672
3511866015
14506075
2897118528
235405637
254052728
3232803571
59126394
80035797
109106637
3143763525
520433517
1960957782
2382712322
36024756
252245569
42329259
2979812014
2885138213
3249430101
3379483643
84661546
257355139
218664654
27941766
3316362728
63111567
20215203
288194586
330127972
21922206
1571162173
2801406986
3404406503
16968551
784824594
566709644
3239418560
432833886
36133587
811916034
1339835893
216776631
4509741
267347530
611858222
1381929060
1051171
20715095
2976677997
79717747
16971428
216735143
18659539
2331830132
8623322
467021491
3275245574
3195799886
3279843979
556678927
15343494
3275217746
723405457
368920797
1321535000
1873322353
3182279462
282569666
241079136
19893224
369958119
432665924
77295594
49413866
3219884864
27402194
2981649623
604686251
3325091896
3244055041
3314674540
575999970
2327881
15045590
272065025
44217911
14659447
539946626
16318114
222536250
627187277
1536791610
822215679726100480
16536215
18090088
254792310
2451670998
2823975728
14854476
14420132
352673744
2369584392
1110221
47325650
2214601993
1666663740
2868044160
2904757123
2927379996
1236101
15308526
120029735
3183137060
386330001
335145634
2690078923
856684314
103693215
544524144
3144037529
16211142
519331011
2332144526
3020624174
3121617746
223991299
138517584
9283312
549507258
2221167126
44776990
119048849
22659609
19246261
1960923968
206452449
18728897
13377392
16507835
463042482
188481378
2671560560
18923276
2461739520
1586734111
173199311
31794661
18248552
16401959
383154250
8956622
572305676
6257562
520778935
157074463
13334762
14773649
13393052
13862172
2991697611
74842795
2292829021
610659001
2391533689
1281581
275031945
8412262
2914272519
1251332575
614592107
247082818
2383547119
1706503148
2274413828
14343189
133770062
15425104
11114
2738151
190246525
1040184410
354880191
2979712174
1728963602
1151537048
887055386
205315827
209012915
20515207
44487069
301619177
17600799
260741931
1349830620
321575853
2934922098
1908304880
44196397
494357346
2383600026
483986116
25386861
381722169
52731955
2934426785
5812292
73486672
106062176
1326144546
40631172
388503174
19282539
2835291493
2222312184
38582653
22896465
2389896049
2450881808
337886919
2880962315
15216569
26703365
404946566
2861867520
404442001
81824914
14398761
234947344
854581958
349881551
1433601674
33200012
354216678
24500377
23602600
1667014177
30991029
146213978
2583464917
2199880058
2833147639
170919220
106682853
2576444334
1705217731
2880973698
2806247395
7630342
3474271
80601000
1726915668
760222838
517710986
151991364
234321271
165013005
1418236490
2616657408
288237991
263020833
1227698863
5940702
15313329
552397077
20187443
1468138003
1963196658
720754110
1915554793
11348282
1419017636
14343004
14343368
377186587
122443059
209104350
30026118
7517232
2683321387
1936691288
17712992
16448472
2645621785
1121934716
1191541
1883289583
155743931
29521008
176537792
2816959777
55229892
390284285
583814681
223691680
65375759
2264962136
2307268194
33502178
43329269
1962591
1257618596
487623589
1484011428
2398901665
14249829
2584417106
2329066872
2452073258
26970530
2726940439
2516573928
3573701
187214458
1180469892
7263902
59810703
2466224420
29785823
137712607
9148432
53454099
20119483
45160435
56741110
351715132
868662894
2730922059
16553374
104462518
29891068
18059285
133401042
1488289106
496731424
14208970
305449685
18433949
438860229
94596289
2701241522
347276428
16319594
262396578
74435134
17406425
17931232
410605574
2512314825
34570753
125190426
382134761
297045249
1323760146
1960705284
156031097
16448704
2381133948
9627972
62871332
552566134
2282413980
2611870982
2615320082
2559225829
201892111
2340558698
2303751216
45848833
15528719
2335347078
1941633097
134765219
2158361220
6045752
1591684346
2515473380
1392826357
354914156
2499461035
80589255
90845223
405121284
424877266
118466995
2242867352
71532667
1357286708
15222016
2250317862
2358382820
2432682949
8876132
1228746852
295344317
144592995
235261861
177507079
478181304
143344335
1448481
16434823
101013718
72249574
1894231788
2159775193
89785537
1689419970
1860665467
394613
1644831
2309146435
590071091
226434314
493456371
183749519
1640690052
99173786
724477963
2339397540
1470140468
850107536
14392797
134936039
77015373
10587552
336161339
29509441
5734242
52332354
135899401
357132149
9429302
20132239
616287486
2329800492
1868150816
167518667
35761106
1948032967
12376942
793926
2284150586
15762276
472057669
2333206536
2201640770
534255106
743768472
63241507
16067430
2245759994
339750542
1571270053
19935575
96435044
14245415
537473601
172020392
69671781
944781170
16562949
289156825
2163177444
16996407
2294987726
748018813
1110167586
1526228120
33327415
4519121
1074390998
373919439
1344951
1081568149
310616113
15134345
88412859
17413602
1616076026
2215394947
100127476
33196091
300868924
5427422
1371790790
1244850380
14748668
1363699190
1077008904
13304662
237831546
67591743
411733308
19854920
1580349043
393313305
574032254
18762875
13294452
478025833
352321503
51734793
12160482
1381588260
2207892020
16589206
1316331686
2209399928
1558760180
75993059
16893700
296003222
1253761873
13232
545445165
14855613
147493361
1283157283
46452759
17324052
2181109652
15808647
15226458
227458257
364677403
15379361
115494880
12241752
132373965
30068744
59550822
245826086
305298947
48069990
1966575282
1246397209
405979945
1688417360
750352345
1961485976
38254620
38539630
337357518
75115403
1106188848
248096731
1577235728
338416941
1416129619
54140227
301355729
917442644
159950527
90985028
703213387
145592403
1692319597
980046830
56713067
208988759
1494655406
217010849
1307614093
388695240
860076704
126406252
5159271
57647138
1678911025
234590293
16076032
16186606
17427564
1587495132
426816916
254791849
905609810
263079414
116777633
154251965
1569180318
14613875
194145842
133391521
589384842
239255514
23195240
477849341
109702390
180036582
6851972
415881007
16656383
18829580
392086269
602798933
72344638
10051
1428575976
991745802
18893319
9588752
284553
936881
112039999
168888836
82967815
14064400
492167371
1455056994
6245822
580519941
563306664
839549586
429800217
319172054
68627219
86148456
65716994
489583399
14685648
12551742
82602887
223422436
1010697330
312699023
966424544
1139640792
7404632
119711344
22911342
16467495
14523409
55236002
17925320
20542737
15143478
47433304
72338082
832017398
1319510172
381644595
12500962
293791877
117896469
492928925
1120626926
31586578
244991150
1093623200
14444911
28354167
19826509
18957805
247943631
203307838
11031402
18267597
94642927
582161546
88996186
378261200
824065
594616066
1243340408
365017572
1214561300
50733972
1322259607
39797585
1266466160
695043
111841142
376019079
31432598
1302553580
507800318
259447010
106312034
14747526
622460633
16157656
973350253
434239710
127143042
17657107
238436945
152862026
102486146
2937071
36206094
80618068
14139811
273935884
14308843
140956562
519904646
51067708
1538841
26926819
19002346
1017429942
26616462
303687748
870362407
41667342
64983246
114029963
13796572
148813813
14872511
104586790
12927162
19528058
1022555000
11990112
14915653
755291401
124388447
1215950024
14135186
13126022
3339171
3094891
583897160
257618993
70478255
461421839
13982132
16511274
807238620
92144604
3558021
72913473
31443503
10182882
52245050
5491
746883
17981537
120552121
104753494
164639178
112475924
85390802
349963
14834982
274388734
550204442
14068465
1109178072
10140
14382993
919854116
106360393
821877
14263699
20963651
6998432
759249
153347833
146101635
56463905
17013577
69304620
104960470
945943164
898126147
233371749
7971882
21280247
471913605
16017475
14749606
20585553
326036921
210787605
785713170
771393770
49976458
15184804
116505663
349324792
789874747
284718050
9551492
30839281
16286962
20967403
207845629
344863481
5668132
141335663
11107172
343650918
107471115
222953824
16084102
68769736
505650259
14697496
34232168
301193090
755830
201870414
262130711
13
12
460628422
187744565
8960202
263924150
207627256
9950242
7925822
74543
14172581
759053
61074651
15398764
194094820
815594540
54680395
376326490
477168194
632360987
34255829
14420872
6483962
561553429
112806109
260252749
22197926
2329921
21787955
19920203
14642896
19701419
150190073
897811
247142042
225138752
211552689
223507570
17581976
14381760
170783148
245268833
523498201
17843279
482152081
15859033
352650591
103004948
342250615
88892707
14448221
451448044
7079752
155470822
468706090
620772259
501968170
481649578
22749856
382257360
40816627
484411239
20806880
360831528
17867604
760038973
108738422
610163202
329714473
14723614
94856925
726425640
575385880
14267706
270527418
9942252
9207632
19408655
630517931
14901823
228475673
214540798
733389080
519694001
499497572
89508110
427323266
115877221
262342417
104615636
7288362
475974198
16080324
408733008
607469205
579299426
585439060
15473958
1725711
9266142
251569665
16036960
140118545
179797676
17050026
57571700
175091719
17214580
253122109
26254137
2444351
6582742
297500259
273356549
135592507
38101189
308762488
271578681
44141588
15609200
21224618
17981917
15728161
2729061
33838201
266393764
21942174
321792211
27596259
63801028
165367317
126881128
765548
14706139
5959342
128555095
331803536
27707859
633
190564700
19978107
18695747
26158691
1118691
611873761
14112045
23813634
274580947
554858275
443933998
31239276
27043063
74468143
109982529
22809165
11425292
589734186
16130960
6716292
595975114
41358714
255630558
171753220
16694108
269584194
46299743
19588475
572997284
113653403
25884563
20298671
17047046
222362200
320210499
200996852
583753717
14181097
402875257
567467234
930061
537409790
222765418
12512112
237409428
70758310
380816062
106929968
1254161
1066181
278930750
23180404
16944165
382298665
19006352
16019597
458647237
564995462
17396170
461323642
12432262
295430141
84351228
14185480
16228337
517947830
64482503
286504285
112745660
6577922
633443
103989154
14274497
24133831
14344469
14963343
15389720
12342812
104745184
394880684
307509250
128232442
1460741
8719472
57320656
14191640
311404595
9522742
450842550
39497992
93950513
22642788
8143682
125376632
14389093
28041427
206597681
14169354
373875125
13502742
64017773
1175221
465929514
11055732
483850801
18871681
14274132
14793714
19888273
41006650
276238042
62533
287387396
15258949
28044146
21759817
20148603
398433203
2355181
12480212
5637652
4215051
90083746
4142571
107722135
10673092
486404205
486169804
19456359
370294951
7160462
136532538
176233506
13511492
277219019
18368401
211177035
16843817
12509892
14526679
17449143
240377563
321660017
47753705
18999920
169304727
458385130
1222751
107522451
14091176
15911738
58225585
20321140
462075739
57189001
1039531
7004052
355883433
145749531
1833561
52206988
417209008
86640232
405033226
18318677
64015230
377496154
47876842
22509548
15028398
81460950
18504532
16016618
19843630
15865878
22363802
211243284
169284011
7431072
11388132
10293822
441490749
450929005
64250417
134072288
449265724
269700525
25199461
5971922
14335498
382393
16488676
16511554
36843988
14065835
127634032
2384071
325100970
18367054
233671359
15748351
169887721
87671968
12434302
14093433
25583
319770079
12456402
75361247
53560219
313626071
364488011
196591040
15521075
83212310
404150867
15248437
366828107
17271765
87899230
17567533
116306762
387952600
199332628
29502033
15318505
7106252
126185444
342367442
58569704
369732344
350424151
77522694
1186
25743783
375668090
18525497
355448084
17241749
7340612
45580925
14786131
9271782
17094858
249351969
16629994
34227622
275211066
20444968
107391777
188411659
10330212
108146681
21808052
166226546
121617733
26000689
43643202
40713876
1147031
285907780
14649205
198584761
239902490
272811073
16081414
267256091
30343716
37861434
12381352
27238310
16729338
236703015
17462723
36900495
230020773
270185987
94468605
109839156
23751864
49766535
45246595
1211311
222959095
15353610
14355627
755959
17346968
47948264
61111487
816653
28492149
21695487
66773314
127003086
18223968
158865339
18230519
14043142
151774839
211323126
125614071
30274317
204297410
14288478
13332772
9720292
14109167
155240092
8564482
19951439
17374092
199043024
17868090
15465385
14331818
2067201
75123
19387570
160302915
70132580
15668978
70503954
85307840
15996534
26299160
200456671
11356
17780580
20342875
5774792
10695152
98098550
17784479
15414807
104188987
754980
288429976
224631899
755373
14821718
43950187
14372621
239052557
14230236
6073442
4816
14245811
66776735
30318395
27106703
18705448
53720690
9812972
86390214
15579361
14093707
247672062
16143105
43593
151507082
32977350
106204010
86390762
49793
180960841
17011077
45579466
774575
6603962
6141832
221835760
144972081
4761581
45562530
7037192
194728123
105529826
1366811
222246979
16317778
4641021
22839233
617133
5409802
14295341
148815591
5428712
19854058
15626406
15289170
74719185
19256096
1285451
617243
191982243
6621172
19536353
25676709
14984090
119401334
14192340
13918022
41383831
107289311
89545649
196065755
88936048
22911650
67976245
160877807
806545
57190437
12413032
12372582
12190892
15132914
7129072
9893772
44553548
134705572
15137538
12984852
14799261
12819112
14923
91312237
7905122
5110861
725323
10012402
15237935
14568034
19814810
177222469
113130846
8381682
58066424
40846478
15803034
4339911
16515488
14075441
