1156648495069192193
913975943655542785
1238232492685103105
702592127587393536
1202683638308950017
1240681780316962818
930754078044491776
1076155109258625025
1236557193752657926
562571892
3040808410
1400765198
917386554280239104
113641371
938360848648753152
15134408
23863969
303687748
720545088225587200
1219888003
19113082
887680503637307393
2277104654
45827473
96320763
251585894
19853963
34212459
20762184
972644920371458049
375668090
2409592178
88936048
974716085328105472
846771560014852097
1202110874
50671466
15813127
2174482088
1227209903338594304
1096835645086072832
2338330770
2838066551
17844929
3407401
4863609262
1042391742140612608
3760338017
1186238484362739714
124176132
271031399
41210876
277472314
822020355606925313
912430642067132418
1224302012759715840
69133574
286675126
918804128704401408
200519952
628562704
235261861
737066055986774016
816450116127113216
3002198285
1565623927
463746645
20637708
1652884033
1549209552
928915349201932288
1134041973168443393
706089065184108545
1634706151
1182481
867402039143301120
897226646230634501
877046059
255517813
1257618596
14403154
2789941273
988138008351248384
14698489
137885308
1243054812
46066476
45297280
543531239
124036182
3063739155
177788470
962517114
6930722
253449166
3365618279
450846609
153158056
3017564139
408084829
10368692
1206584349874933760
4874289952
953304055337668608
71762380
12486322
820367095120547841
2820249447
314860080
741200766451523584
961182239118823426
1151942630630182912
841786994439163904
1142057512079781888
1130926127319531521
1217161437359067136
2810688646
1149997861792288770
17235447
1146379516442316800
610609534
41577553
976193117497053184
961596594725572609
878192402779041792
1052175276988219393
28788786
17376218
281605060
1197874989367779328
820011960834125824
1085550148049162240
471550563
155814794
722266969
1203712593887744000
1694040764
3233484298
836548849
1070603138443427840
3138525515
993578535628484608
1072086152797130753
1046447156637372419
1016415942148947968
14266782
14309386
436459110
81213511
1052509345391493121
376388111
14647570
57320656
472057669
2981013099
240303148
1112553272
1170151913855148032
278980371
115854230
1133741934852358145
1354756442
1199704819650437123
708012107686670336
130791303
14962567
960571477467844614
15425914
23622967
3704290280
611721065
4099048259
1163845068719120388
518611338
1197531741042421760
46392565
47962707
244129939
1878836546
4830698577
3394395353
147139688
3369212848
21744554
2426099005
134765219
3037533599
728685220040351744
951169512925097984
2816947358
977141478
485630104
231970459
6069772
38101189
15325768
514856212
165745785
812383935342649344
14093339
1139250565303742464
258025439
127699630
389005082
841631347026333697
906878848733777922
271317246
117682030
1361700902
81629887
216356099
803536848052244480
780888679719899136
3400067565
20224599
1113903788547559437
1056717649
3229107415
51909512
517921400
914877149164789760
64346035
2420657924
1173092412656250880
1306979454
44937057
20429156
1187284334685884418
84043985
3135836980
868090979919826946
18912915
67529128
1960378178
897389233433870337
760547938850447360
594278352
1184131539627466752
404442001
22691822
1187330437196193792
763827926
3107674264
224631899
388503174
920240592235515905
894086638044925953
1184088017503436801
22911650
42425069
922879690326593536
225755819
41635446
2382844186
2419391377
10690422
17220728
130690431
4025495236
732815670
3223407511
706108149174939650
330312509
335800766
718191811534196738
6688542
197868423
1434359630
3178458102
2216245224
817603403677253633
338580744
484332536
3209949862
221449234
73069706
2239435250
12984852
592612567
55547770
1287517062
1089440422135562241
19047753
19136693
4339911
14908120
389135572
18219475
20386697
636456897
19935575
482163835
47917199
337124515
474034258
41206643
533251367
422721396
376019079
346054122
2838358556
18509815
811939304884867072
1332532410
2982416509
9437692
1527972253
2434037604
2461739520
797103752830402560
2530709258
1247437484
69497443
1176229838979588097
15186930
871748613260673024
48636190
737373675654123520
521527230
2511553729
988608263305474049
2275217155
842000937505968128
39721543
463923139
795652405639737344
474513196
1006419421244678144
76810409
36956198
25676709
886902719406981120
86292908
29460483
253538752
39194970
721155911776124928
95233492
188423774
16084102
191463787
160877807
1088089458250039296
244200123
50095170
2943555119
1296859046
4763582189
2306546191
621706222
234304961
2897193995
27620289
307615698
15688463
3645858808
4853343154
169411292
820089325853372417
794138010879148032
54843801
86538134
15084892
202266389
3880760903
19936043
739410563776798721
267256091
18226927
6562672
775647982754684928
956286027072790528
2802256873
1049968858893836291
95640686
732594550607339521
1880638908
739271654920978432
569714177
202087082
735811158469423105
74418756
18798768
297073565
439273539
153428534
221032511
900253694255616001
2564134865
2355383844
324784754
14585572
2342245093
1049939950613999616
1005256197321175041
356819199
2729061
14245811
702139189362614272
2375288959
58756672
575657816
210341321
36684736
984112038359306241
1069993424
963724818611867649
832179311062945794
996040038206013440
2709561560
10975752
2316877309
4143614967
4482278729
124202458
14341386
67713333
1103657601022246917
44890780
3238913399
1692248610
748961759797489664
538714687
2170380296
93743265
823277695
27031193
632591287
2535245767
850643877442838528
20342875
896656131136925697
1133851714786926592
395367768
111093392
966397632712232960
3441956892
1145371205966454784
460544490
1029695930608611328
823740494781911040
36380741
125695429
2281964312
1144601927226990594
20049102
53893339
1299060908
2742098774
277113913
1142526119532515329
416157021
283200815
695043
1034415977897844736
914571353977708544
225236194
49025071
16882405
1547672432
49421719
29014671
57944123
67591743
25665283
35269543
744814089172455424
167394449
211179164
2822784074
1137462852338507776
157802323
1328352025
3071162052
129181096
1569180318
558686162
108899342
983429513773187073
1011802358974541824
1014145423861153795
15661864
1071043914537295872
776402106
26205565
805592191875694592
1027148331217313792
222765418
8695992
1100329982029639680
4430502617
1060994982
1014262910703493120
23534420
1909219404
864928799603011591
1097834602968895495
4786709654
898625964246130690
10012402
39776400
975973951
12336252
13251782
705207700045467648
573184119
244991150
18881614
319124822
933014576647548928
17645638
14475298
38234848
7129072
997007086964764672
1639877449
991182416
14191640
30799501
3998461881
220961628
16831011
125601772
369758524
814826774
378615210
16876490
19238958
961644070346031105
11385492
2955291482
14045465
15839929
954193699
88273299
1835821
20112774
237988971
12497
51105554
247207180
1119502988
16435797
3003743254
1076164049480622081
70345946
15430177
921398240
1025439320738590720
438729858
22963112
791070237949034496
146567174
15090415
701385996
1090659468604522497
865157154772320256
26207038
122079104
405066140
2914518479
4853855945
786951187841122304
509273285
525413893
735954684981084162
262344795
720754110
390159434
1003659088306335745
1354598324
54874945
17906547
2856932848
326034810
334720576
20624794
583180584
29704334
112696327
5402612
28580099
203004911
48400758
33474655
741336421361844226
99173786
191122681
20653310
2196680173
398087684
987181214
32546966
2460368252
750554018
803349641043574785
492305696
833376066966167552
2461066782
4202183893
840612089626468353
9104202
1151537048
483986116
14491507
11533
4379973978
3314247009
895766555140788227
879783542498217984
420574055
1021413263177846785
377784881
720255797859516416
15137538
748637163357499392
2500425074
30149171
866464664
912962856467013632
17638298
84825820
102118541
1113369053505236993
1112120124897542144
11916882
18721034
130490305
1001255204849831937
402180727
478181304
22332147
1082988718225530881
157641406
1011628707038064641
18049518
802187
1209297728
450842550
49539362
701022607
183575679
1090590499889729536
15852088
1244534750
702853537361952768
741931572190924800
47998559
19570736
723667033532018689
203332110
764100824423362562
3638422932
197008427
9513832
2548686548
969713480897937408
734800653135060992
800459756292882432
3718329736
3504017476
734428123408826368
193301414
3356613700
847190167542652928
915898524277067777
1015574182376230917
3087530651
765872801328820224
2321145110
316576808
183170384
1104038945250131969
38630406
165367317
938826135479160834
1428575976
2847590355
2737947159
202342149
30960103
857272676309549056
109839156
717733727493816320
92634871
3443391621
188833865
1046384036321652737
131368505
369950283
3931240040
38866651
571970709
1636672459
16611828
118747590
818132133776592898
1030477865920458753
928647671530819586
892773248420675587
892796129653469188
2329061496
906540343390339073
147654165
179036742
1022798731354300416
3742093696
903903705019371520
376552820
366132072
3403937788
887257803555000320
1100480181297446914
3306576923
941635882246901761
2488774495
3740214921
16143105
1250366947
570913139
115660120
865339383200702465
2493407430
736221501209202688
748194882787880960
2919891022
25151703
25390350
39351968
210672830
208988759
289107682
894036494096113664
919242251150221312
905764133194301441
741008127466831872
4171159534
907605766185668608
534255106
120821393
3012464307
14711491
81664684
270020132
837311057790119937
1073388199
1640328248
15446648
3364402234
1944865688
78873087
15237935
340957066
734667419055230976
633443
25335834
2904059188
20600313
3123435075
33836629
709543955126333440
995984227299725312
284553
4631863647
2510333484
217804739
37989702
531697681
404946566
1068951084
408847389
383289779
329179614
140956562
148662999
2784123889
136301916
14248142
936388706
4783913665
960310288221376512
3871826339
1576006626
1581770840
7040032
121690511
4398278787
106580083
710588606771961856
23950960
3201131333
1215742820
1435074373
118690641
2785337469
953369915544801283
145310513
708230236635340800
1620349903
273935884
342250615
84051593
602893393
154251965
3131028148
257319757
352650591
1057319287638183936
1612233594
323755126
39348006
3170810957
2660596250
1049754980809416704
812420862272032768
1050050439700520960
885553444232278017
190138220
870364054044520448
87524646
719513138408906753
176024190
2610768194
3261099978
74724779
1139105180
85224634
71320992
784195245504274432
976852526732664838
1255061316
75261668
177729631
4779558150
1366697215
825704030806634501
305285059
768092862
2446750633
2873928633
956915883951214592
514505608
617627207
252204344
891433392
2343198944
1650921013
733493040925401088
366173107
21769127
2213018582
316389142
2618819581
76515242
487584390
983453546837397505
992115165716860929
989807494041096192
94860371
4159768852
877616433609318400
743899026999877633
32331234
1329262027
805673251837882369
955384670916661248
1012847653
301408333
37732219
39694489
733789580894212096
4854211672
16612367
3077472948
31936449
926536715833049090
325100970
799394402112184320
775449094739197953
130745589
48008938
216939636
833587995928178692
2834981677
950024189150457857
885953601067208705
105075809
910594173547421696
4657994587
2831922888
819927704850038785
4917922363
870209472400175104
41375302
2217468284
52051193
158106469
925128130662080512
2694150236
748226902930919424
2645602164
380816062
748457154860965888
909963743714529280
3425409952
4218544247
2349879146
2572621075
358187602
318310715
3832230989
2166933879
4234701683
1325354862
109080285
838124381863886848
2217099931
259568572
4360546937
62566511
20549992
834063761363329024
19336166
3068667437
2208689468
2786293526
2829821241
393033324
2720877595
4783690002
773450
145340546
703214491748724736
2411132402
599628731
591612748
498542680
28912478
925937306
826935282016583681
19536353
19767193
14443044
706937406000386048
2570246999
3097680891
28628202
123582098
3334394225
209309794
381187236
183548902
2468886751
40846478
767682868252475392
1077708146
3761481203
2331871578
2831763850
774978663808897024
3081652354
2887865951
1451773004
557758340
21994103
168371479
101778101
234947344
325719227
480883946
316327930
2732637474
1928214643
2916305152
1639530362
43097381
2669136602
48949582
2233140938
3350542785
1383009344
1889774671
14751214
47999622
467551928
637087464
171753220
104462518
748018813
858896371
583031547
59126394
2244340904
44196397
1282121312
1343132275
2303751216
64017773
64015230
53560219
12819112
113653403
1949132852
2452073258
1376893698
1513221576
19843630
3406403592
14861745
30699754
1900674697
2785147971
3784306235
266571909
3085880083
2800040631
3057386284
429047019
3405735172
402894252
2422020326
322299846
280118530
547070662
1133551344
2799778863
2794955749
2388765331
131049514
2537050047
2285784629
1067906653
256193013
224759814
545043609
1161568974
130252927
14749606
14031552
632878268
14621504
10422602
28445249
108247618
27361134
52724153
96074371
54182936
51425132
70912181
55187064
33827220
56648475
15707569
