543143031
8273012
8877932
284553
2708824621
793351
1241051873416810497
1179764193404293120
196478312
950811220734631937
20982609
104969057
35203398
963002340
16823557
3518864172
1093526799126978561
278980371
779113
288575273
201826636
1615418670
992947758767079424
1655660431
132276160
3327720838
1072966000574902273
1237002328726810625
2478456674
301982599
14309386
1217141532614103040
833615710794420225
1156822433162072064
262762529
791749214
102638431
800153270
222064690
1357183027
1148302160184127490
1232754194479796230
1214929847778185216
841650621174415362
31447043
1163538412089094144
860862599407296512
1102374786167115778
1465481
1232992491596480517
1461052267
14146300
793517
1274736978
144003355
306754833
1225461381828415488
1462046809
2693837167
14209841
263637209
226669713
2811840174
889251990282407936
891019569162313730
59542249
31312972
16900536
20630639
1227831133682860032
1224738341255557121
1131900463681605632
997127775285927936
562381032
1210365831789662208
4033550314
388503174
1220914617121005568
1047644343874465792
815159837944377344
1180871463395454979
870364054044520448
3986161587
227928681
1227209903338594304
2694150236
118744615
16130949
936196911819870208
3143678601
2342245093
87045613
1224356071776509954
255334719
1031513797956055040
916735129682272256
1161886926871375872
106720338
909367076128722944
927870343380860930
1160922281738215424
339940249
1125839035287494657
818900336
721933114809823233
885496958248517635
1492189447
4834919436
2714415900
975801650924441600
1560513588
1016427203339390978
1167358017018441728
341126513
2447650603
1931803916
1123246116768817152
3129088497
69497443
1205548874015936513
1025276404596924416
774962828843384832
265740221
28788786
67995848
1201487793270206464
34933061
31611970
1037805423984869377
1189927927472889857
153485227
2431686332
17526424
227753217
4877883196
237004627
4031803935
3290071630
64015230
15577394
15427422
1100887206678413312
30284263
3083953804
1132992705003511810
917496534081638401
760171541355171840
1224302012759715840
773404144241696768
101280438
16434810
27093292
1630030681
1549209552
20499145
2756479056
392373560
14412937
9699802
47638212
24762738
4759631
60760075
2175647936
23732902
834063761363329024
628562704
2530573304
1108154493185785857
877833512849690624
79018674
918804128704401408
200519952
571425131
53687449
1962985884
1163845068719120388
9506872
157802323
1273002043
1565623927
20637708
826139157047148545
3044686542
895591511768813569
213077589
135210800
1151228027751321600
73608541
16143105
1195336767706148865
102659003
1182481
1250082110
735954684981084162
314860080
1134041973168443393
129172726
963884836162342913
16597587
1206584349874933760
81478236
991943287
745582409257713665
937715702
2835276183
14698489
1181292219984158721
260798471
18326200
34698700
96614832
3362133777
7516232
110198955
1142047961779724288
23081953
7387022
1030538994659061760
134765219
45678357
46066476
962517114
256900512
872449766931800064
1222641804635447297
130787220
284192166
45297280
12486322
3380973898
450846609
153158056
14585205
68442845
6440602
901773635962195968
4874289952
177788470
877046059
253449166
224653586
361824665
19341814
1106681184
2943555119
2586048146
5380022
157402707
3421586835
1023641233304956929
1212688776910139392
13007812
1725123649
40125351
1097531188338552832
19218984
26086984
1218589027684835329
1027148331217313792
2510333484
121777206
884742203649777664
930147870069551104
1217558172929380352
1215257195182424067
94360076
1070715425212780545
902234066870816768
2699223822
897136671786885120
886773481144242177
237667232
2796967984
1062698374309339137
1002162006537973760
117817153
1065045177880834048
737764831177134080
40707676
84395186
92294453
1192855505250738177
27784905
438728616
223364295
71160678
1949132852
14155907
885953601067208705
130491582
878459532
2506088490
215822029
183230038
14559792
3243778719
917191163785990145
231726620
87989450
741545062979522560
1052509345391493121
999734608760487936
1006419421244678144
893306322904641536
394697072
81938389
1118857218462494721
1060548597169688587
633700365
3332571538
3138525515
2360816491
797011306066964481
3816567737
839246845914251264
2725894807
3157420957
861970769252929538
918649719198330880
166625023
2505580657
790875266864209921
2897193995
5687992
2924006571
252204344
123243290
2385446900
709334034
64822247
1565908723
993206714227941377
3074679389
888409782062690305
3045841842
222661660
204870137
2719830962
1182587245640978433
1103401194964307968
190246525
26158691
21753847
1186630324496883712
742498746940809216
4445602579
771492861355429889
110244676
390159434
87371781
4167213255
1063373689490718721
397424516
3320583943
1259574902
142387540
1072086152797130753
146076566
35268240
70678356
1041058579204263936
3256220315
1196164932762513408
1199704819650437123
949448323
99240751
42507172
8935322
2466140964
2520594703
1201468485878063104
3899170996
1085964878555373569
15724389
2155125198
94573568
25728193
545903535
2885769319
970357834033651713
633353439
330105456
346497127
847435811121315840
1043875733075095557
255746064
3332014947
289660412
3038511801
198654461
1035024431683391488
928189836
773796097315700736
1149997861792288770
760513107185860609
868469821
267087362
1197797259200671744
943610151931703296
24911432
34035826
276914775
1963006057
224715866
1878836546
1567681400
2429454188
2585117341
61739052
8932272
3394395353
1187744479580774400
305124085
869874583029112832
2814314986
841786994439163904
83547263
3120328462
46179535
1167122150
197868423
2217027775
49013575
242410169
826561318249459715
2563918681
979724193960022016
882945953820532736
925472464888528896
1375959506
3131585530
2215067640
1184131539627466752
2287741
820367095120547841
900253694255616001
104500772
2790949826
2941610871
1192107956961198080
44423
938571711858884608
10690422
734667419055230976
140735403
129810881
21464213
117248150
233371749
2210326663
179214664
157073086
12418482
495343686
1137068724773707784
2882506048
733020721694289920
118012929
258025439
130690431
76479803
41148474
894086638044925953
862029310470877185
2382844186
428058083
609443164
11385
130791303
19136693
702314033479819265
891767286033514501
370804693
836678619166486529
761106683259006976
2810688646
63035222
116565254
695043
19570736
986603824612827137
890621392651268100
1176229838979588097
1237502864
263596851
2885031
1059870256888455177
1155731029379993600
875349400930983937
296873851
1372674223
1136993722170773505
2941244398
3266562350
2931499403
14644641
11066622
338842641
62893111
16388244
1185357046616641536
805300486253330432
227742992
609570013
117863395
240353764
90794181
910252737769672704
4055905875
15024966
1182393624522149888
800902261664686080
1021437519223812099
970596409975156737
2162905592
841631347026333697
1088364033915334656
1068173389418979334
893395864818860032
2885671481
1110880591812136961
20585553
1164894335999123456
123665450
783599340833169408
1468530080
314138839
328377835
1142299808331264002
472057669
178954986
173038413
88936048
47917199
2801682656
1161595343156502529
2239435250
44724477
18509815
18219475
814826774
186096225
951078031
151995371
8335142
14414706
761495682779901952
17343014
17136713
52196137
149740489
837424448085110784
12124462
468865310
885383720932319232
27415160
1013342195087224832
10680142
1170224134535680000
35193684
1363508408
3011053277
399557825
14169855
909891288891363330
1128748584533397505
864926050035400705
1004042562154516482
2658108792
487623589
3160120784
22247211
3910127533
6032042
2538241706
1006037369001267200
3331732306
49250021
67196459
389537150
931267007974137856
2877269376
1024068498
795431004106354689
472695114
366827102
2506316352
454724555
1688796331
823740494781911040
15688463
4025495236
1032011148395249665
491799594
710582827415371776
131782092
2154127088
1152942622232797184
67576430
623068666
512129018
2422054506
1160318529167667202
1083906719095304193
288125642
3405580077
1108705846920466432
145936590
1675835634
15023041
85168983
78420357
961699726012964864
15718600
4677281
165745785
1145649055705513985
828673184689971200
1067891123312455680
999157422794182656
1451773004
30860604
3141866182
828958842927079426
984295205653245952
43313304
208745321
1096882407846957057
1012686920927899648
964849526174617605
369165118
1156648495069192193
2324160906
2351108655
2813187429
820011960834125824
733290057902264320
67343639
829881163472916481
466831228
15836294
90016917
1931094690
1415799980
16284661
171131437
249665093
1025366496942415873
826111302
566064893
861358710949466112
905355235316654080
91932634
29861352
2724076050
882983215224549376
1118422823687655424
920491754
20291015
853040165295706112
538270596
491341869
580016954
846648351907106817
1112120124897542144
269825362
15338858
842000937505968128
188192905
218810992
627852903
722266969
93655345
4916981
748220402254643200
51831836
2842025330
1086956844
222567714
3887588194
20142273
104011921
326332876
341413683
2792340065
804082753
100030562
97582853
235261861
267256091
342250615
18031204
324784754
1005031694
15150655
202239137
3931240040
1051219029807886336
956572983706845184
2168962004
286675126
1153970021745483776
1009846302618906625
21285557
218470127
67713333
47365909
16642108
93743265
823277695
1069993424
14800651
91169926
306248139
82713840
13142972
269607852
31080052
1052175276988219393
597563605
14860950
339793244
11417572
3243943975
165909907
3161644544
7703052
5926092
376269888
451619490
49354895
867471317188194305
41409914
61722243
2709561560
1030486396832808960
3296626600
3384204255
595599304
1146379516442316800
12567142
2744668507
717413884727074816
856190427267043328
50782791
105278536
155846550
1596503810
183575679
827211615242158080
221032511
41583583
2603575639
229564414
1142526119532515329
160012482
1102337713171255296
129764541
953304055337668608
1851629898
16163468
774982216870981632
165062058
2880761547
3242182827
2889619139
932135675997982720
169651158
3305925269
202342149
531697681
2153403650
1097601294506881025
1131792164239790080
1088582165044948992
785631337021571072
862784743
1130244772348727302
3025318863
18538835
1130836976750538752
4783913665
956841040257970176
324928362
24679473
855384618178158592
24679530
3165807077
2859345035
1066118097566920704
271058786
435339214
1065190678819426304
85301360
210341321
875166646440255488
41432796
2941044346
263393046
1416500532
20658592
7766872
22903583
17812913
759334217339772928
752889346814988288
937090267886141440
247207180
1500057296
16831011
20875567
15595931
568484165
594659134
24574573
61802282
960310288221376512
1669097940
438729858
1005256197321175041
1021345999770537984
556329153
15111876
2487936284
15039770
36133587
140956562
1869708666
3355345034
12607092
830041287550177280
196882313
1064337290162593792
410380828
33171605
898624737298882561
212463932
383094940
554300827
1062797170087063552
6607712
2644470061
874427855391817728
15382582
1107997022081024000
109086082
1065186297621463042
152352020
2907009051
1037917256712249344
245703903
11342242
3012974633
1954023469
109680951
739518211893415937
3176122837
1084238470732754946
1008400462855450626
97264922
97872405
972199061666385920
3481689555
381187236
45924758
819851659
23519852
1044582346400264193
1102846082516766721
9687722
1174529648
2790534807
989912586
1015709175001833472
778119198
1073056470793621504
1375449546
1100480181297446914
2471133613
1099676823074402305
23232640
257138676
138203134
60919433
161830228
866006036
4396819696
891303210652237824
812358842579320833
21594615
61280296
936388706
16728620
16608649
1029274934156185601
2265946524
566339406
1053400706252791810
940139732
19245184
16684191
1038787716115320832
914324522
1050205340908879872
1047977266485940225
1052583359833038848
214769930
1048003289944657920
1021829972154040322
140060850
1054955941148418048
1053633585381629953
1053355446138880006
1053303770895904769
1053755752983289856
1077708146
1244777868
66506379
41635446
177324185
2900768928
795887454062514176
869556850429177856
2442015493
28552598
454934691
2842828370
2820249447
969713480897937408
543544291
45602953
2987122085
836265656991494146
61838384
28187205
1317739632
730048907632365568
185910976
964627912547713025
702532478280593408
944216693559234560
147654165
1082577362976423936
961952632653807618
193621070
31013411
98237087
611052751
954521271676686338
2494206019
48254999
4409287936
3224555901
2885024530
1065454905177985024
7941342
938041835192061953
48132954
2300432222
21731159
153868551
2764811815
1038135460651048961
1091598048
18393773
974676691019862016
20065342
532115122
579873574
1668292843
406279874
27023131
1535273520
59833587
1072328905
47237196
26858764
43672620
271317246
604866188
1523488376
1071899990551752704
106342573
2967751053
16569802
6218802
15557622
6620362
95685725
86671302
541542548
190195994
36551589
2288889913
1068488825448497153
920300400129069056
2570149021
2217874898
632882600
56324190
734800653135060992
41768083
20653310
517921400
1026885892546420737
805534142448316416
150278011
789555465319542784
777810797682692096
799127098006835200
934980678
188352637
2579497028
8537802
431317883
701133013262983168
1036105555759308805
17518412
391891226
14804579
9714232
393442628
1064769614817701888
846727576273891328
998511141964873728
189262196
3272004860
191022482
33854287
391412531
1574674273
1527972253
69341148
117682030
3037533599
3775651
743115278343667712
2461541
480368045
3131069933
131325581
91333167
81680030
614440298
3305896289
17914820
97217082
347297521
2474208830
16240799
467996601
2831763850
383488273
11274832
203825050
1209499525
948234860921020416
195234660
1036604315992051712
28144106
376552820
894782079551946752
812324121166147584
136325501
6180462
751749362057940992
410480540
32523144
705872286239186944
9309912
344279239
23582118
2300614526
1571967648
54130617
2170380296
1040669393255055360
11639232
215543557
770381223185252353
15521075
28049003
22255496
525439758
12640312
857922115022016513
2196680173
972644920371458049
1042545059206447105
2894844952
904515443104329728
155969119
2148827850
796061761606651905
826168640118546433
1379623867
4834754453
276681131
476339723
4070383283
323530272
2249688711
832957389276065792
992951310260449280
791203910526656516
767563121334505473
3331442446
23206412
2786240838
3120929363
25760074
2396006202
270755645
62693665
524404974
617243
50943610
708266384111833088
873302389
397120166
2862241270
382769917
574546761
2939326713
708036907515535360
1246285531
50671466
389754548
16270426
614413608
518838727
29847920
326864247
2198523230
712026258
144837136
2876078391
831488176028078082
42755184
951570602866823168
883178401149747202
2609627317
778237620690231296
581232594
272005814
3604236195
112475924
764461736
148873002
988872919714619394
867345651230756865
3033204133
2201279472
116568685
762696820216692737
1025439320738590720
894270758435913728
15016313
2913998913
3307359865
4147241866
752133
201262607
555634153
71762380
556876820
51110862
745524933636173825
33540571
390976895
137590128
2479863260
14228991
385753789
234309722
198902933
2931264434
100371111
77710421
41358714
1051050384
840695358
762771636
97491602
1017052420873080834
3820496830
278738679
6977272
176024190
3302034628
402151670
134095915
402875257
151914231
713047404250021888
1661058338
93950513
224631899
2500425074
540754815
511922852
740620296001032192
1008525158
1608312078
719633761499897856
619295034
20904490
117548452
748961759797489664
710810293207744513
1176181711
51795004
499920255
91131784
1096058449
13166572
1924323205
172317565
2908693956
5754632
319124822
33033935
27031193
244991150
787298372419883009
271767796
2657942712
27596259
3350872853
4224780507
114832665
262238771
877413360
1580535385
18730967
17724276
108691306
19610020
27841081
795207442283962368
1007661684645916672
14503
15938603
326077427
110179860
888706303
88273299
12984852
81629887
3603931
720754110
275568348
20642267
67941602
395350850
4763582189
977963114204418053
10285352
2899876894
16852067
621133833
2142731
39625343
893918320826748930
996687907804073985
110465562
922158244545654784
1113698070
390167291
3309486033
2195724427
893800750417137666
1967690522
702581185701154816
2800780073
94139216
3028437315
1000008884910804993
708012107686670336
23564635
170990429
3115624582
283200815
23622967
31303673
781536114251329536
1228096872
17235447
1000152237434425344
19316113
4887736787
42237944
300905131
2184817093
217096612
5678882
859391518020382721
15144532
705826469809934336
296169859
974716085328105472
101984674
3325342813
351049850
16176754
865339383200702465
12819112
219435822
761753326211870720
40449158
892478045424168961
225755819
2306546191
1682979354
856989095515566086
933014576647548928
445885673
354947385
2845699134
876768522164162560
51116851
119842161
2734377775
257891188
3181676683
2466224420
637167210
16207356
62963
46392565
715607129483304960
1733993412
831123021972828161
719673
2824086655
63819362
24027430
23534420
264587379
22287219
990141942
898691
56328057
1138750633
919959675428376576
732594550607339521
28456376
279233738
309153127
986732639909380096
447969137
1359515948
732563533787979776
255724982
723667033532018689
804347089627049985
754661194540220416
986660214735818752
19282539
2174482088
1296859046
2332254386
890617436
2232676082
851834850839584768
1655442620
270677303
271065205
14577499
76030110
3845945848
177158631
17899123
414008918
58219371
334720576
14288038
611257544
1565159863
986276359
2245810146
844189432517476353
32216170
69322037
1338095450
14115015
43301245
14365634
4471181
33327415
2575338618
786201708972023808
27292693
729444352951504896
15341093
135181363
270410891
23443984
35509978
842029626608123904
60101131
143244854
15661871
102744289
134506643
44687734
865157154772320256
1292764998
18939450
846289108418904064
2916982136
968560167620050944
3397964865
928474448
2152308699
362498185
799206372701306880
2470659582
274886363
326919259
250131374
815875
720586389503492096
324238624
2356617109
1685888563
2831922888
877616433609318400
73843
6473302
2955262611
381054288
234304961
329656576
467159075
76810409
1361010894
880355027843502080
2799778863
301429112
25676709
101495243
478181304
1430167020
23053534
16426333
17387342
922879690326593536
3201131333
3238913399
568825492
1041346340
51351171
4196983835
2590071354
4584213312
8705572
4666101193
71738480
307615698
408847389
529494245
579006169
93465778
196516385
851975023
53525113
627643923
438125534
18396070
561754773
19029137
1137700339
1323187164
325832193
602317143
2735655330
5980732
1184647243
2341337263
780734438388879360
20635230
4294598053
2836738801
15934076
502135911
19879313
2416441287
10798802
933656722421399552
113439399
2673139592
885335737092239360
2571192054
808722647509037056
749563462406275072
456310432
894981889978748935
255102436
383032655
831437814
850645992
897847416
1531582164
2312775529
43263253
19836202
5346742
15254135
700521902
501718031
3566611815
14796973
915937849253523457
99586343
841811845811974146
961252149668864000
1576006626
2882277423
134705572
1540108152
20689124
553496081
822274808884772864
834004632561135617
1866211717
357740459
2936916419
1068726660
2790208140
148116431
66589338
49150227
850328658569035778
765872801328820224
847190167542652928
816578659603648512
36956198
788390172115275776
5815392
2665573442
776402106
359188534
1886531798
66580140
30198259
16318973
173968705
611597719
13074042
38674384
2394219098
11637332
720972489334091776
880126586208628737
23666720
713648564
108631018
841542739334381569
1339518313
115345793
3239337314
247293860
1385861262
15458441
947433928910168066
94273691
10932452
3009550627
3225111409
21234787
927314469600088064
139663411
33229367
918409930465427461
77883853
550270216
942721627879608321
98906407
1512144536
926781344838905859
3511430425
1530096708
1517035471
52223910
1524841
3337384126
925457674963124230
167834639
2364592844
915325428864290819
8526432
2477282563
22386062
2154486266
1428132774
39194970
255741407
2419391377
223231159
2821489273
4816
1880114024
207254215
792793193372786689
788193738891759616
519319327
926780404735995905
2994024412
365059891
804385907641978880
879783542498217984
2987147081
88764812
711856355276095489
3704290280
3435395447
490039192
727964735229038594
135936507
355148650
394134791
2162914418
28736594
1394290140
8773202
55061786
915585463787933696
149557724
1064850134
728600364358852613
8065002
227466743
525413893
361319984
1244114060
1398876810
1354243639
2710307059
20804020
796479090790436864
20444825
258401539
949851962
971736103
303763679
4104706948
2884567121
18767703
84360963
2863919800
188833554
4818409804
780104972
1391876622
42864649
41375302
45001035
2327612520
295344317
144592995
7206432
15720324
69133574
551600672
885930739874885636
64958499
1011500472
6434632
831339732483325955
2686226078
13563572
1221377785
718449524
353206981
855492041224204289
20798868
2583592880
1732534783
288755234
2192545979
445150241
70784139
910594173547421696
30799501
525387619
3097680891
16084102
118747590
98696703
588914106
2882707625
21301110
840002166
157641406
65860586
77295594
846137120209190912
3704391
194263041
15534919
368551889
2767015571
1395699932
1246397209
2440258777
26723969
2787644022
1852409701
809434841766907904
887320884125593601
790863943497547776
4409259221
1135224775
14819353
4194710140
2283463274
775647982754684928
237670274
15416816
40846478
193534490
3351551
2284142012
88959426
50690435
183548902
31353077
231952307
444980604
16629477
19767193
7861312
15154811
3999149775
16491676
1050341256
20365178
20801371
402180727
80849755
822808921094193152
2596884324
16717933
3149381
851355889
2991843333
126730771
376369622
395367768
762569356786229248
72863878
2384210779
496229951
36380741
17503069
784135828016685058
744961590378774532
625443941
139520184
376155979
46245868
728175042933182464
2436389418
1675346359
1950414145
762518328
5971922
1376981
826502557988163584
380205172
2370627199
753358633593925632
67529128
21506708
904656962079662081
2981013099
15090415
2388383697
18638210
238092711
241632201
457868621
283331152
63587061
416157021
2856932848
3119045644
30889556
1528216394
188833865
1995451
414979077
87785291
1177296661
3074304120
45882474
111093392
30091203
3429805121
244672809
78712549
15714104
9377892
730032952525131777
297073565
409332669
3018765357
3547237468
357589105
1343132275
17934129
26463334
202546169
252245569
20049102
222765418
59495548
18779156
3534480502
298704421
806631070976397314
628185670
1410437030
14229400
726389583831830531
1943578656
453124512
146375796
202836527
1275701432
713192172
45112527
14866124
571902552
66642602
1068951084
55498554
1097599040
16420913
453892183
3409386358
47918641
2507094433
1143319274
23945759
316589445
363097283
16687287
18466967
15049407
774355128484855808
4260181
23863969
2516232302
359590432
396238794
130490305
31697976
2184887018
1893291254
2330701658
2199786713
842050828601069568
2784123889
15276911
283652110
69802423
226934096
917386554280239104
1688889350
31443503
3059929578
22963112
852946903767625732
439273539
20342875
204370454
107375795
17843175
386053235
14068788
914571353977708544
6069772
3167734591
47034934
18881614
325126593
16356796
88929969
3871826339
810331766691074049
248353548
2840658614
162493907
3266848870
2633703261
2272117092
18284047
931147927
909437436270432256
3075051995
2170086701
4917922363
502068188
2958838279
46769303
14662473
1098532879
2596654898
7532282
906878848733777922
437591452
4657994587
329179614
463746645
14517051
614548576
16590335
704769925
15188612
102430073
1099203565
422839831
809483505759584260
1581362257
2563315838
11167502
2825901442
3605414655
794462244436344832
1307614093
110826956
823519451756855296
843761398228357121
836526073340801024
56786888
3697013177
51961337
2151173239
2666046889
2561407350
46686058
116867280
42558652
38633165
557068003
19600791
136532538
229711796
2211333032
17590177
484796656
786514991104962560
56407807
4046381953
140753054
2813510514
722588617231769601
4002309269
48636190
800402043517091841
434020661
16806219
991600273
866426699193491459
17094858
134744790
162353278
106682853
916031611
852239839655342081
894926364012412928
259568572
19837528
1431348835
2147575780
16504257
779803164740497409
1692662522
2596400269
204832963
326034810
2922470018
3225624366
888863514491850752
121457331
875310564653903873
3161318880
995259308
2452073258
4059325753
45439114
103004948
2696577092
611721065
10975752
2299595928
3370996024
8510252
14880915
22023030
360258516
191368435
18100201
2870188611
839946963864944640
22911650
819927704850038785
16195981
782075573740965889
1081042932
751885664283602944
3009712208
15165858
71557700
14286491
2580251076
5951562
23795726
8266782
117360280
3238794305
2382158046
43606122
3443391621
124202458
453495437
89169314
4096182496
882691407370219521
632591287
450538269
19042414
14341386
8779352
3151989727
841497890
531789491
1138409204
1009747117
301029598
879369534813204484
888647700220137474
75261668
208988759
214136752
17974481
26616462
85906238
2395983818
30698916
855057222627454977
7005172
25743783
634463452
1612233594
18911432
134545441
4103066019
348416778
715075698101096448
615622346
876952214928883713
553172348
1897480711
400086007
23424533
12432262
2966741836
9104202
872399434964979712
37054704
489422343
588271226
3564127636
237845487
19557266
1729586876
20624794
1183041
583180584
733536950963994624
272453660
204688509
63112528
526231155
255773815
813286
3438381214
18426460
865168343770304512
2461066782
228586748
121306161
22406785
3880760903
1694040764
418128494
3032093667
2865404679
3405739299
2440100880
53560219
404946566
210520672
735712476185038852
2838066551
367008160
197170829
24134942
48966898
17645638
3057386284
854337564089733123
3060495134
3727547352
54594048
791070237949034496
222511909
2304044137
820582
575961466
958649520
30960103
55388565
9383992
3364402234
37989702
245869990
3081652354
2742098774
3182694682
723185462022565888
102659539
19840790
186529934
2425431354
16736682
45579282
13334762
20261513
732160738530234368
166739404
13513912
106580083
797742008806862848
7431072
7988912
17612154
2493407430
125695429
780088844993585153
15165493
14897792
1692248610
19394186
388649212
17462723
17939037
53893339
32340834
35888367
2825051
343018077
395853499
280627072
1206145507
1560363475
16557883
23425713
4873495727
390195263
2273033766
250017998
817003012489150464
37004986
56355855
228015307
14862199
76937841
4289053110
746883798109925376
58061681
796751403289034753
1428575976
99173786
383289779
780762119226609664
14187562
17602517
3649181
1635599076
752673
2912804643
122028721
843954689125302273
92989497
488480041
1435074373
2967645927
491677793
925937306
52327895
17856025
39351968
417885365
2233154425
22462234
414123311
773450
3191140198
58756672
785194039381483520
6353722
1347250338
22564445
790957956888203264
96746102
2460368252
2974670907
113211856
125370749
152024044
62513246
9340912
54730258
2729061
19238958
763156668699975680
3031115403
296391169
1595809370
826723242824052736
34247411
109582223
167394449
191463787
84825820
824254328571568132
326665662
822109696232394753
824332206952714240
824126001936474113
824139632354988033
824320219866923018
824190260338954240
825151045869432832
824473943931293697
359219686
824292426961408000
304392714
20492950
26029878
21202851
752499373989326849
6705042
30917386
14136335
406842374
23602600
33773592
791670
815904922646421505
148662999
37710752
2615932838
4709584942
402996114
251773576
117153159
26800968
750316611240951808
200415247
619144359
3865005196
2260580163
222622201
14537587
19725644
2785100110
3189001238
47451021
17869700
46220856
758956957122166784
699970558205763585
312682186
2688287185
802095069729845248
261281450
14049061
3320478908
32769498
24155737
2735246778
4749465977
4206492575
184180661
14162574
2157776598
501728390
53422989
65045121
4854823233
73369438
14202817
744046387365560320
390039185
1376608884
4780982729
17251787
2281964312
3533169083
182370169
136301916
17638298
3686399897
735048802319663104
34540379
92746008
54528491
706818053640691713
15390783
2444552486
31936449
188423774
15759583
1599870367
17022950
451148485
1243393038
2415902426
717654410
538714687
748912262342062080
1362341167
146425220
284540385
73962161
564919357
252521025
523156292
14052638
2916305152
213838027
1565839604
812984
702139189362614272
1449149371
2575131108
21384892
280607560
785764172
2134501
135032000
126037070
1140295447
2690759838
2864031515
4519121
18193572
15948437
5637652
757880
22199970
175727560
72667100
24113828
308515117
14375294
3307218826
2734923320
3824125822
2990022815
847852292
1305940272
111020569
585859041
352230078
1241263495
216356099
196556977
4241214137
2758588703
2423884231
1489261446
1859803790
28458730
564855281
334314580
434278278
3226166287
20584880
456041950
552721256
474017415
901309855
430854225
1625999196
19965271
13889622
147904688
20664284
24242585
158751132
150283381
38875070
2427118393
1435353169
1310094163
200493585
2498902501
17736707
228002268
2498267994
934513206
113084939
906835548
17083157
1516953170
248734449
222405933
121184597
1585384735
2490449852
14088466
804480960
6123962
19670112
216324148
856273628
13567
19951439
137712607
105555355
104574796
24765829
313866540
18665786
444587780
1189396832
155240092
945943164
28104615
244441326
646533
84351228
14254504
86898412
174245210
18031588
318408192
367089411
18776131
793830
15736190
17242168
19111397
