546941531
3068710018
215773969
829243809687015424
30245029
800305919804325888
48363178
959462629407379456
2521036693
856058012930330624
779830062
1208882127804280832
851547652575682564
1139084646795436032
1045231991736725505
10680142
436819971
66942912
712963
1968716382
897889083170672642
3044686542
37989702
558686162
870364054044520448
390159434
1056717649
1206584349874933760
953304055337668608
7516232
819927704850038785
46066476
5574792
1243054812
177788470
1068951084
2249688711
723667033532018689
278980371
21594615
2856932848
2893536701
17518412
4874289952
2740698125
1124753351869181952
4505492620
434787118
1091755189
1220307216936394752
932898811625836545
988465844
280477264
71762380
914571353977708544
1073388199
6440602
487623589
1119124996784214016
14270140
953744626137124865
10704892
2154487868
14372621
2791364513
816221311458545664
14152044
1446499291
17177403
18161438
2164975238
1362724843
4217023737
2935275869
22607047
198444783
783599340833169408
18636447
217393834
47278276
161328883
165933992
1110707420
1326552944
947887170
2813398537
417453620
42016359
34923649
2233184503
546899149
26969945
781222576014123008
43668756
2350418264
580719117
788898706586275840
550087252
2987122085
1243956972
239751015
1410190320
8742642
1043541490457370624
139744458
1016774817419325442
105098053
1423159970
821014877187801089
1051471156279173121
802236744884219910
1230868171
4653596308
756762998
2422627639
1168533585193779201
592865190
2756479056
327779505
877098165320785921
92392402
1061283274159480832
244235282
26078636
711472360260571137
424893507
137457764
2676439393
1091275538344353794
17422632
370409954
1095343135444611072
3167758742
594278352
992115165716860929
11388132
1032210863908954112
2694150236
814826774
1146094493596131328
1153622263
972644920371458049
898625964246130690
2467518683
50979553
335852075
1098935815982510082
3804659063
356913189
113297453
185970594
809466301257170944
704250704400146432
2763458738
1047371260358012928
956096060421754880
804446617772228608
1196782854
382615803
1046598080
20000536
2401289317
1238638345
1049201313052053504
589992850
2891117481
381187236
1064531331168772097
2834535369
16088889
4910809053
1178545722
1919269746
912084145
1040575549821935617
828599890896896000
50599894
97700119
832540925817737216
408084829
826746455306149888
3179925453
742002030567395330
742297219349512192
49921739
840583432417751041
92060398
2333308567
275714331
77212326
2847817956
2772936013
1047531642825441281
949287680940048385
2713589684
14191640
42592506
276224538
1059954232550289408
1359403884
727879093895704577
839765367627132933
6496232
34235577
13587572
802123588807622658
806491455372099584
740528058625593345
133631433
45152126
817074074
1152996742872412160
480258650
16126867
2312223038
1130173825675665411
976054000150831104
90702473
4622629702
237738266
864928452
301906729
450846609
2331747024
3345331197
1129637890504437761
771399228023250944
560162485
895332160130891776
2981013099
866668949085224960
441982332
776783907907862529
877616433609318400
2889619139
4075485214
89719672
413872816
258013563
597361866
1062624648465137665
722802517411639297
1123645843
1001742770367815680
461134494
3170519853
2908804578
823463852
2352030774
3865005196
192124363
381595965
14430936
391824040
20990526
72078249
10191072
3074993186
71759599
1132192266116841472
1064888682891612162
3588766343
633930347
1067734812
318953191
139764785
984460460207591424
2527819680
1073252386255327232
2185041259
912644697889308672
66961730
72517273
1060072752563056640
308473429
17563531
96531392
957947484063649793
1219888003
36025571
3173546717
3043580633
197105619
556633549
18581687
2876793171
1103376991
12503922
17212704
61722243
29282233
1886223925
25103
2913950752
262516021
2803929450
82072173
132853743
828361667918569472
556068872
1121685141590462465
397523467
731875128305451008
327285445
90134755
36020345
3620615237
2402844661
3194545871
17293750
1097994112161275904
81453376
181363
61234379
460051524
52128746
1093897383392481280
968524528396767232
22573
2966251
3543100156
796479090790436864
3406403592
902923568576679940
793485632479846400
14905766
384891141
904057375
888941317
2381854206
2380434474
327920055
726420629319213057
998100606974767104
1074388995633831941
526624220
3105515123
1018962877
1043235345301680129
258829221
243645595
2791770479
3147458090
787926504214827008
785468162825420800
3069617187
881650677797330944
2726490164
340558910
591958034
330408042
736197955040989186
3131617822
1196641506
213842518
3415554165
91583793
101940942
713015784289734656
802937835212967941
44695840
920981440355061760
137303937
1377793226
720314127420227585
3093205918
46419992
102019960
15917858
2864533827
757676828664422401
554174318
945287158352445441
220375625
383736177
14985379
2797896205
140574898
4823705386
104520454
279501453
132276160
504127665
439273539
14387256
920586967
39752040
6287562
3092344515
2999692867
17063163
154111145
1313771023
15577394
735954684981084162
32340834
2384210779
14304681
3056290379
14605635
294642540
21436847
65732909
2204854916
15004246
334835519
4601609008
2257080658
2303116466
3523485201
143764572
822068901915852801
192986664
828651467061993472
765651407336771584
707878128643874816
1079587832
1958390815
1203988381
130763650
287583214
4098356903
18341132
4026716776
405121284
603918449
322547106
476116189
2993930001
1537181028
52204827
376302887
21676193
122319646
3197501
1963519538
57385516
46378122
299081229
819842166797307905
17405912
771993596832706560
3012435040
1076954588
42927569
557723910
313817360
13342392
4845859023
306115101
3443391621
4373067801
84707102
143559488
760222838
896877487
842304860
793852006330933248
117467652
233508798
246194492
570124984
21301110
732477720
46646735
833820320
81441548
319105634
3648679280
18778893
3147989614
2231179117
197134898
185420505
607643
394811357
955593270
607918288
136257393
299603744
392755065
2927227279
790089560
29652534
73555474
3034285955
2405080706
162297845
3310051840
108569819
730607312180744192
16328691
733365668972748800
14860076
245504622
2188206722
125784501
123610264
283290032
869136872
17780748
6037932
19799615
2792626632
12219232
9104202
2338079827
493422341
86086731
481083286
154251965
84662963
843683196
69267487
20058825
2169130177
2900320497
1377730051
711882006062350336
2252889422
90027408
14286491
24587852
22963112
165745785
3804317840
1026125640
2330460163
1930414093
123816463
3367437843
110748715
253272325
3031502607
23311348
186460195
4275870395
2425415882
3256523224
4157941929
463997037
268227446
18772927
2157757769
73627159
12073732
1126538509
395877967
303445701
1151537048
15494859
758504
16728620
1546741160
67529128
369098653
16339691
1126720850
116697396
2396006202
610755285
3900514077
461146997
134546050
105590714
57623127
2507547980
20926598
1549209552
1938296173
45816769
3365570847
329769348
3429541131
2833603679
107743067
70820326
2517995088
2161289384
2927110306
3305466304
1570173560
115751488
421867345
136676452
3097315534
14152660
499097612
1726934652
45832102
376253021
2152448112
2175819108
50182356
132435936
2543312586
205315827
130579391
242313020
304593450
205627219
1172405089
1110069734
815199498
3186902501
3313211927
3171165905
35868025
3306911801
242337435
421410572
2776256301
107904513
17214333
502916683
21188880
3142802506
28050976
170379726
23786370
46342393
1307614093
2436815372
49328534
17996583
2429090382
71021197
3084637157
1733013416
2925187552
611765751
475262480
293395401
380449819
582577132
212632715
1559221507
2929742020
119048849
44949890
1919939413
2999930459
902983526
3048142305
98691500
2169349122
1652884033
835494236
20637708
17817798
3034948487
471705399
16411780
174217757
364483690
158422025
1488502754
219139474
6887882
311722513
2203470013
434239710
21907019
54810639
131248550
7788062
361414318
1165614368
201632630
1092289585
425971895
352940883
74171948
29761253
215244619
2466224420
66743531
827280222
1712898906
9342312
555036613
135270566
128009262
2863519925
558452744
951950858
18165124
466544335
244585344
80243500
1620961915
96435044
360362547
2570675378
50987947
1159601612
2894615801
567605134
489636440
2885553467
903465902
245761665
154095684
216130493
64503250
2420453052
1239493434
2882057069
14800024
280173470
415871008
2341530211
518611338
2880973698
17074413
306694524
15719584
621133833
2749006087
21874416
15546481
1926610988
2293455138
2432526198
1696005139
69557860
216175208
494228041
283627273
40643519
63184036
169518363
239255514
1589376188
1284256495
820245895
6069772
1234915518
2187401519
151753441
257319757
16077504
52393260
829738610
80963173
65463428
854581958
118747590
200434844
76456521
51591949
384650167
7833182
2200200146
6745972
205195655
27761821
383032655
92634871
1603561489
388503174
1092501786
537229381
2864310069
243609813
20389695
1527866856
468240725
188498319
15467912
484998241
221087586
607280963
2407754575
3630411
19990293
43263253
2585386675
1387501867
551228290
916761230
2219841242
1740241
2656499888
2601691201
300895670
365959180
26323637
70205946
945473418
1500749184
2350333891
333630818
39613231
176841064
2418603105
2317371876
260956657
423535911
579246135
577427081
2566421
2708598331
253637567
1734485952
2238075110
697893
213013735
243352289
150199409
267834923
75694920
2751626502
2807689543
19911310
325433412
2794834760
393039515
111006128
2198308934
196630441
1069415335
2291020195
125695429
53014873
2791961558
20855407
1064144185
80618068
952795387
538115578
41580289
1565724332
537316044
78696482
81381560
265873845
226105408
14139520
187853541
132373965
13085242
65970302
566391982
2734155523
900213289
1891806212
2250143148
303341196
1614922976
2600292446
2269417044
897858440
270546697
2692951878
24729053
113653403
2452073258
76622319
23983155
86921024
316299043
14145371
2649080064
181243465
1128278354
2615869656
1436657210
314371876
89310299
1936691288
2570747322
1691109343
39465006
196077348
99173786
21329983
2203330990
10012402
14223925
363608564
478181304
19535657
2477512142
5743162
177695119
850645992
15322269
446956203
116777633
1620349903
18687323
111600205
957539090
17424293
2527093874
424683330
21811603
84326253
129037015
6851732
14979220
1066768093
691353
21222566
777814472
16154713
46351561
962997733
2529742207
26796481
12019042
376019079
44724477
19539314
632724520
11914552
5346742
2517897888
11897552
1213283748
151167188
25260852
772024424
148040018
21877239
86292908
397306055
437591452
22247540
18717503
6071192
1428575976
22839233
144972081
1353625675
856578542
2511312337
123912263
20549992
379268081
17981537
41375302
99586343
1435074373
33906012
137772224
15082919
93361613
56317778
120478816
623189359
473190682
2325343999
243681511
1676498106
20897400
608987952
57768469
30310839
250512765
239962418
92918493
11716782
1311194695
229826979
324938399
1859804419
573556496
35216837
1880881256
19525597
1418317964
12326162
2403568232
299683167
1245028994
2553307736
289032867
354231272
102318533
398124207
55797568
297626682
1589255173
360215927
1479648913
372738551
540718120
86276038
15724284
311880926
69424452
48254999
1617603914
18957805
2301043064
20838223
337791986
115730468
361763764
870687667
206391221
11042572
151065434
2198523230
91537392
15618138
1431049680
284773884
952163521
99038758
227855273
402804270
197970570
2283361297
2409055476
111693928
700534693
150622287
82362157
121384338
468186996
380602156
579987001
127811731
16647941
23047648
95393225
815683956
371317742
2196571771
1415134356
2463121509
2363506767
100230323
315490964
2271253035
726362750
405075639
51092892
19107904
94630436
76676709
2473944972
2217507716
128179510
2444411964
81751278
2459846702
362967748
2415772616
17794923
2445290413
394095469
14389093
107722135
75256411
16143105
1450594406
1638003661
404012508
21185114
14463703
2284890938
5841382
1108699424
1480632475
29891068
109300324
6721492
93800418
2415957524
35468732
265531996
17367429
306095543
94131301
306265918
42266314
425045213
462760609
135178777
219256155
116295599
568320657
19794497
101515427
43551299
223476280
1098952454
50589015
2415926605
17437184
42287487
492462042
31805620
303343906
1061144354
611821209
341451344
93064180
118112770
252245569
604747633
822251784
12141262
230527939
30979415
19618747
1281335263
882358872
2383421029
15528719
707345900
19189627
475501817
201324303
720067530
493495109
2330615161
1619834724
1494461
1473863192
1067309802
19282539
2391132198
710370192
17393476
98992027
392602459
3778501
206998840
2399388025
17674955
517710986
334631994
217425738
1553066640
464848088
459615466
2331842694
17912817
251594563
15072763
2325770526
76619224
10287362
28777065
933586766
138999682
335212299
633570235
7660912
2367683532
2385219385
121684992
18555165
18137295
198140798
1942163083
121408550
197742569
78891585
355482066
2380929084
54940622
2303419255
937910628
1477833530
76960469
110773698
27498292
1856913889
318349088
556830435
97538243
54494390
94567349
2258233964
508650391
2287289137
20039998
2313719560
2168955434
1242610165
161469162
1435641350
1407267636
582522474
2383382451
435681893
317305727
288094824
19601010
5223701
117067079
22038701
403296630
2343430010
25770354
424508759
538342587
48297189
309279424
20779847
2249440891
2347381646
14323012
372863204
1520105341
88273299
2241091213
384409374
36620460
35530617
193625274
2186970932
114682872
1995451
622300794
138751348
498216595
22745680
243143268
280414970
2302319928
184931891
976985912
365453693
14581770
44873140
15761340
70407568
32350449
115689247
235106798
19497476
2228527123
16996148
14813804
257513916
14304686
1623212412
2283463274
10161492
18302232
12881092
9325772
14441849
35026462
912238393
481231284
17236891
2176316604
2150671140
267256091
373347306
18352248
81671664
151479721
145215551
1707485119
922644738
190387716
109802310
8819962
10739172
412123491
1297061911
249161046
217130694
52656052
43354653
54218893
287101285
41243293
210520672
1018268773
689293
473315786
516622207
1603359960
259010677
120454760
19074139
14393888
443641432
85128781
1251218904
358326110
1577597316
1412374724
373940980
16700346
14428306
186928428
613744236
459299546
475109671
1072229036
1453013305
1229386009
65162365
177201298
392952176
1273712323
427822284
246959615
313597319
22987447
59870281
563185215
349965440
52768298
396398809
67338346
586592385
1531582164
1580604972
196100496
16142717
196114862
1579994467
175008526
14482242
16445813
16919497
279732847
30207893
15570920
37999899
16896880
1534499294
277997041
149035225
97387364
943431950
703038500
15181766
305528203
999105487
1596632774
425949078
194094820
445623175
239553278
512087893
161822111
800266135
49461278
27411174
326025457
98754076
14256979
398174485
30328767
1614132702
116775900
41491084
192390214
67074996
88651667
246097272
1438344601
15555813
15154811
14448928
1110167586
394137353
236808216
298982411
49413866
619043762
69691647
558615256
17437291
15110769
77294800
805185955
441047417
14315861
1497484554
237409428
1589351251
938898656
54856170
28083407
76932591
37935479
364751266
54484288
52040596
9377892
58515346
1230086401
48831366
17595245
17968824
6189042
118729639
11571012
48903428
287846672
384895562
280035308
350424151
301494170
30133564
156958125
231156370
18197477
204841096
5685952
396507038
387040090
61479648
27028335
1126079173
889053090
34717390
531143905
1532003059
330406517
538071783
16181688
17588779
142667411
1417461234
8339942
90379747
366088660
375558194
455457674
1125661255
22492988
34459121
426810123
619132583
109579913
18613
650543
14857525
27047369
14556945
349423356
1552244701
748018813
43878033
15684633
72546412
40927071
14893305
630537149
774842190
20342875
46743752
19843672
83424009
45586617
18899176
41806227
83221847
21411111
17217488
119401334
21576334
20517668
152597785
40228507
80381783
276259528
15859033
447295988
19084982
18656604
199758809
15170258
17654981
20280065
288237991
582909932
326046299
8618722
34732474
624816575
355673459
14469638
14791994
342250615
92144604
214555435
547340539
334319934
7198022
337357518
540190602
72344638
159955958
416515018
87997689
411150622
14620544
30331404
86150666
211975005
105529826
627038379
364733726
777801205
339404614
103715832
130494451
608461972
1268176183
2801571
408416533
14866439
91571382
164212076
115520660
603322639
255718668
25105008
302505171
490517094
479798696
122972165
292586633
398997424
38487115
16912671
23798638
262659868
455814168
607400790
312302831
180285974
583753717
241079136
402025521
17386540
23973450
10782982
41881024
167756525
102106370
222765418
412077376
142087845
159121618
250339392
314113053
115394143
24163135
131877988
15761045
50748085
21667909
14934718
869943127
566473165
18578381
332980518
142593696
126587056
262187533
412928252
21744964
155517857
26494028
435842898
362389566
16742112
46350920
389962670
86601665
34247411
222982876
1241841182
243371175
1212706609
46475404
101013718
534743322
336122037
14063950
351638831
560678334
14388075
41081280
102025640
222007522
38139746
16782455
112965411
1325162114
205702329
53084669
121056754
122251864
136395505
64363268
14447073
397359412
251212027
138851483
38478761
35268406
65738205
39974387
76389622
52005929
19442752
149872119
1119216349
61548660
16159475
348539264
16298452
32469366
1361753534
7165142
4132991
14006062
1399749942
110842607
1365032808
442982534
119883145
1374897908
29538964
111736156
7950382
269347791
16031039
76617978
11425292
11348282
468783639
66509042
12849
816619148
309578180
16404177
817748816
17462723
16442020
18173399
926554518
14389790
90828164
18745189
24397834
278332728
213170073
123854482
477692254
84339051
213747359
182848300
1266466160
856939650
14405393
89077706
951366060
980139457
1327597592
235147256
7212672
136271391
1221836191
1150910029
337795192
23317826
181228051
1310733732
1323627168
1069126586
1345077270
1324964672
19653925
308930278
105565419
272795537
1342162297
14121776
337205075
490612473
227112515
40451476
1257618596
361697561
221897815
218309123
29405906
831205363
1359515948
89296952
17615570
32193400
15796976
23485745
17679707
1283143453
111145042
23849102
33555847
498281441
83591643
184048165
173968705
77295594
15831818
622460633
720754110
936881
14632640
25856338
37030356
23446713
293546593
25807847
259625864
14181097
1017429942
131298706
134510764
26867418
1095670098
74770687
274406477
47389808
14793714
14229832
255676867
41965769
1158371
14332082
22377470
297003395
774110359
14747526
69690201
20908251
1283547805
262887338
39839641
457704366
24809418
533047414
99074511
125145970
31536253
387204336
36752136
394528187
407902047
1488721
50421523
262613912
87423646
155008450
17406397
6524592
7004052
9701892
399955473
46616951
76165584
345931871
1512291
72249574
352650591
59126394
191463787
525307378
17393929
278930750
13056062
337719507
148662999
41358714
199624978
264124770
402875257
16515488
331212345
1833561
1307697708
1320700622
14162247
17714678
1308772988
200456671
16625148
5429882
869606606
1012877845
897772459
50795642
369771033
112204992
422543879
132868041
419432866
994649642
796270256
293139719
1119962166
197349361
1183423021
24898882
1117112689
62141302
241138046
445063273
1062707652
460937589
636824800
93827612
1173673621
156562437
456187358
16559676
61570904
17075650
102044118
238687737
526029952
4252431
338255079
24888185
64361884
1035666547
234686214
1241511662
197018458
1116769394
121706053
83070799
309576426
578925000
510614636
528821556
381384242
145393475
795361
41600685
306176941
61231929
37180418
1289707884
501961781
43780887
567273217
1269636152
20927877
1001743758
573414646
333248474
113431048
20329764
252039125
87505814
1322259607
386174039
13852822
21155592
300761387
183204842
727859858
37610492
299208701
206071884
12786782
317036143
17989876
224653586
203000902
48663054
19843630
62875475
25702344
373016460
1054851091
509056339
610323
63984260
16365813
1208673283
18223968
88178223
92063336
14186181
7037192
15928389
185039684
17184930
342573749
1289792804
434253758
516392581
452909852
34599201
82178355
603544593
330418333
7223722
14509057
16012732
41570792
68115818
125342948
248649272
559981686
13691922
909681
417782051
6302352
264147559
15777521
25258047
432459709
308450832
25676709
1180464859
1267044727
1267483938
270904400
21417104
1259516376
239306464
825964982
94566725
130984257
1111020997
586705184
51994924
17228307
385611128
250445448
246860333
7266052
339953709
325100970
70615294
358189473
267885100
83811276
34646108
904075034
49909199
71212408
54537104
23412392
7530862
588271994
398093020
20224969
12819112
14907285
14140057
6120472
218875258
23299014
461556839
17473456
14186974
296003222
138937259
518908089
589247599
92587352
197725326
315847867
543227804
59096727
73390323
515833347
398550157
14645718
374517078
42386575
291711902
46752748
277559216
265671972
225814288
52790128
43186109
192173602
304957681
66682073
361208611
18724251
23921530
29714911
298393696
331257397
7358532
875970192
145185403
3077771
734969695
1111371576
1125356168
374892637
90048502
512469120
106398135
60145308
375668090
88936048
15137538
947424361
312725135
276067725
123631487
17780580
164262504
66480276
580776360
15891145
980046830
444769883
368097520
23385488
41561258
14474780
388645758
1030906992
34016500
502041617
390723947
14194614
513604711
406963644
286509359
120411923
47534393
24372164
14218578
8099802
17038733
212175216
562363
454325093
18504532
334107188
18797235
25548418
534012935
1080600085
975983940
148684851
1082337338
1082345833
898126147
57979212
89121631
119875220
262528377
1068511657
976100474
18331726
115972183
47835353
738914852
23250259
493678876
468705515
280058345
602320799
38630406
138888249
16682461
88944075
127460857
557645626
556740689
943648351
256409027
119335741
561137908
1017678817
1004542944
142670194
563516420
618897479
234767607
12855572
1081331437
267746516
34627422
16592723
14710574
15234407
29508165
248411605
14048119
15102669
57949239
15748390
32372834
185678718
129809144
182857317
394263095
16693423
102070425
94518701
47194559
61450361
1344951
21290877
7607262
11661402
414411963
119323454
186626155
56735019
42390437
17712339
8065972
253662762
1062973554
183941779
130261741
977578903
361098602
616974014
23355323
41567585
74429434
628765360
22381957
566656939
243068031
15132914
12984852
201024260
602723649
17398511
26223700
15156570
241549853
888967387
145201349
382104496
296871434
135443828
420318827
462966578
916637304
946717153
22931942
291046705
823035066
11048002
99367319
909820746
775604497
82560687
206173247
420498188
228753695
392678068
271497539
340272145
236384459
251177334
147965249
438252318
421039351
84689590
828101
420930609
791219366
14990083
1023960127
11209712
408032415
55504825
879799219
31697311
17271765
216633294
393310150
479587223
1008906684
544996949
14245811
87131164
115892963
102163266
156641926
38235405
1006685178
482149686
96351909
14100759
432983130
422781117
980968026
93950513
401636799
326789213
512083334
26347346
9266142
23434048
38350102
15720161
46614859
19225509
97231658
260469203
41168321
124512591
912733502
108639519
15101481
584043179
144834801
134446130
459108368
214006284
413219195
269272412
414768153
876361064
260873421
29300560
92070780
14109738
26710373
256512896
41561657
162446479
234745078
8301552
734935274
817032949
825995233
16646713
13452672
35741626
254602977
942628129
232603412
62024265
106440032
601345137
404946566
17315799
23969740
14194713
15941673
273935884
340212738
14680596
125549828
16004348
293543852
944709199
38021678
14099831
609513
1860471
519525877
137711581
15762429
67976245
234367247
15484063
17567533
211551972
20334438
14663629
122540275
17074689
20695447
26254137
23729494
1026561
30839281
206597681
529292291
15775935
588226036
276508048
543398191
732659852
395294852
829120225
404442001
401344066
218985035
717487093
186103125
630320757
374043579
437475253
716088020
132581802
33480457
559764481
227784141
267112186
632360883
134860397
36132773
6409922
555787703
132445278
469203373
47173141
386535718
361129276
227018752
218438815
373476757
145317978
621087184
34635677
59800986
95214129
81211736
371972467
30692684
67218195
24728493
15237935
861978656
128546283
35291306
137635203
123298601
164459153
259892750
253626323
123268174
318408690
124559475
49445813
369689042
41096529
94395232
23817222
256424167
83560684
485558814
47699025
231357729
10454572
14772687
2960221
259205561
15331963
14229966
14278978
111416652
66763012
139800654
224631899
722188104
764632800
82551431
112824353
624227810
475841508
525509345
239552736
14585753
633679915
15385968
17153802
46622490
117747823
390141102
175337311
11633492
52031882
372488688
203869987
47336791
381813372
430191741
208036272
252186492
14587536
18553324
519383329
20797785
4108231
76299434
517459817
633585661
413382830
627653679
551802186
93966147
131181946
631448706
525549629
286683157
11628242
410099528
65612924
526226529
9782032
472964005
214532564
21179585
36324258
620772259
22809165
22940460
90827141
511402689
621073
190975943
53560219
493439438
217804739
15340180
415601652
124008370
21801907
617711344
165784725
15721942
404150867
326233287
238307155
417367885
25672154
157991087
14482175
60972401
14208324
182955224
239955543
602662500
11730542
41121600
513463861
612526994
56239521
223922112
17364200
65333172
15151652
238632926
326854001
479704566
15134093
259186886
364132493
54711914
479369464
460922162
37172713
17891624
528764013
600749288
133178883
529088823
38692498
366577854
431632716
17970833
461022868
485893721
441700002
520054294
6313032
9248492
162319501
274951834
41775405
82133915
39353647
470532301
78951388
153236961
59740281
92029033
13531352
21431301
86125198
577593986
189939138
392630421
43111060
466682598
24154006
91816058
13076
128831582
6647172
415429297
60310976
117407010
148508573
63274824
60023559
79300493
224643786
126099111
7173912
315028941
138102770
2763841
452814414
11790002
156197800
132249164
19068588
15094947
314491950
234026978
54490566
289408282
80571496
482242129
217125428
587670957
50374922
6468012
70937619
46301689
15264281
371819333
68974666
223132692
219314949
80884607
189161298
57441737
51201283
26030542
589822016
17541565
22609105
266649912
76592713
52664875
22641918
177227633
17063241
485913613
89463564
170327617
563727368
280983752
334239079
112743420
9307742
143542394
474236605
394743095
307285391
238090137
176839086
39617709
274790445
238959549
228475673
186420551
31252827
14985056
49057239
92383541
146889219
31556196
16894591
104191428
16434310
814304
15143407
17477192
82589355
19711691
299238416
380185965
25517339
119898582
560307595
18501589
57325341
576293202
554913103
576573498
11234822
566341192
567828544
15586997
28535831
223453942
567360618
538040544
105530526
192671881
38879106
381032464
23964512
143844798
531289654
16261638
248782096
45516390
223980759
166621911
242645565
140724408
461307813
301144628
80890417
116076509
82690647
548458636
23131450
86107899
216463633
121068080
14349894
137268005
440671218
402745121
560931169
49104815
12432262
259803729
48310529
7413912
137019259
558588244
558555766
16689804
217218106
106826079
485759221
373254994
266875582
308623046
14301911
199643701
78704816
55249484
323700409
519604368
7409472
366242379
152973569
125936577
5859232
19016716
18799771
367285848
535438050
67324224
250550257
35720943
17485040
92948804
57890532
22135906
338638593
481223751
18675369
24080423
277412551
161688302
40643138
39273021
19914069
339036642
154229905
185504049
16485725
63743833
56558531
36098049
190015894
166141388
14229302
31376738
5736252
174777770
77041114
262552328
42590650
18461477
74810091
397296361
18768281
14600138
18241632
126444698
20773302
17933032
384343096
225060497
253057291
19361619
15233333
190016258
54293191
16664748
66663434
114299801
247482474
17493528
171787215
80528373
7977592
19142521
15310099
99536748
47596133
15838516
5836692
3083881
8221752
6246152
35180827
259180531
440725492
417970168
29093157
271541307
467815965
141138834
96212258
242410688
375612405
423329513
214740799
18797253
455816531
420520756
384309187
43985295
97224738
214115545
392114566
237372770
65008298
12588552
49280512
162992137
5310102
17572576
18022700
90650839
112994929
38186171
34302255
407056278
330274416
15418664
211092754
142598572
27320089
249797132
71476254
15737740
380983535
6284172
25727230
42113624
16648912
33563290
33532392
156560990
258731466
409968776
96128666
407072837
161637932
24774230
113447275
264162545
9586782
9108612
71206574
102230387
54185316
393482802
105197108
7826112
104437578
68965556
43110555
260398374
135412818
8877252
36637540
18165988
17025052
17029752
15490438
85906552
14957616
20369696
9300362
740983
39383253
355448084
400157997
274446618
25297021
234928299
342084591
18374114
341551168
20609518
8266352
15492359
56564230
14630696
1586501
9534522
18705065
10919952
47539748
17899109
20317811
98527144
340134776
76649697
82847830
292345620
124704180
266610687
113346902
18708588
17162704
14183106
149060571
209602660
12902452
17257820
8963722
1051171
9309912
1479731
9803782
81806026
110425971
229923277
88425861
344254586
357547927
198819188
9652112
372155810
146469194
237084065
220964293
152919981
31384980
196953199
16179741
380950382
278050761
47474782
337620493
69324775
237349490
215439198
30217964
18114895
41303729
81935781
160877807
41096947
22467215
8016722
7212882
74428325
17089636
88914175
20968239
240627871
112406349
15438914
29462444
82851090
11328752
139584192
6226732
69615597
36343405
138090206
7431052
38514419
14742714
132527721
40668113
261618175
247758865
109534462
117345550
192993762
317552332
57459599
111621439
201425042
131988094
21849412
159222971
33881792
295182165
12294092
60117154
173501591
84914542
29300451
36361288
21779278
83178762
35235616
293719634
30891819
308099328
18651829
300470131
9190222
260682807
311345504
201650742
358093721
148383247
50758983
134543638
118821644
277020420
11035782
231356982
223976203
15277602
18584085
145627846
268035072
17651411
163104229
192139655
74768541
227316254
15565076
253505404
74496743
161050457
38824382
4985551
126894991
136241417
6510012
27961877
54740760
6811972
183983852
108632549
14341711
91064325
22790843
119826225
130518385
135819635
15345389
13447982
7235292
64688742
26000428
83833679
132698114
27342429
267634091
117714108
102794840
14613124
97007045
123255523
10569112
91333311
113580670
44144458
89661866
16590627
16576247
37893776
90454784
13091942
200502746
22297768
169112509
90832208
16161860
113086303
56514501
37717545
13981242
166226546
80956085
51004523
57282537
629633
95171677
14600742
19646126
90647689
223853270
110550189
16552945
123200314
188715738
120059515
241983838
15150402
30210732
21093185
10716292
189653166
16782373
17450044
144827627
46387370
6031942
30960988
73081492
11801622
288422629
92722641
189206396
144102559
114748259
282456710
34939006
184010593
215641401
122113655
34319293
53417609
15987295
258930957
15729876
177650136
119519459
8814092
126441750
68397531
22069331
21843141
23599962
1156181
83583664
20717303
248379073
20737041
17093617
236938459
3944911
78844730
84026252
216288323
75162930
208981404
220634508
13046422
133249760
29932245
1435461
189118361
14647570
28102884
127932415
127916191
128672953
14233770
15248516
22957823
17210301
86956954
14330908
40470255
2067201
122451753
89894871
172529825
87671968
89162993
93167975
39067781
99786872
74449192
59452363
81338534
94535064
121066548
119419536
133639337
131608591
194136698
121468512
104095513
15761407
82580999
29955464
34867057
19341180
6574682
72814308
27689173
143039863
22867317
66670699
32366435
24744541
203961347
42988213
15862891
29733713
14377362
16728499
93603798
98904494
183157027
40667683
40197991
92713062
19063270
102074868
92488963
166971267
143909021
84849147
158377605
19063472
19658826
153027814
37676258
28133119
77002320
81855775
