303555321
18030823
151175266
36180193
1063468687196327936
29584571
159377213
39803481
32279670
828730102368366592
67638763
33539036
1092853539020300288
1125432895013834752
3376112547
395367768
1339518313
237483035
4064590463
46210626
105604209
87785291
755462
48192034
913494466568359937
53778064
23567803
17737876
24870529
16597587
905097033157148672
1793335448
234304961
2931499403
87511256
45556777
4048142422
48699161
38633
415060263
2753767184
85772353
331889710
256303661
3044883561
1097619150342680576
3608809216
885941297776918532
1100423496813998081
23793288
2175569939
29827293
14826965
774880
15853499
47863613
17616057
90981290
586451578
17644969
592148549
380516847
15267884
310367758
3855676905
384924894
586960773
37069830
90950961
205393630
16810665
309124856
31884127
787646424
2165354667
2446030056
2786700678
566275358
9769712
1143081932
533004465
20410263
53687449
480602468
129010515
1551459979
1035676762380759040
971438067897774080
52045613
90167515
1444796238
221509596
17072016
546955860
560590272
21120253
411299382
14053355
17763613
89195529
1065319749712666624
146223640
15827988
809417156
1047629330489036800
19400205
48636190
1073388199
64778208
2955712581
61558046
45565446
509840435
71762380
21417923
6650562
1020367103948451840
41198329
86536075
62449855
94825622
390171807
781186153231880192
16039828
568391226
5708292
44716344
54913
191122681
390139792
178016800
47971284
538592739
460800557
1425894672
890541499578011648
569563376
19069211
2023311
16187717
310539041
14865238
3182357178
60813875
2774661
9384532
182866915
16843841
35783508
567756902
46835472
342597524
2784392719
70573445
515582114
253611985
4911706676
238286255
795207442283962368
8304842
212187685
396451105
72984757
3792477493
14246556
2744240858
966313275192479745
22287219
280477264
3318200353
3016225556
388649212
1036206458
1445748968
77803833
853504435892346880
3437654481
953304055337668608
19316113
2821089556
223017661
405494472
2325779214
2292520365
1356113334
19212550
246028215
294056626
1565159863
90911370
767563121334505473
14313487
2238076292
27524112
14974018
16112173
135945569
16051471
16050807
16681542
72761195
11035782
8310492
108906530
14248247
1006657716
55993
4851816383
826126212208660480
17527292
2478867785
334246622
1081105410
1243561
4055905875
7190742
862751
989514229
26520115
47545929
15396102
29686426
16170037
848901
165411483
10368692
17029640
374018306
14331600
281858505
4120332556
19772098
1257796674
185898176
16687287
3195467395
41307149
2621077091
661723
3595439354
39511166
17451816
1465659204
19221803
88741641
260116832
258840559
255864200
13031052
116177839
18959885
14159253
11066622
59908549
17913998
16636391
8870242
1303016239
98721552
392089625
763712995474104321
2759989021
182347128
97753971
14452322
17957205
208212889
339653183
18956255
2303615353
1320161
1790831
14295646
1008061
16434823
63773047
74628920
16114135
67202886
18519547
8135682
32098130
139952263
1961102174
9233842
5443332
241457780
48823
2391205567
18982002
83186426
38036146
300980950
8739712
3298690346
1377882152
196158543
283271788
428058083
7198692
2402216653
1239907836
82363
1057760869
79571698
919464055
868590631
30286361
794880560
1049495413
20342875
521769198
200519952
242173339
204462223
15254823
4874289952
6269352
5878082
14185733
1923101
1034971
248849136
474355673
32167968
28045033
14240726
65207511
285428413
12759672
3902921114
1167122150
6996932
11736872
2916305152
897938772
22839233
18274250
25410546
2361125696
90916703
43113029
16063883
432636379
172049437
31030273
14768955
229502009
50189269
3221480779
14336120
3413691
630517931
2680758350
242876969
101491032
17518412
16353299
24877257
17639049
23138178
15706567
53720690
73222139
16369563
42150405
49141146
14248082
8660312
9410172
28487033
260582890
1407114206
1637106192
76582790
20936391
146194166
17233078
17778019
218443766
120766191
38238492
683723
43899288
12486322
14919253
16550069
73898072
3081801647
40007653
73574226
2885031
2800780073
30253755
37895085
188663960
13403302
22190668
137885308
16023
6864242
1465481
2777606688
17269229
2396891
13223982
15275777
5513702
719354688
9550352
2328169434
12733362
9362492
17961734
587440727
67097336
3649181
768303
131044458
15001288
813492134
87601199
773392
9714232
116041517
910231165
719328602
14840267
222865265
166557379
1128561
102015033
43879504
462324209
41155540
22958166
293519025
16167637
26699137
95529215
21760930
49921218
499677628
99610599
502297701
1958841938
1224315596
90821051
14908377
28763561
15662351
102716909
14804579
64306899
141493973
231385680
65442219
6031
152148259
1115374579
14707266
15649355
35121912
90338702
63819362
10144552
13889552
23627590
33787118
6742522
33139339
11726
886892762
46614859
20123729
767727
7724792
16878165
26154029
17465603
2648921
83289720
141133
9556072
175319378
214106657
40826726
16665197
281092371
15398764
18701661
5666852
15751438
1454501
10313032
377167192
745213
21324951
6998432
12381352
1548
70132580
14640100
267349496
5388852
14614648
11547582
815661
34890586
14816103
44423
16213079
92059059
10206972
8719472
23863969
136368040
999491
31274623
1282161
42018126
10378002
14352707
3859031
10800132
107770718
3634651
25836560
16185326
9017382
19682566
14644641
8295152
6967972
1437171
5845962
12392342
14102677
14994363
11991612
19706254
