25864042
695643428709888000
241079364
1149769912102952961
19446296
14700316
18213483
4155651225
3372030335
380816062
601148365
152785310
907331571493076993
888689508
1025276404596924416
822375122
152656121
1191419480817229824
95610041
59420272
1344349566
2811748854
21753847
1545912463
992876347231006720
16801580
1016410902
16143105
735954684981084162
1073388199
21594615
1206584349874933760
2441666255
1090191738780684288
2877269376
992153930095251456
59559574
1051065864831807488
3321901515
80862758
2913936040
117777690
881150873111592960
1307715296
943470276
138203134
73095289
3242347347
3216273280
27530178
1000138440070107137
1146885822542749697
1096835645086072832
1047951888635899904
1008400462855450626
763368160527544320
5633002
16736682
839825296958308352
52087269
992334003805085696
93222172
37951347
2778100201
854999698373050368
428168586
837685591923912708
268014778
2598633595
14933304
93940609
3172445603
43531294
20015311
17513031
1157671190946832386
21654763
46678624
2664239108
931468093
804950596889493505
35848112
1660468830
41780094
80546750
27629414
916031611
306742502
38005276
85813671
17471979
20155652
18887526
305530017
19394186
2916305152
90641982
65045121
619050616
158342368
133880286
50374439
1016004575202086912
716627597476675584
2191077337
887636408919359488
295265389
64683174
347177678
87922761
434173247
754373170195492864
134940855
213421246
34239380
781451943059263489
301684107
724371317672271872
770931500657278980
520583222
5225991
17963922
14743055
16405778
778720471789338624
920674933
172336866
7954982
1230392840
1123246116768817152
125370749
3222173175
3008283568
20518298
712230163694678017
825373281465274369
258471731
1249962066
21922257
2904913023
168508680
14306573
16611840
613469003
1080237674680717312
1063009198018084864
995980650967699456
7400702
883235629005406208
7171922
1085912623957372929
1119378821914996736
13426312
3027356026
2811485751
2862184497
893812867497066496
329179614
2721433538
27203838
954766501453746177
26461381
15439395
47378354
146429813
1016587190174998528
367693180
831470517546795010
1055414153358262272
4004901
3511430425
93663418
1053724531
893094764937183232
784609
14147626
1596718267
872086682
32493647
1099023738975281158
2254827541
17664143
840121075082051585
2991211760
460386348
1073606435580325889
166282004
130490305
2251623492
371017223
955409150716121088
19645276
29690278
1286728734
2279220678
1209775466
353655591
114857598
857596842351177731
4289247312
770061668
6603532
287905432
307032830
246940841
815169124322201600
57028780
785547681649266688
14671073
2296492206
4414622002
6809022
376105506
2464961824
143779403
21500149
959024054018695168
865157154772320256
1002101884612763648
66343966
273375532
265674993
805077004005625856
3143422488
119469789
220745384
586830826
30321482
22354960
311979693
37397798
385034549
188861654
15393596
1207929744
372259374
1366588958
1689053928
739843370755993600
971552840
2165463998
21216063
295590687
4025990955
262687993
2188319815
2164496894
102051713
567360618
352053266
237005170
347297521
16681111
2979595390
201442086
730146748379893761
63077885
1542862735
908759102402301952
454299899
3414641
1638097094
68979576
3092684336
2878654509
15143541
730380808888946688
587481914
2876424532
64668800
95494428
841220119451820032
62513246
837360282
2491798615
2908451121
1226181722
118747873
893708438
3004113257
6705042
2361792031
45654358
2214352352
4883685978
15005347
243080822
807673621
752190891339677696
18228682
2709152000
32404588
568825492
14880638
44091448
703145949732843521
17939037
3019961223
46674859
87818409
24267053
1206073436
3815608342
1896269172
109245603
102095809
12101862
1686607771
2301963115
3345504844
17757889
18086172
9610222
17851571
366076366
2602236319
3314988802
2317524115
3091376321
22151193
195793033
22752426
2583726528
20590740
93890808
255133435
531407533
2696218044
3084724307
21210048
14412660
10680142
2635965482
2889322575
228382643
8081312
72128251
49024564
303659218
22357126
25337753
2830417510
1342509852
14706299
241496045
16080129
410099590
535707261
24870470
17963740
926572441
398285639
209651892
880184024
42022133
15473958
357103792
180391735
347580782
233344803
142492024
357219156
149038790
252444150
194920557
374059449
298280745
303318772
76369471
36124457
235242337
107704611
368409530
347513988
10810102
242471490
58613370
14824411
296912924
134857150
301466381
238620126
43310939
240003849
61809767
11419202
17138110
14436317
108116871
72832294
5108051
38959046
26433413
8809082
17438269
10934792
17374723
16673534
16417395
780308
15806774
10078502
6870142
9524342
4069891
2464681
777271
794753
956571
