732227203929374720
152403667
1924281804
125356138
3100344503
8870242
18877255
274632397
27093292
1153340464214548480
923506816948015105
38151278
2860592577
849584900562980864
710023184
177788470
4126965989
2608061
409446263
63819362
211926959
956548371510120449
3224478028
752580889419345920
3959153713
484707924
98745280
16329099
14804841
10325302
1690731
30322301
829353899094114305
3380973898
157702526
2607225000
22578655
29265730
7722082
136879221
16130949
148835758
17407196
167701431
328686190
1183684093
1157281700
125075740
1667211
9696462
557590813
10747572
920552761
296526336
301461467
2907832113
1573544568
203955732
49413577
174956065
18813567
9362492
15926485
158272788
6440602
8694172
699263
26486972
14233285
650013
62123234
15482754
1109807628
2773111
174591864
68183705
14206328
393073621
2804467255
18895750
9930252
48417042
2006841
26964458
20865431
56823695
2359947662
2152861
2924660484
21444446
390786657
134088678
71266955
2423532368
115122167
23414163
10863912
96815981
102693673
6981492
9915682
2282029362
517007964
1465481
29206226
873726085
9989362
132237464
51872573
15107020
337867544
8046362
2556915360
145072368
22156033
1320623972
14583775
2342011352
128010180
16689446
17645226
26343751
193420749
212458982
265473043
16131844
217685756
913300310
169341358
20067991
5443332
14734249
204365913
76035982
41089202
139863821
36590100
350977659
35031412
21212367
191297439
71143598
14862676
16224527
13103292
13354152
18793033
244131858
15061942
30668852
18949884
19232628
14587862
1355771341
14806088
102618671
52204718
6832792
17060840
26061798
405449772
20010763
12806052
18322014
1209406800
16310783
784330
14884430
14614572
14826052
28968343
53011116
29736416
1371921
308593620
18147779
14539113
85859044
15675166
5519412
351420472
18339726
12287422
1175119248
7410862
14180843
11563082
190033308
205332151
50396384
39959484
35772210
10073632
97482220
18368200
1119409808
335939940
490996128
16212833
19548902
71576096
44064374
14969519
18684144
403627863
286802800
109558539
17409082
64172365
14174572
40300905
2400343045
25698588
830411028
60228376
20534261
61479041
94582477
142589904
271920823
65269907
144079408
135824015
63780148
75278745
2695392493
352511824
249169195
478276455
2572455528
318298927
31252952
15381265
14581105
25435149
15220086
15699615
16573218
2364709225
46764149
37605443
14098423
2667052088
11439542
14761655
9976002
2245780159
2786694300
324491552
10691772
14974572
354071622
22241622
18667883
52686169
60057818
52713926
15347534
44900235
255059515
224287785
16887429
934681
8673932
21144147
7621602
208212889
2531421518
630517931
12691112
15007240
26603208
1381891
6296522
9610222
66948982
191001256
14449583
361838778
16821341
315973179
16351258
1413771
15664470
15303686
59283617
248292256
34923649
2559093124
49813707
22386062
29192235
15220128
526485204
16335018
120277173
33358140
623223
24755557
18097864
105769525
17757889
2423822994
2329822327
304644240
17966777
32343991
267047537
39617149
510031071
178299284
14203002
148428142
17508703
16037334
714598662
7340612
17369505
2295308876
29266242
16337443
45584669
45072703
14274325
24247091
320792090
13553
18227996
95723526
13332232
2206243513
195758882
257213815
14159158
14945059
21925637
68299529
7001612
9767032
14270033
12721882
1228322299
356930534
254403726
14922740
297313157
14548411
348127618
2517745178
14081721
382390382
567609527
14602130
38501512
22602408
2496477698
2349145380
1967396677
334160309
2529879654
16341783
46639625
2446931507
2468525089
2317619148
94134508
1686972506
9193692
210264979
2198017549
14366507
233750808
123356887
14901463
2489067486
2147141
868667971
19483200
251775169
30392372
166095941
14914716
163853677
1106096840
64482503
2301963115
1222243322
494517648
16063143
15058596
719498477
16333852
49987963
17375116
543690714
833071
18354645
293529249
96483337
15928885
30920073
9509532
2365829155
407852012
28748501
374386028
24381940
1068831
156125161
14733333
15989423
1568464183
23469332
279012555
386170457
27163714
14998783
152065643
621157736
14417462
236541441
9571572
14694282
372548499
33620667
60977809
14540593
35797450
240768319
2523321
264763192
15676366
15779577
2327560616
18531491
14069089
42680910
51384480
82575230
48966041
15482338
2216901
6461392
14291506
2416199407
76102788
14161402
771585
30303636
44320986
11816472
27886242
487623589
29278562
11586382
2398413343
11960772
25515342
1877714197
78954254
5037011
184516126
15021384
1968558775
261036516
222676551
79298908
1375308626
18218169
1299689106
317418012
350577488
121306396
2457592037
33252655
2422271107
263654413
96780938
197193305
26803375
1262259140
43002422
82632905
164253483
1381038708
682713
13286602
2240862138
9984322
98721552
2294500459
92175302
14350715
22692146
250535644
15146957
310775328
207474989
17899663
27200244
1126476188
564607037
69743234
39494146
212632603
96456422
110730064
15198579
35373186
666523
816653
15237109
2301168638
21755824
14452248
9859172
123671234
38222708
23199065
16015636
1005341556
18734876
279604930
152042171
296092842
67567578
122454453
23868962
262888892
67560499
1057076558
264414352
136580508
23463593
212593161
163196130
195062040
20998650
19092563
1722797202
444454650
18187465
38733179
1849506709
1924223906
390958415
312897818
873639554
262702843
19640745
397155615
931119464
174117525
14676581
14246556
18808347
75751991
47546149
7224572
221427169
14109189
405655204
373906429
1341941654
322716548
37799209
313826190
18922648
76298960
58341241
52089566
108916052
252182968
406955464
14765553
2154673684
85502733
293693321
488427529
39215358
489840666
499977106
14626324
93235699
18084858
14687332
14945367
167588779
14600116
14231772
224429835
53152354
13994362
1306985096
15012163
166064436
58063093
1450691
326658079
71701378
14394346
18401183
574223829
107890695
14562685
3972811
27103490
27120141
763964120
18430554
1600400100
7159162
30308991
96998753
232291320
14333690
18140672
10094392
14500623
802354
16262332
12679112
2206405236
7908112
208736299
17403122
79270920
16551979
15701305
11629492
11615082
397493736
76351598
42009958
19666661
197314657
26574543
293080521
15089595
17923553
46063762
38012344
98369917
14698979
14626185
15752452
14073614
21153655
83902116
14990858
14823791
14321984
53310693
93443
8243462
179489225
71964488
14257928
299333932
23948034
14055566
15596820
4411041
11547582
14678973
16340755
45208530
341979831
9769712
408912987
845094642
1953785851
6150242
14475559
5973972
7356772
89212377
60705667
36741192
16228650
14123181
14900414
494757079
17652043
175428002
14350494
15695490
24838490
224788844
54146514
262431121
308498456
260808679
798197
18326200
17347755
14494383
26894723
48443
3107271
15782607
36093693
15076390
18923818
6140222
18697326
14925180
52291194
28581342
768870
95279967
582937820
34687247
14206669
14921817
59776418
4690301
56806537
795029
14107651
14112731
10504532
5654672
301302633
80740892
55836614
7513592
20518767
20611382
3319021
14226206
90491964
148253952
23719814
505624877
14079705
15128930
15686959
23726820
815661
7601332
16061930
36383929
53953
15649930
2893971
22841038
7618952
809512
14510710
16494284
314702351
10720602
39473385
81847602
12320492
14457811
23948946
11857612
23090019
8859592
57047742
851443381
14434688
11064542
3244801
717313
4574361
7355922
20343159
7798232
10420662
14328611
1293051
292730794
16153974
14049721
2981431
14277281
823083
786491
14100497
26570916
26047081
389861184
1155026743
779627
13492552
16144702
173630577
213725975
1314051
14086808
9804362
14060372
19426856
18086454
110373190
61506290
156877973
74348965
406942297
20088765
5766592
14403076
39109858
143128136
14375294
18956703
793351
136403321
3565601
3480421
380617006
517996098
29092926
139211015
3741671
9135742
19696150
23554268
46377455
43529244
30912137
15897465
72913699
48105771
9924822
18640520
10641262
13250122
486743979
123602543
47677098
7311162
1107297031
18210275
84101956
14394279
6544052
117882772
431454954
206444851
16065205
12492842
86351835
288500051
117881543
744384780
67597288
312011124
1244965886
14117914
7652702
27064840
1483245362
277437617
14935043
52553326
34008365
2342217950
15855836
297594445
66993334
87242980
114727309
194484407
3011421
17675552
341517998
16535397
997763095
10250992
3058771
15398764
20468047
15882366
222156090
13378422
7356002
14678506
11069462
17991558
12456402
14641568
22444948
8854032
1235521
84512601
1316813600
17518142
15832293
16004418
5666852
813402
33787118
56884542
46420026
356565711
38159167
5502392
1240466215
24477419
2179734534
17022154
14120402
14695816
705153
11388132
154479578
14650877
64194762
452661512
69108492
81575887
340399107
74816426
213433431
17109253
341348987
1438182800
319190726
2382516637
20747268
2325349657
21973201
73333984
168429466
74129471
165290994
6031
931321825
21614616
163257465
15808604
131182801
1072396122
2352040718
47338846
15428957
159594165
2326692570
125448413
81961201
14424884
126045734
91904543
14375953
15121304
331511129
9059612
784165
268381487
17665941
14782935
19385504
15211440
42480399
791300
4625641
20720688
14340934
492388638
177491555
81114222
17783001
14509080
49423975
128711440
111551994
311899396
14244461
30076916
18055613
65535301
327511027
14090713
8980232
915119508
7347922
633385022
9551792
1566598202
41155595
150427442
18996095
192301091
291698253
79766620
208229132
91548273
14105730
24579345
1749311
28301528
19313089
2283655788
234807365
595916046
43655101
227565301
69054873
199838750
309399331
96394014
395567715
399370021
221039212
14923504
16519220
249718937
14628953
22279603
2231839172
123269690
10105352
9799222
17051356
35128237
145728942
14923009
763575296
348407439
18335139
59421738
34671194
6800542
14768955
304189262
19630492
17001663
72471437
15136979
29194856
18233747
59911425
69142010
14362098
61792530
543763618
17519833
137759643
2242368890
10191332
294098643
17007238
18302437
803694
239864308
17835631
8120812
1314060476
73404507
20038437
749583
90821051
6827882
1112616968
17144130
17462723
15804774
20510039
42425069
15761351
88043919
42842599
1738054932
293057271
17055482
242429286
82734156
1339832880
192303150
47955102
17408320
12387972
357726605
79138290
14997921
1160616980
22050354
60941141
14662473
38455756
201156529
76768747
14459351
15463097
262411287
18060808
14162990
72227447
35209610
814641
330240039
78012548
40305232
292545052
796461
15802344
14588984
289329419
88982108
9181042
14050728
164217471
87048481
1424735533
9676472
613653
1257963720
18088152
10688472
159950527
23498831
69353990
28472174
19587559
41545027
30227740
330327065
18528530
1316387851
14431692
1138959692
402072835
605324590
7736942
38229327
56409421
103914540
1690057002
14322694
618405292
9509482
25814570
15275187
27524644
177023460
40720843
242645565
15737639
61233
266589392
377575427
744266275
16120736
15387276
17591423
580347128
20623367
876081
823457918
28225017
15735507
15383212
14352307
1357442054
551330716
25508347
145796109
17161645
14706299
420160649
358314416
16058166
14230809
27031838
18601151
1114984644
771470
14446089
14129987
629023391
61772051
24916485
39003585
232332740
15175773
48843
588918236
51147845
14097648
13087432
17735070
14053355
17130013
5838092
12246822
54295782
29844194
20639941
26379156
108895004
96179624
271083449
17180806
435181415
17541046
10206972
212537881
14084530
202043059
5370832
9366492
15669196
523503830
14961008
18307596
19198198
92623
14816103
12579252
34670660
8446902
73107009
14198865
602205292
18484992
18080585
13334762
186547854
47971937
342029412
1225775714
583450546
20211581
2630841
15488482
63054849
14585205
253774097
14639127
12486322
17620820
9720922
1998691
782502
110368132
124036182
14453057
10184292
7373472
21694056
113963
14421746
14744668
17038565
14053823
15005347
125639997
55957641
15663547
260320812
1790831
86585736
150621067
431758864
7037732
7617702
11099982
17639049
10441332
668033
14325738
1252901
16185413
8592732
14336585
14813827
15704940
18744691
51167925
19599604
22545571
8692942
16669912
13348
18525497
2384071
72437541
376825877
127548285
937913048
6053842
40498542
1019381
19682566
9151782
2566421
13970952
335523
2276111
15376576
17455917
7861842
12036852
2648921
1465637749
455907175
16213093
143883
231734854
94133565
1284720552
116041517
14640100
261665936
14627400
18355664
16246973
18204232
80523
15373404
1012111135
167234557
121616124
1267491781
23236131
745424814
181152679
80589255
45036289
5708292
74543
1538841
11176042
408847389
752133
616273975
201856133
1009746583
179778325
14904260
17093617
