398365705
16265631
41826513
13378422
1159753749008650240
755208
117834664
62331512
7773542
48723627
15649735
855835988
1229083085431504896
3301465151
14250470
1361736751
1847686404
179454918
90488576
14714099
62513159
962517114
10368692
2856932848
877046059
2964727139
237188318
14733354
855011828669325312
15819802
14963677
15375959
14684842
717025308189331457
150947743
93016827
227290195
8688852
267776844
16377511
2851796285
16147002
975149287142297600
35432643
183749519
251757939
57308239
15424250
1147501
335954828
116082843
1116364096964890624
5991112
30192824
2073391
793793
501670545
3012485333
22847952
20758737
105884071
208012590
324766896
118808263
14164724
3351581
52017384
60864243
1029290320465469446
636003
19113589
92595075
4994591
111933542
13409772
16635584
14430021
2563028120
1548547333
3346620873
956702859399135232
119068247
232569410
46700222
52061552
15738236
25148926
14736196
255321400
2330381
476239714
12417162
2431729586
431035304
906174306182455296
15128816
311449627
22450282
33549968
25731201
167018724
3365611043
37500431
93734534
978819294535585792
18388966
200045211
1398254126
89124282
29730356
374691026
158757537
170718652
10851312
81133381
78353800
4567722263
783584842277609472
1126413107293753344
265006521
732683080205492230
912614872680148994
37858862
14146300
16302665
4642951
11352392
983401651473174528
1002518727500419074
95056494
1081480398956388353
786501293330173952
2348461766
23413607
3241576024
6586332
2912589971
1044875687662931969
183634277
2858701463
450884542
518941908
1514488424
35833187
23554268
4585891
178932440
233630712
22781821
198579020
273397779
2656589473
14360283
30841465
87489271
107553497
3906941
917996687657984001
143147829
17648172
799616
289483414
489427595
174868293
143870871
3580004117
17271117
305703516
22618904
1060047208098127872
1106966696194125824
54184282
804018917744091137
440973397
980110936781574144
1043865749520084992
17407473
306095552
354179118
332520937
788093487602397185
379999153
2649951
2682765606
4193541383
4610174536
113756018
1159671
12845892
1014493477630029825
196320432
533232678
108424913
155896448
2961981
344798595
373817691
294232825
1190275838
876457553936494593
14139022
156124269
313501255
232205822
10574082
208478081
166567261
107564278
1603266774
1950011
3881651
14206328
68405914
400893109
1153
101989221
377383279
234522921
931483610540118016
68127225
65155102
1030656907038609408
5653732
323272805
1043931389022883841
112389534
3064373693
163046484
24257941
2149038745
112298945
383628846
39469647
11372422
5909562
297870884
112398757
402019310
10809412
21690292
28576494
16884935
1377629214
14782935
103023146
24841710
984508456861425665
111672677
2877235695
61295933
1433662146
41568075
188341977
224938138
447113563
1258081
18672145
272896062
188136496
2744671017
2559296363
1416806107
125485258
39141147
3909417629
89996407
138394190
82579047
65877790
9362492
57027700
931102383538606080
55635779
88967580
12310172
406585736
14834180
106460875
13372872
166584623
201185000
185403505
1726995541
98936214
106172619
55632244
82065221
841022423105429504
280474178
42238295
847436882988285952
306192341
17784084
14607140
860826696072794113
125620003
78659545
130926986
540279359
522457007
929874058480668673
759828567827943428
176498693
363015521
840894199637643264
29751357
34588032
739154671089143808
17646385
69708612
267646711
463785003
14640565
556708229
1525669423
207828092
369391641
17963054
49907738
469611209
133324532
10753572
14137772
58820991
31141686
101477788
2569634328
4769616908
116042786
262543897
325688374
2310584452
2208380394
1101694530
67591336
549248321
80120860
455984200
6157632
135453314
16542415
14273689
120675100
138455578
892732157294030848
95483092
16495353
169974409
1036816346
676573
107765315
266678211
15052455
5202811
25103
5702
247206390
2980657830
134497728
560622571
44098380
873262791708352515
14424551
14682500
302277849
814571445967679491
301981299
57047586
2857634531
487899706
9130722
904732464307994625
27677984
40480524
52706994
82388403
760751633051549701
214044145
221688652
398619873
76673184
221668325
14464115
187839329
809153395
2928209793
151050939
117172905
3429852687
964706594
491837836
1461069679
827787918
251594509
790950921253552128
6110482
854308609517383684
2827432900
44894078
244076670
111060272
13139
253279366
45126828
579312734
106878580
864163283502338048
582787032
54128435
19390742
59511668
561981886
85295416
396238794
237786643
16808969
87441743
193570988
837010433072640000
70520806
153719058
231438374
24863257
145325562
423065127
182821975
44423816
17843271
22199970
105950130
1254034052
10079052
813333008
16665197
2244875216
776477314787999744
15406007
259837086
329513767
78251076
94344849
1365535615
16935750
374273323
916031611
999470034
74258050
295854911
213795604
541058739
254060142
14561327
282516528
80624797
123550991
38800197
2668871
381987422
53369080
94357687
2402179123
742037389615456256
362749599
747786260
32340285
70504649
756076788757954560
21109848
90259248
3245257727
1577241403
312996970
1391648797
19826509
16009578
3201252621
115613297
13972392
1067986608
2582764214
1313256379
17987334
11257272
725958384369852416
220958088
224592601
98976129
710897974071660544
91093704
14335498
226509126
3251131
220238391
14073654
72912042
15002079
22805380
151618450
89912579
140547211
8927802
7258292
260135215
184438029
2251623492
14162967
207033967
48783556
749179032
233477635
6784232
118082479
14371276
234135701
497013
543264782
89919051
166507237
20979418
61465364
213066227
80793888
404820030
1018256658
662433
2839592097
5404142
14291568
413115782
24358412
5676102
424911145
16045832
7204872
536830087
816883645
15843738
19898512
7134002
10421012
13639982
247343549
15777801
80856048
3023693742
117513418
632663012
40842346
21924379
87949851
403494479
234828810
174391821
34243597
1333990308
9276642
632850021
378593889
12679112
2487935676
78056363
14418272
98491924
15299279
17919299
296810337
488352732
77703150
77460256
12869372
26464319
908004260
1081491518
1200817933
280512205
1275851
18936150
130090609
851532960
757933
562793980
19153529
302203445
104455410
444873040
2214016811
423563078
624580140
1222375140
149874265
189982304
20358998
86074234
15453206
17486327
123974622
1395504505
40832200
15727391
16465961
1489879782
132099014
91555981
3889921
140812244
317216537
292244452
159265314
17372527
257465556
233304923
197656530
452823718
10589972
3113481
35230061
784277
94386464
209614530
135897543
109554092
11008
143131394
258731335
255743087
1287050090
249789566
340367609
29231749
17514080
73125145
67870740
303138306
6752632
594093819
218152451
18800586
497982800
314642926
153406192
270265561
369595479
72011775
544279640
14090754
19526551
39097700
64278155
19359893
199298441
130856911
18786606
908915424
292777565
242467413
849524700
148264145
95895220
82035190
593916543
383422938
20026964
1289501
82893174
111080814
198869412
216440049
6623972
11060842
408585621
15064912
262616916
57429836
213361801
372252821
301674894
17883714
388893909
63696608
5637652
28377274
128955624
730971308
207164060
14249926
156225514
212531637
111936807
267952368
107792333
15163091
14145543
85789279
218481873
10683672
16130258
15943605
264773943
14489175
308437587
92939407
338297015
310388101
56990389
258098159
418500813
20510458
33860779
596224678
18944723
6440602
398059631
98639702
14341512
80819965
151373041
75364438
276972256
222435202
143021102
231863748
160137635
121036684
184110200
434381575
89399166
56192628
63079717
100291556
15369142
1053951
16226999
15948437
78868347
108967881
5695222
2828311
33936280
93843354
34237822
239946326
139029078
520442075
129174061
545028523
21557232
103307625
262619738
532831058
270450909
28361846
550417439
27748597
120605562
203251244
48406303
170059226
23765675
8679742
12088732
15036739
166152207
823083
217786003
210154698
266113749
78305537
14750483
320630436
295410676
74763818
31747859
193616547
86807655
163020193
88443277
40325830
69409447
15375483
34981400
118039151
13282972
16484216
7856332
113033084
293434673
9473582
14077968
276529864
285766285
15467231
20869542
43211671
19181194
1860531
156022246
245833085
7159302
154259639
17373585
795647
109534929
5303212
16127401
16708173
14509390
104827002
21282206
11777542
12500232
6647132
12416092
118730076
75359236
14542419
14291792
155335422
90191087
90234463
5693702
18987959
12441552
93831537
25055602
154090892
3204511
18333663
57656376
2128421
16039195
15047564
8313692
46185664
2801971
25293
17537750
34897539
19960312
109488608
14900173
34039936
91551309
13008012
1991521
56643373
63706212
17028577
98740379
18161115
1516051
53436094
4362521
612573
17662122
88202136
89280349
9375692
85285956
20765426
9410042
17959429
2819291
3130321
17987363
16119392
18847100
15890480
13190
17154663
784782
16627617
2669391
5933932
2178641
12300752
1021961
15231564
14931853
2209091
2632531
14537313
11249252
9628892
1736841
768392
10157432
1995041
54173
4180911
3889791
2455561
4968621
1622701
