874521729883750401
779897284532113408
74720685
56806537
46210626
3250970444
71531021
302400414
1230008382129614848
299566801
2788904485
14500623
7516232
1213793418331090945
22227677
2991062483
134196350
14924965
7084032
20215362
6968372
1040063942100496384
1568392153
2284228063
846014785246367745
1204538249873698818
61540826
1187929919713464320
284068570
813892747
243378406
905180649824280576
1072430245234532352
2342138203
15923760
1191867834
333115980
11099372
95580481
15133162
26603208
4176991
807648
127854851
2825572500
74439449
110009988
425020930
20347305
16196481
975025121172783104
3666221
76065846
7024472
1131336078349209601
1065512871654817794
1100917635334586368
91430081
817413714278318080
201492612
1049406981142966273
1055034719111430144
1127292690591182848
881794609327869952
16262332
2317619148
185636683
467721312
553538094
25383581
2468437069
415719812
15917473
3241766299
27994823
18112018
51254190
19732866
8926712
3196623966
17877351
1578141
302666251
871726303942070273
853151395351937024
763102211639537665
1111497834031800320
2512023476
20731304
39667025
3379244896
47675228
602643038
3364396215
221175879
2905575894
20686733
72529967
2347424041
293644969
109914762
78620039
23791544
18674362
1073991601163288577
412730839
867857940
1690731
809834579104268290
29156410
862957554363645952
24607393
87631820
41272636
750071483024760832
334955469
818285013359702017
42624026
22678898
16925990
890184602811281412
2798887862
12342812
47931955
2369163936
104427626
60976384
286445412
99528392
14360894
822016507
416909756
2300204755
1897242510
1649725453
897861037
537723672
1637505368
1113304045333098496
12241142
16292617
2163338126
2178454160
35875967
49719051
159537844
363824262
1078953703
40655158
892376954678235136
61127825
15982862
145179143
1067843142832001024
114784234
14940745
240589428
898327967859855360
95972343
89498844
2577403879
43562385
335047044
4754968118
15454696
487278885
694668534761148416
118798453
289610659
891054044
2986621462
28761366
154479578
1068295861787115525
2859448331
462821479
109090495
51400447
289572207
3230315275
1110236902991544321
87071732
1068831
358872669
540249300
53415587
1606002860
956623919024353285
29956708
250750364
278050761
1108835217945563150
5838092
28968343
1042411245318680577
900771635707424768
1067548351451738113
701089501024681985
212982184
3224063099
27875662
1098958704584638474
18117814
932898811625836545
22033608
2806761
1006968213828132864
883324283078025216
918186186715422722
890023769477173249
28767460
4444302499
17475986
342636015
140735113
1023648132595425282
14203895
9138302
3900133109
20718994
83656341
327779505
956875477280370690
3208239154
755070
109086082
1052844518813372416
556162290
89516768
3421814230
184950601
80693776
5772522
349442022
1621256666
3416950545
34609999
2902082678
104813015
18324154
2399847534
821309471557296128
19691242
374280533
714743
2585876892
1008750245436710913
784697297921802241
2557113918
962517114
606284826
16048357
873326336
918054424483913728
809788259492569088
4749465977
110244676
20013067
58051372
46747356
9696462
4115702599
150646351
5574792
2332701390
937913048
3278959416
46715219
296041310
2180823319
40706825
786917479595606016
870454480474693633
20348893
18142033
3146360088
2251623492
616307178
992490865267478531
97465432
5476212
20532806
2892219338
71416826
1004101116840333312
3992601857
766329980204843008
471294203
3069523629
2861410288
63054750
1620624512
323008968
1009342687554691074
753726731794714624
842863108507025408
129662712
1001519187175485440
1863182736
35661167
103545756
34324747
315691472
1874533242
2814400910
2756479056
103549232
19654909
19175845
3804659063
2499235068
988465844
959767350349303808
103952573
14739250
924002014643843072
1863372584
7340612
968611724730519553
19496411
775780868967268352
12486322
14993466
11547582
2175647936
103133300
49403457
707858743
321266768
147302897
14276303
14080036
19244527
718531527764627456
245525833
14594017
841709758528741376
722914767636004865
105041886
2694452875
14355029
898455211769032705
15088181
2672519185
3302508429
18408919
147638041
849667932275605504
301970484
295277703
953304055337668608
731717526
884243999653081088
3382999846
87744974
467468663
15413774
894719812366196736
820367095120547841
16351266
847190167542652928
2213154721
18636447
3502601
41583907
16696636
686803
1581471108
1927143506
363924887
897530251248631809
17422632
2512683048
70614432
1481010043
2350019719
913494466568359937
788065764255211520
668423
17737876
5874122
121449541
766146012
20398124
20260892
583450546
1283721720
229943319
3356531254
455210426
427260053
7861842
441158276
71762380
1270448372
381291325
53778064
891970750554529792
12045682
37570539
4218544247
822006738375311360
24877257
240569603
3046308574
3318200353
256058386
481543210
2437792460
2317661245
2956929964
274586863
2376517663
2278820204
276161525
732331714886787072
47452040
16143105
743634217297293312
183657773
3615461532
724643081320964097
848958930587865090
3497941
48360190
19244652
94860262
4055905875
300980950
15669196
192303150
23794347
9309912
779627
8845232
14284130
14226206
84321709
395367768
22572168
32167968
177788470
15662351
6998432
10325302
262768558
267227104
385095211
1538841
18137304
841761818536157184
107401303
82363
153580420
15080332
845186475117297665
799192302577192960
836368461076914176
128461860
63370468
37017096
2751311107
2513671
94133565
23036965
1652021
98721552
824270573203292160
824320219866923018
3240143771
1536791610
13640312
7562412
726513
33838201
763182788887666690
64819838
2492917412
16213093
714775800
288961348
2423532368
22756947
18959885
4061230191
345673106
23554268
22564445
43354450
326511843
17518190
723010754530566144
14117880
15704940
63819362
86783122
14400353
157885750
2152905981
188943182
17277285
937698624
205861303
2833551
22536055
3330129005
285428413
276964721
7106252
2672931
4455481185
14090713
14075836
10810102
15439395
152862026
15136979
2885651167
838550689
3180367712
435406143
15005347
15723022
18956255
114569616
17465603
13855732
15350500
2851944063
2820831370
2806000111
54858446
9135742
84936200
58425835
2987122085
19893048
16173592
615486974
15011100
19682566
25337753
15717973
38003146
14178543
540366687
625585673
16356013
2512637612
17038565
370331549
10368692
10250992
1665684812
16058280
50090898
25435149
661723
12325402
41485866
791886692
16211142
36366545
103347394
20706017
24500377
47509268
49921739
20562855
3365618279
21771952
22017680
11222022
11176042
2383891914
116377125
12691112
14117524
96048648
13219352
2243102385
16265876
12553
697893
20031363
33021964
11099982
18055613
6440602
10184292
759053
68442845
813672
3129095903
27093292
9151782
19599604
39776651
205912775
5662252
15300519
36893570
33139339
2460587587
22444948
4411041
14156177
752133
38730763
14325738
749583
8104532
5812732
3649181
1969195280
50264379
2983206962
717313
2366194867
17050488
44759260
266400754
1194696751
2438173117
1062617552
485661489
1953648950
1090315298
34714943
17522248
14687741
1411461098
35246102
106775579
14839302
157702526
14823791
65818688
26480573
7086292
240308353
70982145
875172289
154208937
1973559199
20536157
2803191
59911425
80329229
14904260
85999976
2836086519
18076305
148540304
15398764
3565601
7795092
5855502
18239140
381618637
111551994
2932821
80987571
16027672
173630577
23863969
589979973
121553091
57584404
2693378358
37552899
3105147764
243764385
823083
3008589194
16462890
48843
793351
53081353
14459358
14768955
94477161
1389781
303245315
136302349
751893662
264430458
6827882
2811817727
4889353644
19198198
1636590253
14130366
4874289952
8633582
4884044833
159822053
294127712
269729823
17462723
2800780073
15446648
16947553
88412859
2798524260
487623589
10680142
1115374579
15482754
1566598202
56409421
16697511
34670660
229502009
45556777
9699802
14248247
29523070
48230811
54295782
402463867
546611994
157378690
14270140
107471115
80589255
14662473
408847389
15134408
150621067
2233329924
25364012
14568931
1286116932
12579252
11388132
27064840
455583154
34120843
221141823
2276111
14804579
44423
1019381
15376576
17518412
35592163
9714232
116041517
86106456
14585205
9720922
14695816
14421746
1252901
14053823
1194200606
4816
80881027
105635994
22545571
8692942
559994453
9463342
69496707
24253645
200094129
20762184
42851073
34212459
77908845
20430048
39350987
13613292
24156855
61697242
31263739
1225775714
29789072
15317247
14602130
3192502890
6150242
56884542
14816103
167234557
2480951
169015850
2667052088
122484908
52429953
13334762
12721922
2910551413
14706299
203558650
239581027
