796235489124548608
61705400
21086622
3122868355
152731266
1126415448348561408
2298666181
1080493764358127616
179818380
923022094342017027
1602976376
1248456888
14862695
64427784
14216155
25458567
357606935
392729208
137885308
153828535
930057223425986560
835100319080198144
373452675
17121650
227928681
46627703
211564378
4780060819
166878955
3092702579
232071367
1943578656
910010341781774336
71762380
15313446
44900235
251585894
488809452
88305457
619532406
3306558980
201262607
4025495236
901773635962195968
2175647936
121553091
955588379391004674
10313032
102099663
15446648
1035676762380759040
23863969
9714232
24877257
4417440863
50596697
366854348
426499821
762434885902491649
278503293
252792134
598228596
19682566
1108444650745024512
16597587
2857471486
897226646230634501
384239522
2851944063
74129471
1216354844576972800
14816103
888779458584477696
60075654
900848714
956732154
44766924
953304055337668608
14246556
14421746
1139521639962546176
11687372
922826978591469568
4070070508
1187298117621821445
1165215363803598848
782104219469934592
400286802
50412295
2381055446
8094902
1176187864809295872
3512757083
820367095120547841
710457704
751701212035067904
14187464
14137772
6383562
38404821
1139782742059749376
262296989
1040669393255055360
847833894368018432
4141423041
444592619
1857380066
1145646111794835457
1017373691523555328
4903026734
1616927780
31746605
20214900
9550352
3407621123
734164442997501952
277761722
911595986
1034557798657318912
3246222339
384551986
38268605
3434168595
104616026
498275969
1172786599
56666499
1159165325423894528
1143456192678834176
377253018
3972819375
1114161832049225728
619314325
795401127537745920
985978122007957514
315394303
18226862
768160441843355649
3288077937
76605694
818956830361653248
818956200519860225
756423115664715776
11217092
23092438
6998432
108318487
175795981
17511982
214685346
872756281148407808
633385022
816134192
1151529744703336448
609422553
19388003
1151297760114728960
16697511
760163899110895616
1028595288
280238775
2439943350
1148354540623859712
285428413
2147575780
1048151840171257858
107375795
721152531
756999
20249264
1209499525
800746605297025024
906330847
257600962
592967005
257765996
888424923806318593
2157116108
872044639674609665
589057788
8694172
1117721961659027457
72863878
1130886489053835266
2254914752
2593699544
36823
426647087
51529520
793351
163790906
89490206
15704940
17066309
23554268
1123524208812789760
722288888891502593
2244340904
2746490654
2187796451
312609523
314003959
4430502617
14465137
138543662
299945351
5697222
17997273
4280096173
709644992
975041447673004033
817648951641968640
65153614
784466796183220224
739271654920978432
14489751
16333852
31530396
39978805
87744974
11320942
14662473
201764216
732202604
4455481185
17009144
177788470
845974635585781760
14804579
1483447088
2881616045
150646351
80589255
847190167542652928
85365181
1266426427
900527692528922624
836711358
1069620686887559168
955766291389992961
156124269
48833
1061719844515667969
1057336285
2853569661
115180931
14146389
3022091465
17465603
526254701
3244623526
254476132
14146300
45959829
51164205
82363
179040857
27529180
3649181
7832862
1465659204
8942382
15043081
408847389
32451683
979077112601526273
2806327033
16682056
4411041
166315104
15524875
2073391
357463862
2854697019
625053001
2908869704
3983906001
15083021
1012027319895064576
887680503637307393
1277893256
708065213002731520
20641938
29360999
4871583958
1862698399
1004340985877417984
390167291
717654410
21204689
716933677
101624176
3115920741
120221303
3402401441
2574901406
80410703
71519190
480310669
2467890211
386170457
4347001512
3173809816
1138959692
2813398537
3286770860
15759583
835608513330180096
953926139864547333
7356002
26205151
20636386
1283539286
1132876218
597647959
4259054675
865206349
103625781
2677928664
115573578
36462780
273587027
1949560158
368196789
4373184623
2317336215
951511
715623900084834304
874424446064492545
873129591497531392
2358092648
3250721351
26318754
3075418040
832322518304296961
15474183
1896546445
2293493334
2744300054
396660034
146554716
1076061
1377451009
493974431
1337012706
140118545
244056350
7155842
25098954
3179487520
54879239
731193432501309440
751779240773820416
2839430431
631577690
751863571466813440
2391
714874094630535168
19619986
64714144
2276788117
707818446923407361
436732579
3538137623
220948528
2630841
300936837
1709734866
61569136
2351258436
3102891500
624771315
1257598033
2584187352
1010035405
507896961
42969114
5380152
90900010
793830
1048815170
214614594
7738402
29681473
30863156
69060967
149970275
16975304
113037623
15736190
120219073
22199970
24346832
277990945
12830
21281988
15439395
18960906
20195998
