4834919436
27794232
1877714197
13696102
37030214
780490134655528964
96435044
776402106
2819790952
29584571
14069393
126388704
1157475627731173377
544273219
15163015
633385022
3300817955
1034745380
622718983
15714104
1227090939518144513
10821
3372431615
778043404924100608
811989608
2890087500
16695645
1035676762380759040
2856932848
1010223569727414272
872449766931800064
4759631
628562704
102099663
10313032
1222641804635447297
1131195510
16329099
1074741266561294336
256900512
1052175276988219393
1193807487943749632
52393154
351927492
18326200
1530096708
85556721
153158056
3198211826
215392461
45297280
24179991
46066476
1012355031549513728
12589692
1158214010195644417
242072382
13216972
744302714226544640
14054507
525865132
870828949382852608
1919080465
982443027493896192
1031513797956055040
40030151
73296672
743073543919927297
1651194487
1367767688
2643354500
76605694
13235832
101186457
843473223048200193
1179463307691823105
1046185356725346305
26093892
1176187864809295872
816948136841252864
202657505
2307040357
14502367
360211556
1716606662
61677971
6686242
733230811
21090358
57205153
15040566
49294244
1068951084
24877257
760154572627316737
1129766345896284165
1148986177778642944
18966808
1068547920
24274695
937227324994588672
4217023737
3072428747
918186781991829504
14440594
16804761
45036289
7056162
17735070
2496041376
12387972
234673056
4997711
9720922
50706020
244131858
14427198
14429713
58926052
23777840
124036182
733016778289225728
852258448561639429
909787591670628352
778429472278097920
17032014
625585673
80523
16620110
147282282
15661864
24758605
18084928
312011124
67430296
259927826
938861752808226816
118172970
216193075
8870242
19250247
4858563561
15376576
45671972
121075855
12475182
81254246
285428413
5379862
16385118
1654119458
15301028
4057811
14309129
14164724
3131120266
362022429
1608386678
731717526
258020873
2306462901
273404950
3170301
71906095
78247357
1648999932
787780879741546497
4749979016
360002161
15797140
170700315
329616688
212632603
65677968
15488482
942617268852105216
4273331961
62449855
11658172
1575847291
70703518
2313734496
45678357
15982862
942544632898080768
3365618279
50393960
152022069
1128452702470459392
1581471108
15692193
1618431
9313562
31318889
382489438
14255979
65732431
11754732
8367932
1140783560833421313
20260892
105041886
147302897
14276303
321266768
924002014643843072
1863372584
20532806
606284826
16048357
2399847534
20718994
3900133109
28767460
701089501024681985
900771635707424768
1042411245318680577
956623919024353285
1606002860
540249300
1068295861787115525
462821479
89498844
22678898
890184602811281412
78620039
23791544
17877351
27994823
2468437069
2694452875
20686733
2905575894
3364396215
602643038
47675228
3379244896
39667025
1111497834031800320
763102211639537665
853151395351937024
1578141
302666251
8926712
185636683
881794609327869952
91430081
1100917635334586368
27875662
3224063099
11176042
14130366
80881027
3278959416
8692942
779627
583450546
556162290
256058386
1052844518813372416
1068831
2851944063
1973559199
3382999846
18112018
17518190
20536157
1008750245436710913
370331549
1636590253
898455211769032705
5574792
20430048
34670660
14768955
3565601
14117880
752133
14695816
615486974
9151782
69496707
148540304
9696462
16211142
19198198
19599604
33838201
14602130
4816
77908845
23554268
94133565
18137304
22545571
932898811625836545
150621067
441158276
862957554363645952
1098958704584638474
17462723
14904260
1001519187175485440
821309471557296128
109914762
16173592
5812732
1286116932
345673106
1115374579
19893048
1004101116840333312
203558650
16143105
38730763
200094129
16027672
121553091
15005347
16213093
10250992
41485866
1019381
154479578
3129095903
84000178
386505090
7516232
23611315
17645638
9233842
16821279
169129420
403608779
3221480779
17589614
264495837
526292034
60760075
816653
2873325694
28576494
32167968
4917955339
49973100
120306766
783092
82323304
1006536409
310429679
34698700
784165
21385774
4888434672
987103302042054656
1059484348074876929
788643333656702976
213135804
112510597
34212459
262543897
161328883
2244994945
227928681
962517114
22651735
1135180545489588227
788294431317364736
1029222468
101280438
3110001945
1344951
216888354
10680142
50052513
3055652033
1617787723
107471115
1219800504
4289247312
805981402143465473
924335759066218496
4748574370
875349400930983937
553557115
44320986
769603650180096000
14815775
4280096173
15427422
734010048712675329
36243342
23385603
26304514
3229989565
428058083
177312880
16809032
16501771
986276359
22903583
5915782
14585205
4889353644
15168355
3320501925
973586538
2480951
17465603
169015850
167234557
24253645
8633582
12579252
363924887
956875477280370690
18307723
15134408
847190167542652928
128717738
1284236868
202087082
1107728207338307584
228454510
704730218401894400
14325738
82363
828100297
19734656
53127409
2291039762
907504383193165825
109660581
240378475
14934225
986220194
10712162
19218984
3333123749
181421156
908813425765179392
285457237
47920914
20711189
3631301
813402
21594615
16597587
6013662
1006391
200278362
22514616
107080421
72722761
219723542
40677549
973471016985874432
788390172115275776
147912870
745582409257713665
1527801247
901773635962195968
480625146
23092340
2892290399
2831015491
280477264
973882769523838976
22848759
19057110
77073780
814641
2416315770
7156982
14111858
801230931272994820
16454013
2675014715
8980232
14893620
13682312
21137944
2885031
6140222
110198955
1565159863
118133101
755892943156875264
1998691
15662351
55993
755070
749661321977819138
3269048996
805046388153348096
14698489
54858446
36104435
5955112
16002126
3294230398
224653586
18093153
44186232
47967527
17302537
23081953
51627206
884243999653081088
62533
30841465
14053823
87744974
976425799984275456
35783508
6141402
23924865
14599035
80703
12160
14826965
93434375
894719812366196736
709644992
832013133161959424
334198864
26212176
44423
1012015272323141632
327285445
19341814
15174809
14139773
11902442
16947553
404150867
686803
4643465352
287309941
21084672
84351228
14614648
15300519
786221627306483712
2555247428
278247123
17738399
4328252177
389634390
253339566
34324747
48823
9704662
1538841
13023532
15398764
224912517
334955469
2436389418
2759769840
952184304741822465
3200891800
1558870975
754576630752894976
2613859267
295344317
235261861
892376954678235136
794458165987438592
155906029
949851962
1384837974
231467758
16240799
57719614
1589737296
1036105555759308805
172418264
1328617249
1478433775
1505278441
2351468094
2464660596
2616097278
2801974764
2836711275
3370111283
3370776527
3529836559
4455481185
4704801806
711367366756720640
772080865627242496
785919168956608512
839068743313555456
870454480474693633
906298994153984000
134072288
2841962875
44607461
636909690
14526407
579873574
1624180945
54857631
815875
364930813
2290715506
749308669
329179614
8145832
1357283618
326034810
17024927
76810409
4419221117
432957426
63252043
361319984
103549232
23863969
1043477813444128768
48843
16819361
728371342689456128
2516620040
16114135
6995892
16738317
20656090
877413360
10325302
212187685
139544417
453995919
14671135
16943737
15424716
9526722
10184292
13074042
770490229769789440
2559347738
4536291
16284661
2369849120
51529520
1397791753
20410251
2220085394
37319116
23534420
16728620
1246397209
113653403
46299743
2452073258
17486636
59836958
7482442
2821089556
130690431
3083949253
1023648132595425282
383289779
2231179117
2981013099
37989702
75261668
3305896289
2356617109
86845693
902098098847141888
283290392
137885308
34890586
9542682
5874122
29231188
397476523
7655662
6440602
151284278
7340612
88273299
48636190
348416778
791070237949034496
395367768
179040857
1529078120
14055926
5610072
271487544
9463342
845186475117297665
13484822
223544454
2891322620
2987122085
3380973898
763182788887666690
19212550
24701368
484383803
2784
2251623492
56823695
1428575976
816255358066946050
4746666389
10157
161071669
9610222
12691112
9309912
9714232
63819362
4874289952
15049696
1690731
7106252
14898461
116688364
327779505
1481010043
8104532
3167301
35661167
27093292
2855893183
116041517
239581027
3595439354
216735143
772163384
773561146792116225
961714446002356224
4034530393
912788064082255873
795207442283962368
12193532
714775800
2744240858
959127998409699328
12486322
1209499525
16130949
2789291
3015509723
2956929964
1923710378
11547582
19682566
143264018
2800780073
10189392
2895317462
260116832
96591754
14662473
2423931254
50090898
372475592
91985735
11740902
13334762
165494603
488844512
201262607
988465844
14372143
14561327
166557379
17913998
2784123889
793351
40655158
158272788
237293113
5676102
2175647936
40449158
2680758350
6998432
8304842
9362492
20342875
177788470
1049495413
11736872
2892219338
14804579
2756479056
718910384158208000
953305718966366209
10368692
794598635455610880
14816103
1948614774
209323420
897226646230634501
109086082
110244676
478700423
953304055337668608
2423532368
22808453
326511843
2499235068
986519143
3318172339
264712854
192303150
192301091
327511027
18055613
385570796
820367095120547841
3367628405
3129467597
17277285
17541046
2820831370
14084530
141721058
2667052088
376825877
91120943
7861842
2648921
20720688
14993466
3649181
697893
5435752
2384354214
2806000111
17518412
2512683048
27064840
1732068618
80589255
408847389
4411041
242922415
813286
29466339
2748559290
583506897
980046830
118689933
526624220
3224063257
604416116
15521075
21253578
1609565486
450842550
3330129005
487623589
68442845
14706299
15704940
14186285
253449166
51164205
3005303039
2861396853
73141192
3449458414
6948072
563030218
231581344
12342812
278689038
86390762
14372621
3318844765
16316380
12006842
20760436
12160482
76352776
76352295
75251268
62492971
