1121685141590462465
17518412
2423532368
153158056
66321639
301906729
836695576829902848
14696999
77908845
956875477280370690
879325853808775168
4921841379
14248247
224653586
61722053
2178195180
976776799488299011
108339259
1005185254427160576
806491455372099584
17427333
978604706
2841902349
948284586953494529
2871402869
3318510573
20903464
747331883164274688
445597403
785462626574893056
15724284
14109738
757943665750925312
255732176
716986249303744512
808307200141750272
884774818465423360
770254611475271681
128009262
21388780
248736864
805797645197463554
192981201
4589785455
6038402
41121600
80533340
280058345
468510287
162321873
37676258
2154663805
725004000471474178
2462186892
447128815
2228655612
22353366
138799731
56510427
17271765
877098165320785921
111847613
1284009463
796707847748849664
143909021
182857317
1103930756
3295756750
615486974
21794421
95945498
93966147
1270448372
53778064
69496707
393350471
21193325
273327733
84351228
16036960
534255106
4916149245
4227338597
3094848053
3221076435
417742021
800305919804325888
743083397988376576
740528058625593345
136395505
108688147
19541238
557723910
278614447
901820008573145088
2875191506
197134898
2537740259
916302851403599872
845186475117297665
883688682225577984
1002672528
80528373
2679149100
47886738
772508780936429568
1178271416
2375511812
73379881
433684191
6282942
20230015
376175991
3320772045
832540925817737216
2303289600
74883907
874612704027267072
2868176019
300193022
3147989614
822068901915852801
15941673
14441849
15207835
90048502
15167590
181363
737310750264418304
88685879
589992850
306115101
2317696986
403352395
765651407336771584
53653890
21676193
2157757769
377900232
77212326
714003031
1093655844
365946107
3890738655
188721487
388798731
2847817956
2935275869
6440602
14099831
3292882983
435202535
865911696
363709030
2422199114
19654909
57691450
4502885068
432492827
589384842
487623589
1712423689
807154538675339264
1471618454
617143
450846609
2987122085
205708680
452848824
6496232
757676828664422401
51004523
9475502
373865643
710874047639392256
23043211
455659975
84258886
3804659063
912733502
3128828829
297280182
18636447
2238902785
62647280
1115374579
73482661
3084096189
311722513
3647241974
7451422
1712610012
73067615
24000011
7607202
3073713837
21179585
4910809053
31137589
738063809089286145
461550742
734030572885037056
34620550
87914521
116063765
323389375
17790274
1702204111
1829611926
3365723841
78927039
166141388
4832383863
335852075
34235577
16028499
435348808
2541357380
2790172128
2281950325
192986664
305718058
121386718
51863969
260771853
2250664692
52128746
389630336
159161738
434517745
1295422680
21436847
1571190842
889053090
321575853
310873009
394169843
250188689
2865743726
400219506
88189125
3031502607
3420749333
341796661
107722135
3004102703
2399171731
558588244
327285445
4395985397
770145853
57441737
418042334
23782207
555420646
154479578
370148038
475293665
10173352
351003345
18173885
50599894
1150505682
10680142
96326629
332389668
17925320
71241141
712349940
2962443113
34212459
64657695
219896995
15446648
408847389
267834923
2803929450
221724396
107471115
46731674
16382892
9769712
3089763915
268227446
2165619896
71759599
199712801
304917008
34287667
229491949
3726616996
3092450566
236583490
429721480
3114341692
48363178
38350102
2180020267
404150867
19812968
716088020
87759357
472130992
393446643
47970926
1345911
161328883
16981026
341979831
14809994
3319065832
153350471
182066108
293239113
192301091
1464180534
5719682
3630411
239751015
18159539
49921739
30243790
18230705
48297189
5832732
703046682
160109630
270840712
42746940
42113624
14813709
153329640
40848062
2205307848
58829173
382615803
297626682
11388132
5812732
13587572
106074594
2154487868
217393834
23434048
66682073
779830062
209070435
2775278188
2929665105
3128676521
124512591
138999682
132314308
100594007
228475673
94567349
533047414
19506537
137457764
65651300
780590
768622
455814168
34923649
22026217
404908036
123631487
80831099
6226732
14233770
47194559
38021678
29508165
16550166
330404654
192928904
285011363
59461158
11121992
21290877
15101481
35868025
282254367
66782792
9068312
15102669
7607262
159121618
311880926
75162930
636859225
69424452
198804166
24149226
93399665
209066290
154584056
27502705
142673586
366088660
417453620
97231658
82072173
