1101413278876610560
1238867369008582656
574404573
279543445
1413589964
80088081
129537034
3387071
1152291552062038022
865160954
35411013
103023146
1097362550
2393038355
93797943
14262029
1236063520959148033
202330346
14161554
2212879538
993828440741560320
802612945129799680
146248951
1129026570289598471
1235169244687544320
2347868803
83636128
286819419
264374958
143854418
33702441
14525424
111908651
473393426
207617689
1051566401062928384
964225392688033792
1195000384470667265
1222987052523782145
1304641663
7618952
1920954410
1052391
1378503289
346728386
171351985
2815665329
385847731
1719311
927178908
17593030
14269220
50113441
14053355
246416840
226390248
8839462
50738131
19341814
61572717
756985
2991792054
61171056
4782601
962517114
901773635962195968
95881469
204245558
33334169
16551979
62135964
130967284
4838355980
6758192
22881123
57367121
63819362
18657077
259784449
6417622
29556428
19367943
1206647743826907139
202661088
15171615
1526151408
1221963552
223055648
4781026453
14541776
3795873387
3383762481
794981505504161793
988845479751380992
710115712170270720
950478910466113536
1191149047651979265
17640173
824703130789146625
16638816
835996764
711624379
1121166310094909446
89648239
285846678
298438140
116569312
3580286237
3122868355
1072229209593049088
23592682
29923542
7200752
1544219394
1170354038350725120
1084709393877352448
1254723332
11297362
50286290
3045053475
15347228
266032095
74759560
1080532056705323008
14778397
37586090
1173999509564776449
17355865
978729660933726210
17850415
7969342
21621562
318565100
32652567
86240381
1134561308232364033
788392706
59166185
465879001
2372510162
17207451
14504040
14785423
1966475286
108580151
2880056154
1108721102841356289
910936280
3512557336
631784018
2582234222
2316383071
793974309974904832
268611440
143883
848901
3453491306
19467875
129517510
793351
4214366653
42425069
1171790856853962754
888400645216129024
320263087
250293322
215822029
467035507
155868556
3927353729
26685390
50372368
14581454
30165588
478067304
1068240425062817792
1147938717476249601
18994034
7331172
2489595012
723565590
17096142
252869514
46434769
15012998
1130387346833022982
261986843
5547902
71216563
14816701
573888196
1739395051
21417923
725748862586097665
3060296542
2347475803
606285334
6697972
947815969
198432208
47625896
41968732
819180480
871652364
799013026657685506
3155105136
639193
28265107
364468182
12614742
4814660326
73430976
76223486
115147066
1136993722170773505
1070418203405418496
894057794
45297280
1176606112520581120
3312334914
462551660
384593740
107022949
14333581
1174759887622086657
40750511
490485465
9391642
83438083
15612251
2403544216
143177475
155068238
253608265
751064574938456064
784413735649677312
1143634258751348736
275029650
18034566
178252177
2151311899
1088014917888823296
22083056
21153251
159480948
16013441
37387919
656383
994965723431632898
3310412263
3253968129
920416009
859455064301285378
1118573027304853504
1170501279019175936
1169606089635184640
433713863
2371538100
2826656762
16402798
34112092
1131195510
1167755913723359232
61642028
107705726
66478616
25734165
12806052
237819619
39805579
13235832
5047701
27819723
15790639
939207175603449857
266666927
3876865408
887257803555000320
14405017
107330350
36946358
3369420800
2731055016
9609702
969322358317240320
4854401703
149265113
2231621136
17785666
703060885435244544
35177994
736672624420519936
2652828374
15535745
895857055
721588970
72828612
14558020
9898542
339261041
94117031
968747286791688192
925901887261437952
133359130
249116945
2916634652
16591288
982126071402266624
11546132
74931097
3248833446
2328571297
176724026
276366009
1637334481
9657992
8932122
29156410
35475800
248988547
58174056
82658300
14946551
1037077955489550337
41567650
5462062
14816083
1014472445380780033
758598429115310080
1113009097945833474
575163842
10189332
20422729
5973972
53253
200306226
3060836348
2027181
41543268
197158879
814672
222909206
235507959
344514301
8862132
991169199950053376
15397636
1932221766
17837561
28358269
186825368
27867458
3278861726
73978423
92100382
65380425
796984986
23795212
1105153975320526850
14772956
217129165
137274529
183725725
307577710
53986971
3064540936
730077166143070208
739271654920978432
24448708
11313212
2497655854
345041995
1477711496
2189754482
4923173954
49281108
1202022344
54569034
15749670
243378406
769603650180096000
336024547
61146940
347739200
4331838453
54032907
133447503
360512961
169505740
906918505366335488
400882913
937687584867864577
246393964
190967190
611758045
246516111
1118283691111800833
674593
222186902
1725399738
2903357295
5913912
20965586
2903812140
292670084
1012483471
240883644
851430115
726634776237461504
443937259
237293113
17213939
58868103
17789045
14246782
212632603
10626512
3680791
14170770
2342613998
1226470117
34729853
288666095
3287546748
383977318
19180724
545528667
25373256
937758776349863937
11311462
3372813899
1501480405
14436943
659933
37360448
534946799
181427567
22945637
18204232
3244801
47816573
732611818951151616
23538480
4856478409
392418342
29567394
40401884
10178852
761753326211870720
297102985
9284062
879111107289415681
576535497
267545566
17454341
7005032
123087360
382156314
346712890
32311103
14835101
229405633
46021228
2413817946
1101265753074917376
6297992
17264237
18381058
16887172
15564127
259380437
83919495
21276075
334955469
19175718
26898555
14149919
959544337213243392
44707835
19665109
774757
1077590701
2261004456
4207056793
149177237
3255690396
276958669
831871730
203684993
333617703
937764830072762368
14147603
567794882
979081380696023040
130527911
14264560
874755748525486080
993154374208819200
19847709
189213655
40929930
4735965167
6776922
527401620
772076964849061888
526485204
475399977
121724948
981701
14055926
60760075
2163320750
62827597
4874289952
2254315993
1927667402
167193309
47323865
42413226
67911695
56064100
926438334
833372577447845888
2917931467
46441293
248675866
2546538871
153828535
1330187418
34952760
15502314
16617447
1080578271148789760
30252339
110730064
17982417
8939772
297645155
26342192
1070179228841259009
770797550
14802450
9462812
18227996
82346142
280657127
9701422
758017064946761728
64171513
47350584
113218622
16031975
22477055
1966901077
142081335
396214728
650013
390287545
14744498
44900235
866196075664769024
3121262999
1060341625317023744
1007087981780299776
2172304020
54315079
2838525800
254745146
24718762
741694633076346880
263600855
2560302655
1010041150500044801
450836082
791875428
14706388
15223040
14061017
2433010706
600789151
18121997
293293497
824331320771878914
728823
17088295
902321011
15039770
22886125
99135401
118742243
15024407
25678303
28285752
43111060
865427900
2337213980
224908728
2323131
9299392
1157858503
59246419
19352690
220443654
94009565
3298570644
185797545
19553087
16316680
799166785
40526875
3230055801
768843489404747776
213834269
68814274
5407522
14149445
27984436
1023249486586544130
4447007473
16867071
1002274455576428544
17814727
853040153874620417
249247936
18088152
2871485014
14223222
61061816
991481321666039808
1074899342
942786716037009409
444131405
7045142
54733465
15772495
2478286777
13993962
2835659467
23634130
95720641
6473302
81538231
14558569
216727067
1950062431
711367366756720640
102882177
2469964320
15024152
30459141
52961749
15196120
301857714
512066764
187282591
14050728
19265067
916082930207752193
373584972
993624118627991552
2791628465
16247414
2334251
16160760
97148339
14456191
36155794
934442161793220608
14500623
811098595
14117880
1363147201
2180200740
127750628
709543904
68704471
18146496
771669
284289504
2479974385
779718
28346366
415848544
17394561
17503069
199823912
14647163
428058083
601359290
4389831
4733141857
1963194877
4148958498
434757012
1679874157
26399922
29516060
1004400289313521664
16115965
60919433
4161310818
49603423
953463687246790656
14961859
13127822
19682566
145527781
215864287
385197507
973308278
2393588311
938587019592306688
431127373
2535635137
874027656
969994371033640961
262289144
2859448331
714908892
840049734
40975804
1270758145
16868564
17926293
8266232
15484266
29591712
77293
2904362194
14321984
14210367
393056991
7078572
34321563
589725037
2737528845
1483064670
14561288
626181652
8223662
929263026
14707266
19260808
17402349
8062692
22136863
14846645
3675920053
65583
36497641
21524871
2464660596
5727802
47764698
53014926
22579475
154625260
19267830
789174467264077828
856614892727554048
94247119
954001
24690628
904610959
3023008120
16562139
489427595
14162967
1331642197
151632665
817738176
112814948
710434903
71906095
870454480474693633
883092900245983232
16753226
162422162
23316795
879191
323905773
2006841
170796110
772080865627242496
37975275
126718519
93336266
358353503
14273282
760776799
18634321
33108499
1697769560
2680758350
473942525
27008806
1610060696
23090019
16171758
16555592
637533
111416485
51529520
7555262
60892839
909631
48529642
14292941
156219130
14283186
283201871
705330458842701824
14086636
698483
15095303
22572168
3572889192
17513031
158065720
1679219940
468823637
23863969
2951901
18055540
15594928
28514279
30409200
14215825
19540528
3036329200
169976767
17050488
71341812
48887637
961861063
245942173
15045413
9866582
17248395
1690731
40735545
392240548
20704550
4324751
958141045
3222833269
89276193
900369714
1648999932
399657823
87882675
23549334
36995367
4829901
1066151600
14640565
1367767688
54722501
9135742
328203
18137304
774234
23971403
3187056242
14534896
70752036
73220348
17178315
31355134
90376831
16205348
134661691
41198329
16063910
16302665
62419873
802354
2869479547
2180340467
3562121415
9555772
29798769
16493367
20249612
61530307
381937194
22193381
369791364
16364966
95347396
1595809370
14816103
2719626576
2255846066
14602130
1483447088
61233
403070695
243800816
17638705
1929371954
43156220
1380622190
16707145
58708498
25103
2547412918
15352541
2141321
817880
21726443
394263537
21170138
253464752
18210275
22354434
458547677
14361975
18100961
14497891
15664858
844087785837527040
5511322
5610072
19281751
15161329
291911739
222956791
1648181738
18104734
769202702991646720
3182181133
16894290
1597249710
59611400
19536396
14297665
97114171
5676102
2980650723
1017428432
2759769840
117278501
15163015
78247357
3100344503
19552154
766506660194115584
26379044
8130782
1293051
5379862
154616467
47036032
332018940
756351861255380992
880958460858388480
122053508
10809412
839068743313555456
958154761
253350725
909291
14204623
156082322
68103081
14164724
14206328
310870197
177788470
18818260
31150483
16597587
7768582
229523
14259060
248815441
13640312
826104354172047360
1209620136
3840737293
338673699
282872990
236405866
161667651
148221086
14074078
2801974764
86146814
292020434
36119194
16216798
861116848686809088
96084326
3099081217
241267794
7178502
18566947
23135066
15198579
1573919450
17797084
57427164
19312147
14692547
1345454113
21767394
15767097
8306282
87559451
9526722
1049495413
19638289
3580004117
7798232
51848919
347488218
107837944
34488596
2888022350
10936712
11816472
22118558
817083
2616097278
14188985
805812028598145024
84654958
15420480
845094642
22161956
3256301227
1217090606
18139160
91496333
3236271451
22120094
555494047
2586997621
89483328
4030833132
37515662
14945367
14407953
14689054
13332232
2436389418
9381512
20544264
3362971339
529148230
27390972
813333008
14421898
14989163
989656094
3793960033
407175927
3755420532
7039892
17974018
257967384
1314051
4625037762
542266410
17025247
15774694
229502009
342438867
5739392
16305138
813286
24640100
26019541
133018035
768092417895477253
15823636
8942382
792852489875759105
325855606
6603532
29659411
265593408
14193957
15971074
21751427
1429148504
14146300
2590949749
2607381
8592732
15075911
167030937
10978362
1057760869
757792206883131392
403627863
2349095342
14277281
3100568365
24927031
19515536
3196691268
3068594637
115751131
2577114018
17800194
23830105
2925684486
352498809
77286002
1861562977
3816010100
41833
59341538
966991
705406475821125632
2149567292
9209832
23428591
17943698
14440594
1850484768
50543799
83656341
25814570
90488576
2981010834
7548972
1968883592
35806201
2812312304
186652181
16335296
2482093610
163154809
14131945
1181030863
2255745990
14830772
31435721
13461
47707747
13083362
25337234
17180806
58538646
56884542
47519618
1621239577
5762742
87556835
12853342
1561608864
913200547
20235586
1656315427
38409197
47774386
14639127
49436500
2756542393
4502024180
30002917
36093693
44897207
7705882
243995625
180337525
8094902
78968940
18618275
3836754077
187737126
55117855
14345985
413822580
4107392663
586671909
19685068
418379573
2500058114
1328617249
27028163
3270334422
53276218
34148121
7862582
1425508644
137636025
512926848
3376603318
164397633
16578359
2892794997
3171064658
1255218984
55484062
8898642
16166358
28828401
136450598
911760128
15146957
218970613
112487498
24556977
17407556
59282163
29664625
14191961
177138943
1198537832
494155506
56806537
462512144
3229178700
2927108202
17966777
3252851667
3327334967
2828286379
25221560
14185226
154479578
18328422
238214965
318884991
12916742
288328373
91946336
67738190
3131102986
25555358
22736496
740920470
14800144
822037520
16167651
2482772300
153998882
28325059
1646532438
306497372
693703
3195467395
64172365
17639049
3065211439
252283417
258000917
336031996
14232899
521769198
18876842
7384342
9571572
116568685
14695816
550643609
33794734
342459272
17425633
47314880
28520173
11547582
14267221
1472526193
34093272
56831057
23347279
24257941
14166535
470699108
1077011760
2856889147
240205845
15071177
24031455
19926365
2891261245
347458982
14521832
57870444
10191332
2499318074
2533272041
549501662
185898176
16385118
96483337
23813710
5929252
3196684243
15211879
190633664
70294554
56486453
2937901733
13773872
132900875
16120736
632167472
11412902
132233154
3121379060
482677455
82992069
3111390977
768870
15358333
76759179
29280574
3121359767
80577897
40046728
137788577
2496886651
43445285
19796335
227107812
2653734282
623265148
14297855
20719205
514870898
31291652
50124536
17142930
125071102
429342346
2607225000
14166714
35089909
790513
356447127
80703
47494539
16820748
2823725547
43523969
3014883399
14735680
2359947662
1614751873
23913906
135183414
874949898
80523
18177493
14590010
65803
818146
9510922
14466014
1850250979
407360622
10462172
14348452
19052150
159822053
334179253
11896242
16472748
807822128
267047537
11250462
285428413
186557126
17296646
384534865
552167051
784467
78034581
318424356
6035252
2393718854
290323744
9013682
118172970
2728677166
259785933
256794034
8392312
353199587
19933191
325170587
114543786
6548592
287885970
34644660
15220128
779141
369585978
132287110
10650562
73740347
3853751
19760274
52661512
139169934
14392095
33934499
310429679
2836046215
86351835
15794866
8627682
105218320
17061861
148253952
9362492
2468525089
6243032
15482754
14566795
34181507
16807224
28862294
2635425075
886491
5661592
65444206
399113
53953
130963706
189678108
32205230
13348
2557481588
82349340
2351152392
14724533
1591197324
851530128
168738308
64736859
1452021786
16468695
15385234
14510710
372107777
755572680
14845197
926344062
15695490
18515457
14475559
15664502
294127712
12435562
545128509
134425576
18556268
14022792
14023372
7934432
16941789
15544659
21539374
115265409
63527490
385006558
1841791
18344890
21336288
10767702
14356844
13857342
809685
37030166
6701262
16455419
155759716
386865598
15446648
15787066
1342902223
210193709
12708782
103914540
9898392
15851563
510659981
299435162
138102228
17602808
1687437205
9589602
1613642678
106978181
322716548
94587600
85367596
18097864
206674043
9396012
13036132
16107645
14528224
14537182
345177338
31416962
896991
14137772
217155915
46113
17056605
14274325
9887162
18355664
110755082
519262288
26191233
1578016110
2530827690
18733741
1621647625
15061942
22882670
14631642
232291320
3901011
16478326
10441332
16445616
158272788
13042012
239133838
2291361006
15387262
18487730
1668444913
14803849
1465659204
15524981
14187783
30920073
2471480622
42007556
37708591
290900886
13093162
7824462
17397461
125846549
143271719
65928319
19628090
7723482
15029296
18496432
16261507
28878517
41842768
14260840
20747268
385263
2841111
17527655
199312938
13247382
399370021
9911802
18094148
602367564
15434371
14281221
14192659
262914828
3819731
191973
78659477
356930534
14914716
239123640
12524622
191481645
18593319
13378422
537912783
14230604
221682708
1749311
20507434
14466413
13033522
127935940
14188391
96899604
1038630643
5264791
123441777
2208083953
102048347
743222730
3656401
778518
946198657
15855717
14658472
16618097
206444851
15685575
26803375
1688933666
14816130
1660468830
3948061
9169942
260044118
16890969
17323361
16522388
1961802253
4519121
52993950
225509260
555681182
92398060
14453057
29777587
11573112
1451680340
14939200
2426271
320792090
14836673
9551792
12819682
173630577
17757889
482236710
14268006
15926485
5666852
16340685
10076322
199148889
10184132
14100497
10691772
619997554
264481774
263792919
15478970
749583
813402
605776658
14380900
14375294
45573701
374806099
15649735
13682312
17025041
15156473
201522218
1445399744
1138959692
1130723101
14320158
35656967
13895242
9885102
236503492
80905225
377139166
13518
170793777
16297895
697453
23777840
14079705
17173207
31693
17398187
16246973
19734656
15723305
43346092
13058232
15534230
3058771
15712209
87013715
49820803
29330632
1114522016
196477831
184064459
14774877
5465062
28202547
1072566992
7736942
6031
15077315
15696107
14586723
167499429
261546340
18503906
465742594
757731572
353845948
293850289
121492533
34708328
777766650
38220117
63070591
14353392
15439395
14081721
18638888
78673
223523193
477269214
15023233
822284
862224750
16721886
25729841
332328671
24223641
20209459
15772272
5658792
14476576
16208467
86328927
25240992
17365270
14577706
29092926
6544052
66432490
599669340
78719776
17969296
15782607
14761387
25994592
