1851957702
263309165
162912494
1958390815
989758265562025986
82103983
51457050
4835916558
47936341
750975440144171009
49292117
1124753351869181952
1217483034888458240
719545318023524352
9454232
1014417365713522688
12193532
2414513534
943448804057079809
15180852
44744034
3245142196
24661811
2491098637
800604661
4374855195
47141892
848465369593458688
1038073641462915072
6887652
47363855
3227338044
11673462
17615570
3003834689
219972434
325113061
72003538
39298212
18727585
813333008
28870687
1041785194095816704
1053469831259926528
2584046803
86424236
973672100878798849
809785337400754176
1611074784
1047896294298148870
280657127
949232324
55193839
715451644683673601
2742488737
1047531642825441281
75263632
171691486
761586390
899262605684068353
887680503637307393
396502424
5093
9992452
1220402724736512000
75804053
13802782
135273835
781586151379378177
808977482
239139589
15046469
801833412487184384
1634706151
14662473
34212459
20762184
1317929959
211219152
275562615
730705905059254273
421795636
6467822
764678044405686272
189535713
11197942
22742048
4357362499
815542051563536384
367339209
460596378
7655012
399519018
217304598
278296577
834442744433094657
949565294
14563616
385163690
16569107
46069728
72103117
217858372
711284972347379712
2854100596
1154186227
581777420
110396428
862942478495830016
188064515
26018066
2967981256
1094238997637988352
12786782
17437184
47898401
3296136369
17682232
23965121
2981426032
576251130
2815174520
219078550
2823329380
2735246778
26073581
1198600270843990018
73972651
124186263
2175538331
1186000535427657728
46446811
431417006
27605550
24769429
153350471
1081236656987037696
1037001390445477889
257765996
116348101
1266857352
1204057117654736897
1058042362415464448
24203304
790596805943787520
2571501973
922806360332472327
21287516
204793810
455226367
3758479457
2716978219
1206584349874933760
212325987
3365723841
58831600
1749071
102900547
3241766299
851058343472967680
1007562516166258688
919294347857690625
2154487868
15072316
182857317
333242483
65651300
561474995
2443990980
1150505682
73067615
48363178
841655590262853632
734030572885037056
106219812
461550742
50599894
13046422
18605255
1166339641890476033
3303591629
3074603398
3234854810
69930017
32394550
1201724952090742785
965050866
348763305
806491455372099584
271401685
1028595288
1192943870998388736
2270881405
823203148949061633
984162487544242176
1107456895
345673106
202178786
1167038667757670400
84351228
980970876639133696
152960976
915041310
1129720860481339392
69048123
1072129031590559744
16665197
864716390372167680
30306221
107032314
14146389
1307796572
72954635
24384295
589809247
14443226
2862241270
280164969
48667415
299881361
972586638
1050829880278085633
2372770782
39345486
1165966113664094208
815246
553499534
4316593949
992408428579614720
326071624
1074388995633831941
1004361017789427712
4586525061
6844292
222953824
2244994945
1020108704811606016
91333167
4119861316
1182794499069632512
237889929
856058012930330624
995327652
369498645
13395932
18552767
330767074
725004000471474178
72257896
1179900330215165952
12395382
181723645
35761106
2480951
50981316
16964387
2916305152
102594136
46375782
473315786
996062376729473024
911193053641273344
1162381475439947776
33418037
246882833
8768312
432793978
487928002
573918122
2251689488
239542816
907171019898617856
14879681
2318382261
2315768366
844945076367360000
2969531590
99954584
1941633097
943123341824675841
3064402186
710394749207896064
15243240
23085322
1166325539428282369
2734142528
362574501
293673969
18942979
793486254193213440
30021646
897740448529297409
3580004117
2990263883
1599870367
1636392366
240880218
201833102
34995701
2493407430
1077704995057864705
2361784741
309528017
745003433019772928
391361826
220919800
818452568267489280
841984178484727808
2819200876
739012579603816448
756477099309985792
811047893582970880
3300877743
298225839
402106532
800044778901618688
30843842
15005819
985153748719763456
894218576663646208
820926544835211265
17615701
34255829
760654
4895013502
778764142412984320
16141659
2375511812
1072953501528023040
138203134
2447420682
15104107
13810452
3297176788
15948437
3599682737
15394440
78663
2787508711
2202925394
19234681
23457312
41600685
804328393210822656
3141702537
17508660
1105838370020823042
818954651584307201
235552504
965957807232225280
288755234
36932487
115100327
1095118682789986305
800675088
593083273
3644859562
3068126189
7817142
4374833957
969176963402420224
2958823554
91073870
875549706
28096610
979005545024811009
1509922555
1099995905355403265
16525183
2315512764
916349221455974402
850033694962323457
2460047754
1829611926
2414205444
85649579
14706139
751148918
2159593434
2706751056
39512482
1098973552554983424
375717193
21101201
86598245
218289790
40198994
448027561
1061474405270712320
70947578
18466967
755723077141528576
961083950
20435144
1087398105685872641
2329066872
113148501
1088639359
124512591
126267113
13691922
6253282
757590703593619456
717540272758886402
717677139810717696
18604878
6629022
68833161
90286855
1104347432
27948545
1495670845
2215577376
37180418
130596773
209794784
137266362
19708965
588259039
26626697
1096207746972700672
848864867553619972
89282956
908337006840868866
104883773
204044387
1009053732
2419033884
1094546293278556160
93484066
2319112904
991970960
4502885068
154676963
840184386620407810
899315085864308736
2501724115
1123934898501373952
14389177
831205999688179712
2767488183
291590733
610163202
489006512
18727161
43878033
334873854
16589206
787149253302812672
1069643540366573569
95731075
722242009
44829905
2450266270
170404151
3317233336
2864197246
29156410
390167291
1110344440600805376
1110916901310480390
182828968
2914726517
315465682
4273224434
14792516
153581660
18550687
17251205
96221583
765507685630500868
586728466
929531611
562797157
890515110
14444186
15723458
81583498
1045016243932200961
2478278280
21704792
1031837755234549760
157774596
36383320
23601753
1088383417195159552
14193673
1864448106
509981951
22567024
1101431129612136448
875203489
942528295723249664
5345032
1097994112161275904
114777959
82346142
115522337
4672904180
389630336
201907594
16649457
818488898418601984
27620482
2302631940
926506819626860546
201856958
15796976
3171548321
748109054183149569
51172224
736916488771227649
2362618909
7607262
34867057
1191203173
64845117
140560637
404661154
118263124
2287061323
731875128305451008
26826499
515543735
777232271484997632
2482921284
928272210321596417
145556011
560454290
280101178
810446802
30232889
2450032548
66780587
6038402
928444328
910127605277495297
19976004
2785629930
138790830
3221329000
41566604
356820490
384267433
22495264
94594788
866150215774068736
923184361196937217
2498042258
157944317
385377678
52045211
36668727
290403441
940241857975635969
843271712
798446738583486464
134545441
16143105
4597853354
402173510
41784691
85362553
34923649
2332206391
2301184674
381187236
999269457682882561
1037659608159072256
344057947
138173132
81680030
1051171
775706849077329921
14504859
927588683733225472
1427377609
24160034
4288933452
74429434
360945163
24744541
300868563
499900882
381223731
877997162818392064
3147458090
78114269
1381891062
41081230
720314127420227585
16078436
83864876
197816493
1433652877
3311624589
707602994351710209
940368410243944448
15468152
1122906733
366289783
14707949
278256762
509849786
369011563
143909021
14441849
312757601
18867086
112451555
213077589
413129652
572634167
4009651821
118436740
4842897833
2837226736
814151081110470656
831503542703816704
939473530839883776
329714473
596420812
9794022
241072503
607066076
89784381
7037192
289032867
209811713
3630411
35705169
113462371
29955464
213273608
203850561
329025491
272521470
13830762
3121472727
1458271
141355043
46419992
222108701
72078786
203530201
108561712
920763996
33838201
14813709
798259732263956480
3303091822
740435604970852352
398109871
2866489102
1366811
19407394
272896062
117346766
1162505240
76027241
68440549
47399805
703296564
22467617
720389270335135745
118763592
1894608870
936654774434398208
988452514914856960
244199680
752495200300310528
757676828664422401
1541028804
337791986
841213731510071296
893137432157102084
4068347835
2266580234
595962863
14089418
182821975
2292889800
80528373
17679707
757943665750925312
1723662264
1873322353
89296952
737537172278890498
2788911124
369689042
14430936
2341849833
87162538
189244355
750640908329254912
778079034
380955895
113130846
2471892335
862236813246771201
141560205
196100496
8814092
56341402
1239287030
499839963
534678984
787686643327242240
11801232
544091655
153837307
3935242347
600009996
214905348
17663262
54406598
8099802
41570792
131935861
1341600930
84707102
742336022038630400
958271706531008512
16894591
1138959692
961231730869981186
9190222
212179973
2414294526
4850143163
2891883185
2251623492
77502415
945943164
884750300732588033
16929559
1435753688
243570980
110836127
1202090827
15494859
2161289384
850276523789565952
130518385
39353647
135148833
8301552
14848469
411577577
177217315
91541961
15808647
418673530
19878092
197173482
411522728
733024864353845250
805871237117317122
2409607242
861942866989469697
928915349201932288
121386718
90649952
10680142
268192461
2154479924
451448044
707880635122192384
481937787
11661402
931201926238220289
19645545
958538251
2438608302
888530046
372691798
108688147
2962443113
231464850
930043455459512320
215663375
4924367464
2929665105
243118371
30245029
452889812
789086686793826304
2306685306
14597927
338985020
22467215
11227042
788640398382096384
556633549
47194559
807095
82443473
707878128643874816
832618647600246785
3059409604
60004416
3684500895
593633883
2304891949
249341385
786133167983894528
17844996
14389093
14420872
303687748
1017884120
392755065
705467790971551744
16100710
881520302404063232
2327881
897889083170672642
742363989670252545
415117357
14698049
544884124
3031502607
434968866
1170404948
143559488
724186104
1006945298
86640232
702437911317364736
14939913
43593
18080585
2510333484
216514237
972651
180711631
1968716382
4829487063
24672525
448708743
1166105653
1056717649
3388805573
119732704
49413866
135518390
442656126
45152126
87671968
116276133
2267208438
1683446407
42113624
15941673
1379662802
3130945485
246358351
292409371
121435655
75079616
556740689
111600205
22940460
558863120
90549534
2997504656
297626682
629633
1011157610
14233770
13802082
495892576
132435936
2578386223
1500749184
75010562
108604793
2891882559
20637708
384409374
1305940272
2205307848
521347279
1128230216
18136606
2917255793
108259386
116485744
2306534791
2330554314
3164918451
18957805
84512601
132373965
365017572
1580349043
198446818
1413749041
29516133
60715051
685513
1153622263
2543312586
159121618
14335498
1703921150
1576954508
2301548084
1689673693
921398240
54899939
91985735
1425295999
202230373
57284715
975722496
47924235
105197108
117412541
857691266
116063765
2282354862
2863752267
54680395
14304681
2282804755
265897069
435681893
835494236
988320878
2217085472
2279217091
311880926
268227446
47348084
21179585
41676231
895690332
18230705
385638789
22749476
23779644
432665924
2796183853
1652884033
1565623927
390412696
1410291283
92013446
19341180
40938611
20536157
138034438
897858440
214710007
1344951
13982132
691353
2384071
15532740
74751018
61288018
1549209552
22749856
134805674
507180522
240029164
34570753
38350102
69424452
17960561
111145042
16239644
1598458093
9325772
15102669
168619698
15842878
369048873
1567723032
209703758
21053349
48693713
17005678
28335656
16999697
29645805
1068504230
208319036
229596850
42855329
14765381
208404560
14490962
752673
16869315
285019665
16521996
8207832
372475592
13334762
174379786
169191861
6753482
938602603
241131942
125566171
27051056
50090898
207773069
111042275
14322017
1545279920
279990332
124147664
62487757
197009046
101560526
748535617
26964939
156230312
18469707
