1063504950582493184
1148143142849454080
2927758254
400286802
22644089
1238585009273032704
1437132588
5845482
784304
338296431
548733149
2685619004
2151698232
1227253264938414087
7344882
1217483034888458240
63819362
1153603275306033152
253449166
177788470
2756588329
16130949
86582820
1175125905829695488
891985864586178560
1307761
1034971
953304055337668608
257057066
1106901526193283074
1028991221342109696
945023262454624256
452601207
561843896
207436868
3342876832
930133312018026498
212587561
37949599
221502574
1178787768
82456675
2270395904
992405501706203136
777390
201029383
32191385
307805186
14584595
394697072
713668331883077632
2882449367
3198211826
237824213
901773635962195968
19051917
951217094951165952
72575018
2362618909
113453544
1175027714002210816
730772254536175616
14612142
79018674
16887172
868166502
443290756
35150681
1102321381
2929703872
7816262
9181042
880379294542774273
15640533
16329099
23295355
233100144
176425492
7385912
21895613
63046977
295409117
15772978
370622863
45297280
8062692
3198646584
16541865
20779232
237293113
960070746973360128
851430115
15707225
36158849
623734661
887257803555000320
3058767849
765725320636829696
1038034014987272192
13484822
5737
3058852306
101577954
109628739
9362492
181695608
7681652
79348524
29765369
40026527
721978399699378176
110224454
2805165948
15951681
35753822
67640827
4772521229
18573995
1355677482
38405141
14265339
25984405
21257028
1085296760191299584
1118865001719259136
1130761779930439681
784023086626635776
874314198
568617811
27495299
18820559
79227302
1119038646731063297
363174189
71762380
937761753357676544
790290541426511872
1329655556
64074055
39547213
13874872
97216290
1875634988
14095631
156378078
1458432548
6440602
571636470
21090751
32955805
16118248
3478337944
52022914
15661864
19062471
49575745
5478412
170345072
17634972
121249695
75525268
48274782
2734760004
722052451717799936
925939831
32055506
1141429999322501122
561503745
3412351041
762286471382532097
38276082
19585083
213203534
1319945166
14115745
8243462
16831530
723150448140546048
201161763
24857701
46138858
417298070
33104659
112290748
395468194
8728882
983073284
1855843464
17122257
947868354634833920
212187685
21524871
2471739785
1045705732161703936
9526722
30290965
1153620923204952065
1170451576487591936
15336644
842135890398961666
83874211
1006419421244678144
21281988
823334831509618689
4280096173
8880932
880947514056122368
1149098677757022208
3433407383
267519568
16923632
6660572
9384532
213749476
216269909
2665190724
1095001535933669376
915960362180194304
1065299922
736650145245372416
1342659085
838124243208527872
1006621558612230146
79780062
27106149
2335453412
336800539
40803241
25239681
709095892125491201
1890261416
20513672
195284921
1106994145309032448
867082143968575488
18710797
2939583831
807015962008502272
305133936
46146376
588400012
16644993
1611291
173640354
750174715
787568941
17661383
22015445
789719732
710175525
1398748650
2762165133
3160357598
628182252
969332198418599936
95127404
16424680
1340521
882664349965238272
518975229
4067771
114538142
15818517
273477985
239974625
28074206
2247928758
19164547
788132004
21822169
608312707
49855259
2396505878
19478356
3034550027
2458844640
3435603778
1434992078
14240726
12589692
21363868
26831481
216900737
458846219
272544737
593783542
16215965
1734045566
202484461
21979722
106008077
14463823
83011730
78617337
445041147
15996668
2204961
2932738834
1475495658
297102985
255835245
2616072097
35486721
45867004
1088098712784654337
17596163
1010106141823721472
107136246
16712921
5637652
246352152
23302930
297898393
65267355
895578561947488256
41079532
1530096708
1097078320259305472
909065916654211072
1049445999968743426
2318584790
21695283
100799254
111911630
1601720250
2572707829
2837985989
248597266
14459358
70982145
14408319
17567706
284418991
309250850
1260330536
558729016
299439730
75254621
192957032
16173592
133249760
16720788
799303807050153985
85741735
802585
228794947
29974646
136192335
1015323968310521856
16048357
1075821356720291841
4186216145
861104413
951571688642269184
14163872
54730258
21999601
1128700338679296001
729411396388179968
2151740515
1536109176
709310810321977344
715095541730918400
1291866824
586397180
100572292
1349830620
15822993
4636779335
15987054
740089548940660736
19652230
2661553276
244095296
27971778
194579374
523873063
17776637
40848770
10922082
926055280210825216
298989315
2166341
14049721
3674504537
22545732
258730688
421010278
25087685
21093744
25093616
25702117
14882900
4914008998
1085501988278812673
1108039810411839493
1135948735152828417
29074075
2305551002
138635345
142987013
3374652754
324404321
1240421984
1121487999278227457
730481541026086912
884180960
78539766
4652681656
198824620
3095540349
188339879
2786252385
708915428454576128
18546796
792546
21055590
830509180746207236
6160742
15427422
2949082588
578282301
35443478
461480780
1075681237661085698
620079439
933247455826546689
3355904175
1066624824988983297
460249751
1117509122000392192
1102921669117644801
12532852
818790941679112192
14251175
50605010
705340135
177204611
226428094
333421266
757128710235492352
59246173
1566463268
43470348
718514540456108033
902438742
948243261931401216
948240637823987713
55330075
369666871
997499970805788673
112758651
84571776
846002113
900330962470522880
305230506
27809879
34343437
713136020
635383
2591667686
44169762
995918471253938177
982522761124962305
884800885624274944
1524855300
12510162
6482332
18080577
87413188
6476742
34743251
90124306
750374235504308232
54293645
4198327332
818591723777495040
51529520
879578694
129567578
279229632
2794364749
4783251147
973159232878075904
393406235
64654685
4856862340
876288433
42491608
887073681897279488
362163710
78575586
14385326
18911432
275689639
1729919850
39964294
15647899
17339480
135483049
370027995
3880207889
20758087
15736190
20369266
2777141232
104129009
261887180
8082562
28716252
10704902
952853616846655488
95653679
211163668
90971198
193334704
6806592
16545464
19348683
65055075
18728556
28441158
21776669
25521665
557641962
2196181543
869945114
1665897913
217566185
702806535668367360
822382
811522723067424768
303704656
2860787805
4115035875
1479369188
6603532
218568208
5661932
25401322
115062004
92631826
31224675
608363928
1152000757
163497809
36966062
78568678
93652227
186369585
19932359
1513096014
16211142
2061471
14480957
400505785
786783841
17106845
17288264
11131112
16896679
18958504
110436023
14219630
195359892
17469949
809003811423535104
253471247
17928413
241139478
19245570
29046663
94261707
1004284369090043905
4417084942
15925065
2838268477
701497549274935296
14942590
222158381
23926798
14452026
751901960958316545
18017926
17865793
939101595794640896
803912
1014002233
1378443432
76649970
3827062463
3002989120
17309794
3948971
17967185
123310318
73079254
215980884
918031530265628672
32350449
42459737
2395885508
3107599292
757960931435503616
18083892
485816474
1067864341872029696
2241418550
1111476386
17325005
1874787943
18120676
16026300
892661969207128064
216632407
787923227616083968
34936294
2425432805
3517787594
16986756
743445249574330368
465477843
21444864
23089953
58486641
2305208034
14962050
3424793950
223901771
18960906
179036742
210825541
722785996664745984
259188880
20774566
124424173
1325474815
17004808
597292034
22139804
1062735159487881216
215278839
257245904
1022798731354300416
110305689
14802328
14300476
1063559035
853426910977720324
86431636
47389112
252521025
80607805
14612710
826201
709041289
15192809
165218965
340234449
36823
795717775989833729
2576610024
203833308
819839606984208384
2400261
62625580
167710270
962366764058337280
2936644681
884108347573760001
7552082
1034394968423587840
1052796688279236608
113423578
253588393
4158684581
35270579
117339017
757230721
322019163
66801342
20683527
196094217
2890575449
262159650
1027216005108584449
1042877914516090880
94417274
44574039
434838526
927444601882812416
852330227049021440
1932448818
42924530
2691343236
14304687
226700918
18240655
11073902
877194132866961408
22556107
606458327
518849216
107756123
611758045
15381265
1034792421157158913
339608344
21432983
87309207
1601460092
953729278335700992
17949485
14722354
31131590
2776100986
743425953230110720
2622775142
572717656
20904490
41098406
22491896
22843748
41793665
55349184
301100089
831626413342068736
20694513
310506611
544487709
14334895
87559637
2331148725
7563542
45408901
1006084266
944619875728838656
796359853446811650
2842582270
2771288785
3289089682
3064817663
200923145
3307212027
3059585543
924960848149385217
129203433
322526669
213142014
926930983563288576
74150549
263393046
21197261
175204121
2999811377
16119893
759106444440506368
961179231110750208
3751020621
231750823
974079926
119492285
1109536818
3107546266
9307842
17208434
9011952
20977342
110819538
620183
735492984007839744
558798347
1852381830
138041167
78933383
990711610883719168
169633721
507566731
3653000129
974274329360961537
510327185
24862304
3964764148
780529862775668737
3675046341
514857591
5784292
858051
922011
51263711
10803182
885186129212968961
534682665
12388512
325759340
8037342
6016482
88733231
29001291
2991904109
4210241608
189554835
2383309076
4907924963
456583915
1159339896
4098542830
1356363686
742437999556857856
28638052
856216691944148993
1468138003
966682187151171584
2615238446
79299249
292927415
110726613
73107903
563863280
117091172
40299963
296824235
3244036823
382060015
742379111855869952
1850623662
132127153
1439318215
15728569
781213050489765888
84115684
16243671
846183822030913539
1632891
999095640
2360997516
2693338249
53408652
17214333
768682461014269952
22133048
2649551
91443709
51530637
1966705484
21528045
218179230
352053266
224015691
718123483981615104
730480774248595456
208434062
720092880245628930
16866956
3412043483
2478844452
859393757791342592
369690896
467147091
319110295
1227917690
1613634894
300734173
50487819
1610500194
809009434508853248
630608702
2895054004
499846759
1916992958
776010019921883136
4843465337
614186998
15146163
63127949
106993606
20588564
17649283
192071976
857986995884371969
855406822819323904
3437929966
861432019418398722
23222599
20681151
913327957904695297
917858303950147585
929991044879527937
1310467352
2767504685
936917805533990912
2899677044
884888054
2746532816
879622557934256128
29685344
602720581
740597986846203904
95455461
3221207020
43073357
369431070
1066151600
1111432393
3294092668
158602940
1079017280
5827392
393324163
21722145
985818865635557376
16437021
366545999
49491430
963487174862786566
734809830158917633
14187277
817701816
953671362543005697
975008230006050817
30049993
236139845
24673755
1729147885
1136695645
3770474057
343631821
31379543
4236026955
761218740688125953
705316148
2341733496
95627718
3683217617
859440761535856641
834281252
575675209
3117795250
578178098
1515065155
635217215
956769487029649419
46694262
237047303
6211972
249957750
154280902
27042513
492399548
29455313
2573741401
2349043879
735983
776646672583565313
855659417118924800
16543454
17213198
1161840631
2802581765
2841210603
224385944
12056322
194224715
3970662077
951052162968309761
1107046070
17627242
3295392592
14737114
1846092000
765833594174578688
21874982
2317217822
3376067081
3128413100
2518004683
575363977
193252828
361643871
958193639796035584
501559251
220148828
710418768023969792
2188110361
4882743003
4533537976
829944804
377252536
104469367
62759941
787371307499458560
3435126494
3349164003
3131020408
2924768551
2850001282
2604567620
2582768738
2480955908
1405136185
766424293
751881524
580058179
566717546
399155777
386263630
367293953
277214736
254500640
193629687
184727341
176753689
137365854
123373709
112381154
83465282
81072240
79411903
57637842
48443722
23735316
21302593
20333461
20143193
18159158
16994973
16856414
16337126
15970050
15200226
14616778
14315150
14075196
13837292
13067602
12797112
9494362
440757798
94535398
25676202
18316863
92542227
365983530
457033547
1187955571
890285021277368320
976796340
1565333988
96784944
209218788
368243443
4577400995
130108575
782945860359426048
956884908571611139
36283120
898169366172364801
2600320658
1534700072
2980325164
114870386
904099044645068800
3264168693
385570796
889608296667250688
333412049
14775478
949293174148730882
189531244
185869091
250980843
204698478
2208027565
732318576
768632
94464331
778248351288594432
704000733109198848
337875767
395294852
78143293
1149559219
153154765
228968008
17154954
3220089740
221379061
193031163
3730111043
48794931
737195377896640512
9128522
98905235
79365337
28219278
36544954
1613008987
3028855001
790627436832579584
14379660
209961747
3331352283
2312333412
2362854624
16710909
2803852087
2491780596
2294954370
2307692107
806812777935437825
799071635231817729
3956099421
1333467482
831182644234821632
22154705
357312062
823799206267625473
707471022
2420218560
4115142134
574032254
267485701
38129556
828668619986964480
1694861228
240159577
761318085907378176
2512683048
8622212
36810073
831527004990214148
767403220914364417
2305177446
3191368607
2870763689
587813659
795625933424181248
150185852
809194450840911874
2979792383
233318165
295218901
796728137832951808
26377478
107837944
203160855
479686569
481647429
5520332
125304737
79923701
217029628
1051053836
19103160
282701052
18591618
22970952
385562752
36079205
8457092
14277276
352947624
3098463832
13298072
937499232
172229755
871290940987764737
2756444533
4711101020
46220856
703040898377060352
847882255540342784
875395670567514112
3285797414
407343524
700784500658208768
777087093608685568
240569603
106805287
16403
40412737
2873842196
2178858974
514646075
853223597162336256
531523403
522205169
255236261
176260783
2209677878
20681763
51132574
722
2303771208
380664281
42731691
14578741
735617005
3207809853
2279440566
15532569
233852599
2434479654
114863296
2924758090
16369359
287816744
2984844862
856713448700469248
23278248
385162204
158944994
600315197
902282851499917312
895281371601612800
7097602
2584156840
14440683
902616188324282368
386728215
14710235
2601630428
794532
54622027
32314853
1469101279
2565412998
779395039
15935591
4863187106
2815495144
880627830228471808
520770492
2295220963
2227310618
500712026
28681790
795116657937092608
47509268
463132556
914333816487075840
229197216
2189541
52160722
23618940
45452822
926906240193536000
1371517404
16827489
2846750008
39564433
2338229497
14110443
730518593004134400
2742539024
709149181412134912
16912213
4633094778
16536395
460584564
361289499
915465450
74130577
420308365
1638270607
571411019
2568108282
392225137
123428539
61083476
14213811
1478433775
3438893417
353737617
2682111290
2207129125
393129393
914963955340148736
22585953
95308902
106234268
911314186365472768
2178012643
143053926
125359805
48093881
42333215
22396478
839479233185460225
35781013
19847181
86938585
1376464746
65127277
369746299
799764016885329921
11094282
17547646
15461779
22955227
910233203474092033
937797358254985216
1339482312
416161639
101808935
1226247194
406795130
2193616844
823873596
169312819
4831010888
213236426
38040976
1887387464
2660368982
237624170
2551338116
14338147
2363290915
9484732
166315104
3228345065
57377167
28602766
2273944754
154376814
3011519961
3892478603
738370898986733568
191932849
890159612
809940692
272871165
395271377
1090438544
19011903
312789382
219443874
28520157
409371254
252811258
248461521
905561593341202432
793252618604720128
428687778
2526196869
85203198
247273635
3437233481
573184119
2821921756
4795302561
785451194
829330934122037249
2733123630
1443062450
35962650
841437061
893340494767509504
3014752469
741037307415826432
925113904199536640
2913087823
917896821460033536
3714272593
778769816895180800
3166953201
1361722422
1453587258
14872837
1048848151
727416482
5988062
7905122
14417215
44196397
50393960
8161232
5120691
3385845539
739850970633523200
64665005
60152652
1252183921
16810020
494024520
4060772249
48617638
854502954178670592
2739635613
755693419528392704
4374236074
3823075913
17752847
703154318
19018030
2280664934
1344544747
728227076994678784
739271654920978432
326511843
28169427
2489196408
930030101940535296
914836870709772289
102052428
15088728
813333008
21500149
20350446
310811114
431979718
313847679
84919823
163811889
314772966
124288585
25280918
154193787
2611605827
89282018
340360288
2648105024
14504859
706910608663453698
1457169259
21249341
15792797
849255507038801924
353280849
10501042
175624200
853911372974874625
11469962
1205422014
37469148
4349106194
1138959692
84512601
719238952268537857
8179412
708003767204122624
1962817616
41456777
871002018726518784
21025855
550893683
102104262
113251773
847351753917857793
70734084
185196700
86179069
796804451986264064
78748486
22312462
219232440
592728458
1728413202
121245162
31171669
2991721787
995848285
134488849
2850382402
859444876055904260
25365776
33954642
46697447
2831747803
14598063
9510832
4695562524
3414701969
2654840000
270024034
69304566
210863753
204651088
285115075
23418485
18345379
881625009499910144
778999362
4904151982
1857745896
846460616084738048
708721221937065984
755541853995401216
3895749326
3418934811
871369643423920128
2798536752
861611655624577026
252987498
1074624115
840610617870417921
17266725
115517418
14171757
232991743
2166780104
2420453862
701446961099096068
585007698
2331671593
763697651779067904
188868296
749546664160063488
703268663391096833
740863400507527168
3130525196
34212459
14706299
14662473
773888245952315392
27450801
20039964
34515468
915643998
238250804
224302874
36850898
584916330
3385807462
707314989296721920
314019759
795277378654236673
759086715185328128
3288125031
215952307
837961128672100354
405594830
113591968
1648109642
21554758
136161734
564718909
102514608
1658084096
174972753
980760859
61988002
23433402
1355113298
57688837
756433492892872704
788711202
431615662
2354847625
111644778
4656226533
318223641
331623715
446571301
3241991117
4275352713
740568116
968377092
1510918164
2744103001
17464197
450723890
737299481293639681
613669443
210755629
14485018
17622074
2964095457
736151817256603648
336445332
175098387
3047303122
2938407088
10637242
20536157
27500565
15072316
140392494
13479
14509080
28870687
14600008
346803113
20735896
16665197
71117407
17444309
23554268
14680281
44122245
14397570
817386
26902763
5488212
89534061
56243888
106756271
48783
74795350
3401721466
17968328
896221
188410754
59652079
70698499
2240611302
4479148821
3226053917
2827047052
188310497
444908257
2808594077
403556446
365976977
2421777794
22800299
172267021
564200898
39513154
507201795
128155589
54502344
82322622
757979287790182400
21997104
278086862
745320622964760576
314734786
1921401607
757252282882850816
270906608
411108670
14298318
55007299
180704243
597702421
735603587334688769
714886730
735199876430991368
270009528
1889970356
3434455703
1927756411
394067454
64728545
231706630
14161981
67301900
19972109
277426475
17944977
17616445
19022939
22002752
711857814101225472
3413451
1175913487
14439079
4894454319
707212748225122306
16173458
221666848
3393428571
955896944
99354343
3099013095
2884549701
580963841
3007625237
3047158453
2872086425
191775617
3306447045
1372390586
980889666
247699159
64960038
320998986
29666349
3663940936
469268384
6632842
126084292
3329140101
121151264
108648279
433771943
368564795
2881272707
241062278
2984568951
2934846928
2802274409
3096590594
1201909458
20361243
4817035061
2729093330
3376287298
432459267
43879159
4835993393
122034654
3245432819
2289920970
20690398
233551429
20104590
47319664
824783052
1636210837
622691536
23751307
3379551628
53668826
1877714197
10209392
400819857
284540385
115058130
89214789
2870376249
1557980604
540065586
256900957
50582574
314021283
96233354
160867890
2174145355
544547197
2986886819
3001573619
128295889
98039590
717654410
2693681281
3297639006
1245053622
255410383
602317143
4256184329
789247
2253689880
412380698
1362282553
3360844691
64367752
200519952
21896072
1241612257
2729371183
2162721966
20000081
943871844
2187272340
3009392448
4193494516
67026664
400811395
867016915
335989008
22199970
815127636
2968419555
14816103
231996418
33838201
11855482
14113411
1059801
50090898
3305578396
497849712
20823928
14121628
22046611
2328002822
510030710
15832882
18741862
119700784
437698597
2244994945
16747981
16076678
190123859
19406666
345673106
1544277398
487366995
2604716639
337886919
1115148079
330921167
386915587
390287262
497139188
437520768
40426996
552582271
243080822
771974941
274946870
472121212
113658802
858674221
47961524
1410511280
297011376
14936127
14402896
14557448
257528746
17892646
360693342
288171346
15559283
14405767
102437217
17944533
14894710
48312395
1704859502
179920860
532519959
19619541
472273408
40916694
186093319
20841866
1394984364
104771227
180523070
14084073
1734823364
320241050
2332091533
15223432
726372601
310221185
380226093
20589511
323702919
58593986
31171924
55684525
1024395648
426716651
194623608
1066453729
237791702
80802900
16596200
34888595
276712577
143306758
18099293
36542528
325681587
127272744
3164003894
42678485
1705885393
3091991459
2216745260
1730943847
838020224
1633356960
105720029
189240950
1247478108
541791307
267069962
275066483
65737388
63354924
2521894238
138668717
13567
77787332
59144680
15747313
15565042
323482219
18332190
262143661
257398081
18675031
28536375
14146389
194274255
71490476
115180931
620675246
117088926
80266238
2241241752
2205115050
1907592793
3221069440
1000591
14684630
36393876
1077905454
22938914
12405302
432941810
3131095180
2740265884
3091390277
323212562
14233500
793830
813767408
1879416097
37890874
16365160
8529912
197182976
15810523
1148592361
31213561
2512672172
390118516
228380252
73843
41614788
6549332
313846803
77716807
2588953684
22500973
551795803
74406288
323154422
60561801
17582682
294091844
68613394
607469802
193333713
95842650
581225317
14095534
2859526138
123350039
1554067608
36382338
161443935
255540150
2423532368
15296312
2332418298
64714144
339866164
276850573
180505807
35798784
243570299
451824268
107238136
23281885
248584239
1691787654
13074702
90364766
2880011187
61233
2391504415
171911421
2789291
22564445
121553091
12196352
60824411
15089764
377975798
2714895888
17676664
35010174
1697404249
9714232
17518412
1412264912
16516264
931225495
563229521
137929407
74991835
33875003
322510868
386879933
20609518
2821357601
1108726394
189033329
15936257
15492359
109388159
38395915
177184849
46384815
1117065866
524215311
22506791
36042554
2768574170
473852937
625050803
18001417
19899482
2348471276
74506358
240187944
2196963638
55135988
12512312
366222792
21652125
214634582
23584962
108247668
90320997
24871896
26235265
93819292
16143542
23440052
116757352
229454266
226087776
90636188
69008563
78502161
525208028
82724710
68674747
249186003
214413743
91083585
210775513
188352302
20571756
628765360
1637130961
568423115
14619022
373564351
1921134331
19992368
215330227
17636390
14993954
379236132
21805300
70805422
1969678130
15032069
125845302
193757722
2748725466
261642662
497456097
2778778591
150024331
114700172
127500560
17792766
876037398
2232721860
22552350
212298649
2735339548
251561200
21569675
331742979
34923649
296718586
1712364560
2705743124
2574963420
91220126
169094541
415570422
786491
7583032
730434680
6896752
23752651
26048735
399405047
17900541
2296671973
590202280
144804224
70125673
1534513171
571202103
23494217
180743261
1347279474
88992441
27174203
146532857
504143250
18061305
194566346
14856194
19071584
29213439
30224702
32167968
28045033
368026849
1169222407
70963923
23098957
408847389
15800407
13587612
15650169
17637441
14255314
14057544
519312560
2557223940
46023780
43857237
15846480
545122149
854309916
14831824
19739987
14060372
301117233
2467655168
710509362
1157206524
15014747
2210286924
22925389
228826153
17744193
123870715
1076216665
23055444
16438898
1225443146
2205574926
526093422
62325628
7356002
53900329
53900585
394955938
1298832738
589331852
1169482753
2350972692
50391261
248052186
27400824
46225863
1132294987
16528258
120186213
318697688
15713489
48903
25395970
37332714
495255630
10739172
365523581
15529670
1922163835
2340459950
3080761
19251106
467507215
103630490
1345647810
24686141
84169991
6417892
9853212
5661792
540366687
430995737
14075836
138027035
20586900
1639598024
6820932
20244875
1663550826
2495921856
1435499402
524392878
252241742
53015480
19414750
89149090
1345068786
256093789
14770578
2436276700
2159353590
377898498
19750672
369817064
334768270
245949724
158272788
398299546
253172241
2370936243
10486752
1057665338
68442845
15376576
455907175
569505441
157291345
53778064
18902263
487623589
15028398
1251288805
67175538
44113964
223236314
594846547
164408949
2400086725
113655629
8850022
26539442
2451259368
2414625312
19678543
113679065
50679061
2514807393
93866191
1305940272
14705212
62908631
594703474
533150042
151081208
2321492390
868780633
2480951
39457456
320889964
445088997
70194939
385567814
21647788
603676653
102085563
226901378
26210870
23928194
45352684
16563584
19206264
2359997496
34940543
38491897
295757726
365042974
177309954
360875477
38131662
284695568
814641
537292752
121123109
273402103
16528347
96107288
24796199
522333325
40208900
164039610
17481888
2430543143
100307537
28080033
29664235
343702445
42584086
113167963
260675205
92258743
306792091
110107572
187516575
261218558
13334762
278689990
297359017
2412622395
23616761
14096489
1337720096
2194385161
1976281538
18496432
121526970
76411506
284830534
2380368775
72701241
1522857180
15227791
30350242
873830102
539039939
476689381
974910594
95662384
52770745
161780786
1116651962
1262806417
786663697
483962888
966196609
2169403102
18081392
11119602
14066498
1565330774
20281967
250665154
63953256
223829468
204675814
584907327
575372236
242645565
19682566
207833154
18556534
1268347945
1665231871
19705270
1923843823
1386810414
297007155
60836542
214876157
9723932
39743994
12354252
14275478
22756947
19258798
93494670
363210621
91333167
91083427
16186143
18193572
5659312
475645052
30892733
6830222
17819221
19907309
57063472
21887613
14953043
1177201148
314014773
104559001
14836504
9517462
18771008
375723077
1412936959
211103965
568191285
610059453
206564716
127517928
65412911
18203224
135187648
19226651
234831690
495346704
1856795838
15987295
843399170
132476402
166317282
86383451
20008683
551931706
616571592
80589255
54726193
46694161
1461922368
551208828
39712946
1949384245
95334128
372988507
19539314
260989988
1581077437
1650075320
1578449544
259311231
328889777
2269300178
323742814
18018651
8087542
6527972
12497
15651700
12161
23772660
404350462
143763911
1736853673
194778505
513151057
15066876
122166920
211113188
1635423697
21195097
80516941
48301989
31839038
445366095
2180590632
1685116730
18632793
792233846
17850785
71544889
19515084
2155093417
15521325
429938393
409110401
24021896
19071001
17583828
45784147
500149135
107084560
8948242
1257598033
742536973
98336192
71532915
401596750
22261036
502762544
212144871
70376600
343677384
614566714
879548550
367881443
305471079
734632410
32755914
27218913
1615217844
109548560
96399121
10751252
463248390
289277091
205171299
257009341
886855934
1629875646
1593695947
273819350
35206251
821045162
611472343
551649109
875546726
49810007
1568963935
1550595230
21638893
352538333
90864231
1029276764
18718829
1529073103
755857160
49921218
1222423603
13687992
25310442
1572274123
17155492
81066736
366326263
21650230
603082088
1441959007
246999319
1003790888
841430035
745190958
17153957
945792614
292275060
1560276906
77534860
582196873
834039175
253490278
138738520
557557975
19149096
43654922
213785550
21138619
28437055
62671754
1376463134
102116452
116190794
39468535
1044496772
1339870674
969386382
588629086
1366244947
36390776
15172661
17820723
1531550964
36705695
21750703
27596701
42793960
21218658
23581821
14075709
18825184
118718023
46328741
424915030
353410520
102396025
116152274
11223872
90896738
126571301
25048256
48202026
919464055
385294188
15848241
972651
1440487460
205727811
388736258
41173995
615405826
1156593631
21387245
207770908
33008329
43189395
743574924
203092261
1109447252
182284177
569834240
1333809409
1333888208
67219958
270275674
52035779
115374786
282730133
85097261
262587455
525375303
14328902
56377143
16507195
17963052
168511226
1338160105
39271341
598324993
8977982
524185103
1352686370
23668388
229122224
236845613
978597792
85265586
100798764
1268859547
811040077
210902125
498072961
753809299
1009038798
25016399
871241280
22900452
16824264
31161226
758820476
37549823
16794184
34241322
26166782
317014795
606062741
23567485
163944298
15016761
1328591593
613596433
17999726
1242343092
163329474
104567451
20678505
137465601
177996566
63864212
158263286
408375148
724695912
201601345
54356333
61017314
105275988
142632524
817799114
34227770
562804172
139184624
173428001
410172332
740817085
192135586
391278255
19308000
26725348
395285046
356618939
278650199
18480522
400661491
712454833
26000138
17423332
588160052
228689576
786775988
38267947
216493525
490330977
153873962
144624330
47322963
77562733
60832858
40741781
21652408
29206330
458214536
26973707
835516195
72555718
995507064
97292274
79134841
12481582
55188001
541724533
40866712
482663720
582137422
562368662
233598204
67347553
755332
25503051
63992995
24688355
85831920
11846382
11104682
115245526
76678731
18057156
967631624
17112662
16241458
347743931
746240240
358164016
29505185
15099590
932638879
167549663
394563746
580674772
15828584
8304832
19389756
14750983
31188211
25829339
17885764
239790311
20997251
64510593
18680442
20377110
459518585
893026952
544150885
396647896
140554226
875084706
108286674
703436293
19190107
47545826
11208532
76894627
832847497
5618162
955716804
14843239
121507708
87172530
19268947
190383812
9626552
77000763
413005534
19726029
372353588
37273004
204585972
93686854
25250587
14648972
18881831
14217211
421187117
15602270
312998578
14722352
16806990
361367303
277894800
34361968
582008024
408029256
860271990
75290135
18267343
18610619
140011340
159048003
19352680
26766612
83517898
16468593
34484276
14844998
108954180
14805765
17991938
349063087
107010173
37925770
493280687
598357711
26461593
755038398
305486456
207956911
275490518
347136137
238508673
70953317
145596366
191499094
103118481
38364919
729434533
40262562
55647338
191598808
29767444
343283519
156292803
20634198
463196112
88561123
293338829
100077645
880747604
15413774
20720688
300936837
25864939
193663280
119789110
15433037
388915613
13342442
19587559
115930154
169238152
15527007
377286193
915031428
217085795
914133577
29958471
128221673
776438606
2371401
25373670
135145900
251244619
15075684
141392827
122759220
19279528
253193263
48646210
188018209
20053771
18330360
563421811
869824183
23914752
24535773
406212504
36074599
366739430
169890523
21859715
16318230
384859540
620207087
323867425
415901849
163361183
783995396
257302388
273423436
275049638
178202946
589008263
132854751
595235263
198318054
450525286
397383534
69080516
114734854
477672262
43155565
633729590
89345979
308062362
18607643
258501664
73125701
266760418
856862305
19291119
496146987
474032153
13366042
139119696
57036388
805074229
226295010
74703079
210070779
146209039
23661767
21798178
181275814
734414238
140628485
395399326
626784103
836620903
21995055
24589021
811244610
29274147
23464695
40526670
17366068
21510910
21284548
209711180
5844962
19434689
69299746
277395105
132643674
126305575
70357652
17989070
55227121
21645143
44533634
66692923
219716871
304900780
37712843
75226975
98837926
15148120
163427493
30341584
132829948
29980005
102454547
15152796
308571114
14850079
49940887
204252409
38426656
18046280
285130889
115539510
100511589
14591390
97477339
14386911
110677072
48980100
48441539
175425799
240690483
54519889
171904428
331504743
263787072
14142656
72841780
20227809
98559768
203547768
208444781
133858118
96265618
44106931
11791512
74136556
20503515
17932070
20706592
20085070
277837218
16687721
41328937
361234969
46952032
155703001
89146031
342177384
350894148
63717088
188699643
271109388
277630057
172345553
235224286
124409477
486541741
352289930
327396708
492230943
25322702
394742092
119874144
14407316
317757178
15357098
19178566
76303
11207
35712124
79112481
19634566
392999695
26221085
60401779
134457542
54631703
615048780
773754834
22485598
619231426
454968872
415636663
516535854
200050704
21288052
224446025
543625347
763289996
557308503
101787835
49992077
29498256
449955008
218286791
306808903
125737840
61537763
15747743
358170967
278532460
17838269
143442051
390095241
83815314
309182691
716593069
490575484
227473360
18550604
267361949
27326210
15687864
263850115
711131370
14192589
398328240
14645490
161697441
79845692
22251865
44089597
121495002
36427941
163535738
18461565
184470467
501024184
719745565
473260577
38822872
15083628
178298352
167121670
154494957
11833202
249571407
134563275
32149230
26339525
96817017
14273403
245468255
156380350
330334324
14479383
14437568
248262679
380384312
429564250
166134088
14866087
108914095
27645362
135545723
65645985
209765769
269210654
282006032
26000239
17267391
28150440
555307309
203281994
448655845
271170736
151380974
155076394
326840889
179116971
52079097
70628641
270556083
335279907
481358189
551189775
461411482
161333672
26088289
323829862
118819833
195069853
318967677
14431752
508939996
572380615
125787720
531549055
615401089
304912237
19538256
14707748
254094821
18242885
224158287
610320392
251218206
19414905
33370627
132301166
493959280
105890897
239093304
200460012
188855198
453869653
579359022
21759021
64117155
220963154
111611023
308155020
241416541
13325902
5893702
27402362
10433822
15737703
109366754
246329328
200181099
402781741
219992427
208986110
82123052
517773353
212518497
160509511
148418872
23145560
424881598
18307491
83724036
126719954
614478453
252803475
43003845
14583400
48510300
413330228
75328699
163545313
160840462
121032647
487842293
433137670
298461077
258037365
321098758
37726731
561151709
224368238
21397946
26391721
316269103
410470943
575328329
601781268
16953352
8904682
34470573
158388651
2730981
593457197
39558571
570820881
180159966
600443336
296273808
374043574
274887855
26688109
347481166
41191904
14990644
496987816
155690784
211593785
15839517
19114119
493388756
142027389
108413632
10337352
483723041
550830623
27738231
52021221
74613440
28297965
14205258
250898438
498928027
7843902
15932734
15656503
178966144
557636604
519907603
362161255
472450146
505656840
114734656
31034637
250844014
274509193
149568958
84024394
7838552
267194840
24328639
12727312
64282496
16525791
344279332
95827854
19106404
567153240
582695574
256226114
343419976
48834624
31117655
16701459
14221308
200011008
114155868
15479616
96647152
18979490
41553392
543380991
14604102
62554155
68198959
88292791
479754946
454013066
386148508
130650358
116158687
56997555
24636191
14579415
422213660
197448979
253659836
575445276
131516021
368290002
44604378
313331334
218609918
319078675
14317242
578504349
376984396
118576978
18045594
108298633
21202549
68494275
122969387
472829432
20793816
46612350
356132880
243177304
133273894
36585424
227886292
564051279
382184462
19906045
83197153
384270109
198987750
245682057
241255711
369417243
393338868
373073224
18441972
272986801
52422247
556171563
21572135
169579273
249721079
54525697
352998013
117534777
205148839
235254963
125756199
22146962
58291579
142621807
108645627
113357193
189123667
540683347
320743626
29418191
74438342
297366032
54483959
267713218
19808750
98847775
398681875
211718940
179853911
154843754
338574005
32324459
410554438
49395893
72251056
326964880
30513820
253613910
57615727
401790331
136387932
193677672
549892200
15582319
462122963
238173568
200820817
315002750
147304557
20859431
19655291
270036526
257092794
497815729
191878227
533042386
243548390
294760521
324326887
482037317
14255263
435293364
164898058
351599678
420444288
18025770
67393160
188013121
207976591
15006426
507825481
14097396
6121102
352505035
353829830
19200921
397309748
134232065
135106048
168976623
48785864
106353802
7451022
70774570
454787485
15027228
49589163
288758068
348974623
994801
71523123
526563428
64921788
7171192
12584202
264136005
270350965
364192257
30780907
491218564
16742974
20238378
467474174
84037656
19904638
1728411
52990811
17992430
321370978
45847993
251510259
4151961
27714211
119875703
316450334
110553755
52763795
448887380
145760503
99719579
364191841
43873444
46438301
95011170
481255667
438592806
96913746
267346116
31223325
279538031
21307750
296431698
367094089
21653904
116152969
32833675
273466690
263057563
75874029
524894687
309213101
16896485
123307969
19075239
318590188
33955981
7065142
20187649
473265154
198856579
500582008
24798988
442774399
127997880
484096835
2275831
168700109
366104877
311105264
39697287
55604491
341899743
39831738
18047752
484895429
3224441
367631196
258093182
88761064
241006357
14112296
223791956
148642729
355931602
118357260
44101107
33777992
460356629
473826517
36034879
81167741
52455698
142292849
21672426
275181373
20697038
200820979
20509203
35868591
25268373
21443529
482358345
19707379
14458280
106837463
43103582
15413861
157688205
21329294
240757088
21874427
274536379
20447290
218692661
115038077
129232845
35701777
191039839
302627718
16726446
32342810
372878034
89708332
22761052
174539882
180418578
435879112
46645378
18469707
11945072
15321703
89706496
54516534
122003003
21020946
87416460
60144960
53903641
96002698
423186402
274016135
246691073
40989198
135977294
294099245
57634029
111420746
14742766
366258988
21938039
17535421
15629514
304607954
187945018
177536557
292382795
273367543
252274093
60702288
118065669
19289178
16256611
18954861
22704198
19912352
19977422
16401593
14265249
16067064
16096251
21587705
357605917
14803599
386646851
14488370
34887825
18767121
111556705
15949239
14878678
41393286
23364525
355710629
101703199
36592192
47693995
132556258
36182043
19341508
14880098
402363108
19488976
27618758
66383448
5694952
143534212
15134782
19592381
135280315
405400166
18868607
263181569
24916036
19282280
27836401
25266662
302666251
19363528
74161495
60543878
69545844
16795287
255435549
35695255
92249305
127564953
168988661
16140777
381112363
16914484
34050744
29191760
14815260
246357691
13498322
302288513
1278731
14054248
321992610
22003540
21082249
11624002
15835786
205653862
14061227
18561832
11628242
1621271
14459964
14636453
78591674
223414369
189076359
69548442
11379112
16982761
15674759
117218161
36030462
57107167
389444013
144779915
95465386
69610339
19603790
386654472
183276864
50756852
12823
104201802
17483657
18530656
24587061
22152013
154503468
106706268
139751458
84304435
107366112
241701230
244136201
140744865
141545453
199423031
112724802
66977331
249028161
197159075
186948656
84567658
283181091
19337031
22413949
28138270
152767919
274723066
13688842
301324215
18204993
85526738
11656352
246027432
158047823
23507000
1917731
38413524
23687436
14109463
26924040
61600233
46080349
59442500
241572854
201589024
17510548
224004614
182014529
84418103
324579976
107962812
232365258
142334989
78665976
22691723
136001085
32215009
10228272
25432172
157996395
379892131
166753108
71298308
49821407
38676274
107985934
9300262
67018761
167418409
14714040
41378462
212299927
27650174
227258566
67065230
278068369
169942861
14447152
17156474
343407535
21908557
17642519
297978936
16049230
181707948
29187025
311558969
28366774
58183266
214404731
21020605
83457634
14871943
111267926
310218442
22484844
4519121
80590718
292839387
263819702
16443689
17556922
58769353
202615308
26491373
5439712
15232066
809426
202631698
226950244
240404151
61781392
41368144
55877661
87977798
15225375
40717454
22617863
223513770
57141526
92249549
41458237
225044259
20379456
237411177
17372386
19621151
184749176
184832021
3348461
19261721
45870788
7490342
12337342
17138135
24907792
10215212
22330009
29896942
49943918
19394896
25021510
9516802
16254260
16824071
16953902
21088134
17444676
22051891
52692641
26275365
27607520
19062953
21278127
18197215
44403894
20359754
78274116
18798162
98660804
74150140
16918503
66720890
22190484
75443288
26568958
144998034
23180404
35120520
60704457
15273968
20089507
84655251
158299411
84559127
17439693
31366515
37229708
160570778
133496006
92535629
15301460
27849747
36937995
18240125
15676578
42973927
16750605
48347748
18022195
133759870
26709520
17872297
17538349
172631197
191380291
103820527
23760624
177190900
202570284
18670701
206998637
16905280
20223140
86969238
194061209
18731411
183686085
144842908
17514354
34344155
16931684
166920501
19284999
14804485
14454522
94090894
21738320
113180383
17894909
19336683
10812002
15480635
15528963
98841903
15925557
17210045
14075110
14222004
15775923
21508968
22298401
16295415
188210084
106155830
37994221
14067268
26497813
66353033
171123813
166673892
41334313
42898449
141915867
121455624
17571647
43388899
17802927
24670722
19761127
54237477
38244576
53350254
132566924
20200174
6813112
92809275
18297405
143008782
154072451
49969443
53341071
22929882
14497001
176950639
124810735
715233
7076492
110190727
171124311
86066900
128186575
8356022
18814759
19814551
816653
42851528
108299927
11313532
18774718
47940522
17573212
17173320
19363054
154514356
17093617
15375974
99126108
54879239
116412936
146112623
55810656
15367465
20662765
171253519
17874544
10105572
22151557
164589729
142257222
128218817
136879221
101862058
60919603
27002282
86300432
58448800
29173906
100246078
47293942
104807326
57777956
30093727
75366547
19731459
40715504
38157321
18693295
16348208
17050001
49650294
17062567
57288587
15384612
23595509
19278869
59235672
21918872
22337815
6017542
40024067
18314250
21890668
36675586
40524667
21291393
18699120
29998204
19486045
18455339
41176022
27028620
17773689
16727535
10271752
19901890
709483
17625206
34937300
15302832
22640096
21509989
20058182
17941459
33255696
20781568
25309633
20232105
24376831
19181844
17961734
17565232
18311641
17530129
17839848
6719362
17387154
20316848
14569869
616173
16147963
1294741
19070155
1066391
14629071
18361135
17446887
9506582
22495896
5164201
1558611
17085417
17154934
22976214
22608816
20300874
15976584
18802015
17093819
11989442
18074094
21796559
17895395
16640784
19089145
10933552
1911641
8460902
12589972
16199767
20776011
14491411
767362
14311992
898491
19309099
14390292
19081001
1295571
14413024
5449422
1176401
17611447
9753672
14462781
6893752
17364159
15710396
7799412
17519962
13445902
18794312
18400029
17121920
17171293
15497928
10546442
19999928
5661892
17850012
15084495
15484885
13547812
18536826
19349216
14430060
12144232
15803225
14669398
15991049
15791917
20341980
16819278
11294522
13976432
18016115
15021099
12926542
15776297
14660636
7413792
15307245
6133472
15883845
621583
5402612
7400702
14467906
6120472
17666521
783214
657863
428333
15439395
813286
5210841
15349495
19042943
16367815
19023574
14449903
16803656
17024339
15011623
14181144
20043054
14661862
15752766
15163521
17194237
4626061
17600819
17444386
19514142
14661313
18079778
14348986
1740501
1702731
7323922
15495009
13180972
14228449
15608254
1067271
16432174
19645713
14533608
8687932
16867627
9720292
18548296
19050750
17279594
18350856
13197002
16751650
19185770
14764546
18924866
14803701
17469386
18013283
17971229
13897312
17866177
16242432
