3649181
1035676762380759040
1171325918985510912
900771635707424768
29584571
44807998
17620820
23092438
7516232
38490023
12687172
413898659
965638890307706881
19645340
1125114209178505216
1222727748768030720
4874289952
870541
101280438
256900512
962517114
877046059
224653586
715539097654280193
69559777
260116832
2296786448
358967559
1622701
1015706109255053317
350353681
212632603
3312334914
15885004
69987836
12387972
348568599
1565159863
966313275192479745
386505090
926076062064357376
860307666
872449766931800064
553557115
489840666
14360894
54412341
18966808
1247437484
9305482
854269352136376320
2753125316
861702441569361920
7103272
200278362
1068547920
4411041
34722403
17057728
403608779
1017414169606230032
546325859
4134255287
1530096708
4217023737
299101239
300528991
527633518
274654520
138438431
208581766
4754476036
161328883
61127825
2330381
973918686
1029222468
408847389
1099963638041976832
1128452702470459392
22514616
39377743
13949842
57605955
63182397
29751357
243137870
900981601177415680
2875104685
855552702822133761
72722761
382489438
820367095120547841
1092772260467871744
16329099
1066725859602632705
18332190
285428413
1026496926815055872
3063739155
23554268
705153
14120402
21385774
327779505
16695645
1095598611767926784
11366122
2744671017
329179614
555226309
99085485
216735143
3242411
14614648
1648999932
774575
156204739
372806711
15702706
151284278
5574792
17053540
14504859
714775800
227928681
7655662
2362593841
122053508
24945605
104616026
498275969
390167291
181421156
18112018
848901
905180649824280576
556162290
9272
959127998409699328
12376942
3021131637
897226646230634501
569563376
9704662
17093031
71762380
901773635962195968
3167301
795207442283962368
9723932
2756479056
742944134378496000
19672085
16821279
21506708
9362492
34212459
14662473
942544632898080768
875349400930983937
953304055337668608
3424624121
63819362
7861842
15704940
14898461
16616519
912788064082255873
243331145
758669647361220608
137885308
157702526
12486322
953305718966366209
846670549631877122
1843067965
1679874157
936832385202532353
55520030
1683356204
238130721
3018841323
20410251
22736496
162422162
14699128
11736872
211113549
13216972
15005347
15300519
861520001341284352
2735003034
57912723
3110001945
3157881830
9150
109086082
328428297
891060206033096704
51529520
24807616
62963
2892290399
4034530393
705694059692736512
590999410
19250247
292518772
14804579
1974233137
4256702483
66116319
18094148
15446648
2175647936
7340612
15482223
177788470
1529078120
3015509723
14656222
94133565
38409197
14509080
3041730866
14284130
14718162
16235052
560783825
196994616
4858563561
257600962
105231326
718910384158208000
17541046
633385022
17137628
217540336
9309912
9463342
5874122
11348282
19725644
67430296
15200015
19599604
123356887
44196397
764100824423362562
38971803
386170457
2806000111
15662351
10184292
10250992
148927605
3222410820
3382999846
110244676
11064542
17518412
9714232
2800780073
28552516
14397595
2291039762
82363
145593471
6998432
17143946
3363290472
2558067834
2426514152
48843
521448718
231581344
19682566
278689038
153929488
2369849120
239914756
157981564
2327560616
2987122085
3827311
220139885
87717624
765548
954229010
16629918
3595439354
31252952
1084111308
77131411
697893
14325738
2851944063
10191332
27093292
124036182
22536055
1481010043
14421746
25337753
70132580
173454795
88412859
428058083
104618592
3076721
14702716
12691112
2790795553
1138959692
1578016110
8673932
4922591
484757080
2442900444
2520999920
221460294
63873759
254791849
1628848939
1392826357
860076704
2460368252
15028398
40465511
30889556
34515613
14585205
95252395
2888882327
20260892
22545571
14602130
7381872
2905232597
1898305189
2179734534
14639127
42851073
17354555
15527007
18636447
17444309
40720843
263780425
46243602
188943182
17350542
132817451
2549532452
15173651
554503124
103923794
202592231
16173592
15376576
369758524
14372621
2566421
793351
2773111
22652954
228015307
856943516
133953445
244991150
233281305
717849758
157291345
16058280
800272760
8180052
17185251
23791197
419159838
1286116932
29527186
2424096920
2648921
838620086
21457289
12512802
467745782
2423532368
6751022
2242616899
84512601
45529474
2303751216
1923710378
25111850
2295812502
2170361
39483072
9769712
20444825
84311243
63732672
291222300
750554018
77633910
14792516
16528607
283302157
210405752
63492498
14952023
5717402
177179008
612736830
10680142
15825547
52220019
41445632
701022607
284680961
222626964
1494100669
84873971
1586255240
1853896891
86301869
1652541
69181624
749963
403871494
44607461
80589255
388884371
108286674
4816
15276618
51164205
564919357
175097112
13215132
756475
287049865
22905117
30841465
14175358
87726517
20580414
819907
15449062
246229685
16319797
91478624
4255361
197193305
928961
16067035
408424191
111933542
241024877
3408521
449212319
1071816314
8633582
24253645
14706299
154479578
10720602
16665197
6440602
199400127
17465603
28550424
32387419
90582735
1156705130
212055560
60839007
571202103
86390762
607495858
33838201
986601
16258468
5854732
11382292
2142731
14306573
484075636
5936422
22672405
167234557
107471115
14436317
432706448
32493647
1068831
752133
6140222
988465844
416909756
16781740
152862026
18525497
220145170
59918812
15808647
419710142
434130489
254149815
21248423
25476293
781293
18273197
784165
34670660
361731895
370081720
93668669
475585621
14677919
487357501
52722878
243608028
21667065
241496045
306802570
76010207
220047267
168427198
61521621
1614411
15413774
243380988
94361315
117808459
221021314
37883400
259713560
13334762
20720688
27064840
102661351
18764992
88764795
82324068
40655158
194587621
86358405
6543162
52302477
779977
14394279
5988062
340474672
487623589
71477785
139803642
18055613
81721843
20973716
6809022
423540460
405033226
12342812
14816103
397504383
158378782
122189487
14606079
280023895
14371600
301388743
12193532
13426312
49921739
11388132
38721249
192542785
23751864
73328935
38966126
26288129
50504510
81058375
80272953
253287557
298699628
17462723
25047461
122447806
20479813
274121025
24384396
16589206
106682853
147392062
103549232
7105622
8804942
119846815
15196670
2366151
16676160
66345916
2384071
11419202
164628863
10656282
17772404
106385010
58253947
19525954
90940889
61501104
34698700
16633290
81402064
133877824
68442845
143514114
37053385
16947186
10048652
47645011
44320986
14821718
50794440
14953146
23752706
16476943
16558988
14433628
15414339
15162997
14815775
14433595
14433480
14433588
9524342
9385792
9091262
9381862
