1134794395180552194
20311486
228794947
300735398
367733633
1852469371
2892261
14924965
1688461
14203895
393624546
292109954
237339771
48783
4719729486
3951936134
104411886
14267567
21522890
459804169
41761325
14652182
46335511
112445679
391560579
2204633077
101753053
171845650
396353031
11848
82363
598715408
1126593953447411712
321666686
424485885
526837239
2483927736
925946657094582272
14086636
23331265
4710391092
968472942031134720
2200329942
105020773
1173286315284037633
198017141
1072501233968123910
34620550
20537779
1544219394
38637581
1158440148930981888
17639514
365687890
98829585
427089628
1184509548599623680
3334932537
728021669441310721
49921739
1180392589
1159323056
381241893
966313275192479745
24607393
14291011
89490206
17170196
14671775
1108316209945165824
200519952
68179245
54858446
2821089556
274632397
280477264
2950206855
256900512
35783508
110198955
877046059
1073388199
284192166
9305482
21594615
14370553
15078432
1034268067331694593
43079388
18831926
993530753014054912
41953420
15474914
1088672682525319169
17623670
446415076
73311976
134445434
714755972
933651469252702208
80703
9233842
362343279
748143452
882956199112650752
2176211192
1693141735
137559066
85185448
14146017
48996730
893832933815013376
15342691
1189450599714000896
762124520345964545
1055954614942486528
23634044
2292813726
903795410
492462042
39163190
978005020850507777
438018881
19212550
32827747
26244629
4886864596
193183069
757975895835545600
676573
16840155
96149284
1032670355826061312
18230705
2739826012
929211084
31263739
24024778
27816957
2354465522
2382263972
2507375840
89627185
45266403
24179991
78255366
184463795
1014467107386511360
1199812749469126657
942048536694345728
49719781
911073186
460451827
473494404
136933779
1023719884784427008
1436199374
14946551
2374780429
14266497
835035547
41223126
2776046834
2427056809
1001371117657907200
3313312856
937507171792588801
1085550148049162240
52105158
1161434275197009921
87759772
15945575
128292609
107225267
12309242
496691304
2981431
3379244896
837722319971758080
2247432182
923476059496091648
156078207
1540951016
310944393
798880690196582400
102186470
89185283
472177521
95183990
8625062
18890911
6898072
2785241686
1861528586
1115715083735187456
2349128279
37586090
14989163
15716480
138520739
1511430660
719073510233022464
709065850767204352
1542663966
33810386
167735563
4335306613
377015011
957788130857271296
243814985
72546412
6593952
23873693
14137772
3233705792
884117471933874176
832328816513069056
913494466568359937
905656487644508160
319639510
1350259454
1179642746845483008
1478433775
1193255372
3062333807
53300036
14079705
209633754
63506279
151418134
303545389
1186909872723378176
318068592
992685489701425153
79200974
9530722
26988628
991619871938154496
960898464497459200
1090346259892838400
927909832002277376
95292874
762851762092937218
366553776
182744327
867576648
2921371
1444029422
2511955764
722470665304023041
258529097
2471739785
719292446
1002202902339833857
987539148
362380525
11635012
2896324062
188419915
28441850
29007892
17915194
16120736
1113698070
23036965
26662609
312996970
3459051
661723
80440283
1036044807158816769
26306597
44971759
3329005847
350577488
874521729883750401
921853563747356673
831547534573236224
61812885
10688472
100982262
715443893442101248
3301662589
4661080580
1714034382
91104380
719267047
455759813
867527992620089344
963851836259229696
784466796183220224
59218167
806002318412054529
333430027
1006419421244678144
1105759768939913218
79008596
1039148429514104832
3152172007
90259248
10666172
9081272
2337389724
178954986
1072396122
11385212
3288969152
2243440136
4894231615
1927923236
4541503453
20532109
369534015
60813875
2765974980
3305311302
386505090
2800780073
847190167542652928
1390818332
243342953
571812285
42927908
1345017924
165143015
48511236
14914631
15476712
15004605
91143447
592629825
1149279894901153792
883509877
275070696
23092340
2892290399
31043234
979227634449002496
52528546
166667340
3192637177
50124536
2736397896
84000178
950509918595043328
456992870
7516232
77073780
1153340464214548480
9150
109086082
1148986177778642944
17503069
1129766345896284165
19630492
1150803409773182977
18043313
605643
17941205
429874674
301461467
1157552360
2192450400
2485914139
47900905
45813073
92319345
1104567588187709440
1096179054
600512258
1159645010813341697
93579404
196481854
3314938948
3885382693
1465481
300622611
14090906
51233328
1090873705
557714956
381694831
547154150
1009450284018307072
993875894170091523
72471437
23467560
84404991
52220019
115763683
607462150
1120360906775334919
34307353
947868354634833920
41485866
823899431607136257
958821375879204864
43293373
39281968
12633372
724592540649824257
715886250637393920
17261804
493918676
935250459148898310
14899437
22832997
66797298
14526473
16821341
18813567
14923009
1085940454380658688
292760736
129823130
805871237117317122
1735241
16689446
895332160130891776
402888514
16821279
378261200
25261820
793351
324491552
23347279
71004085
13611
6297412
5676102
347097089
72529967
16611761
19039467
2328007614
17606319
283892690
1112677379103698944
18994444
1411461098
18410310
1129094416885592067
16143105
705467790971551744
16100710
300868563
14389093
52002456
2921310605
12609292
709009144511119360
66142691
77165249
3019908977
53001749
988465844
942544632898080768
14707666
811883
74931097
54430133
1648999932
861926908270956544
2216901
5763262
255599264
357761358
8789982
96483337
2254478618
42481831
3044665445
202548592
498984309
1004101116840333312
819717383975739392
359150777
29156410
16167637
839346588434722816
119970645
24249674
20840489
268381487
201156529
36995367
520427832
78663
63178117
202963011
1073606435580325889
175268768
723323122011635712
4939401
4102808112
2340024625
823608277757935616
1134226550537064448
3429950987
396238794
1004272453059690497
1049406981142966273
212632603
6158512
114857598
17853
564053183
4714488634
18040230
712254424635326465
1086646510723444737
3189616026
870742159099645952
824939914710114304
4541644835
2693106617
2832429217
893486933527154688
61255762
4261449072
4077126083
602821686
533229833
40872678
135189968
3041681150
2325242556
2847845948
2350567654
481655487
352952553
13783772
30177862
14838594
487198401
3077720230
18328422
154479578
16535397
18573182
1524449868
727115497246855168
1124057069915709440
5820012
471224215
153049309
35341530
41635446
2594078226
129010515
816115076973268992
18576537
99247845
232796762
216027858
20145159
1068332119624052736
3112561
27212264
232322876
212657985
15656207
311398021
1022473482
254829104
709313
40587957
5855502
9924822
2507436540
364396850
823460106687782912
202476293
148147995
840784597
120499199
722242009
2342011352
749661321977819138
1099006479334424576
934281246435405824
2507327358
30308991
315691472
1003452972875911169
44537879
4081039273
3408272428
849797646038556672
15060869
27948545
16245822
51164205
2734475971
884452435414134785
4912311262
1096080721930846208
16535661
962510786
2698134535
126730771
1094738862100877314
39063457
15918808
5425942
66695966
2440574138
294071256
19341389
596471358
863027975247343618
731383060957134848
369817064
2798836581
1334857364
2909914679
74795958
107506716
334237587
66723875
2618939857
1016448826125799425
3614106254
841028845
26567591
123405224
2824284727
1051905415448014848
44104818
26663820
139487079
3331352283
3129477561
2362854624
367424132
116739011
3839521
1373539004
2187852453
21355321
14309129
4055905875
39511166
95346599
1962860390
4106445807
4129323674
989886753883353088
686993
262543897
248741839
2024911
66212562
9193692
12687912
15388317
827520932772200449
808253551872970752
2247361753
837461808864718852
2857928806
18957805
17377131
32078497
63987112
502251829
3151991755
130745589
33836629
1092726262328512513
917831724817682433
706910608663453698
894125475345436672
3194842794
1137408992
7198302
12806052
908267261730758656
960226588901060608
19232628
137305924
35772210
45718173
1251828655
17932041
232680302
56164952
282814612
3586658118
45678357
315097900
163257465
1357442054
11217022
217346060
1399209252
177101260
1067836406
2278322521
316846040
76281998
2870988632
2191981764
91171564
16049944
83874211
19717082
281560296
956394799
4341331
25319959
449546974
1548398184
19376058
415719812
4784087996
933458054431035392
915976368571027457
14306062
4884569693
24496296
820585
520388723
2370172034
14266782
41603960
1459396506
3431414189
953930547369267201
10891862
14443412
37463342
1026412933260050432
4597502899
282388849
194840130
2974181588
467075090
912995043845210112
818483631295463427
85548506
17498659
14485678
435331179
138203134
3223239390
43269853
808519585951522816
49424206
99227902
130188438
17242884
31450371
34650516
10185562
1056717649
284455405
121512953
14659787
61545275
225662068
841761818536157184
372563164
3233484298
21375846
90420314
925819157664366592
925053641245057028
105028319
8870242
2803799676
238187073
3222027283
2256017108
25663824
4055899572
1369399388
10709332
9956632
4263007693
815297463695327234
1016375190165639170
1060525290236055553
950563729598500865
12819682
2460047754
472301455
579866102
244131858
36684736
8428682
57771100
23818581
119796222
42139434
76561387
316756361
30553574
81867782
25798476
821009291113091072
106682853
2315988728
163154809
4921841379
117171240
82364810
910626014077865985
197319044
1613008987
36544954
4280096173
3236271451
148630141
17669025
8962882
1881168794
476444722
14534896
240569603
259940723
330826792
34664371
1530005155
201262607
12415722
133067266
2734713482
15500649
15165493
86977818
29472803
18774477
16619832
17781165
180200031
222368253
193336046
7129072
22241902
4818409804
3566611815
949851962
17986110
67069504
808381797562204164
189253902
2447759862
2198704819
1143861469
3173318398
17384099
22845770
15165502
49012699
407387443
2350019719
753743
784769308513624064
2696831
1034400202432684032
371156597
573877169
4061230191
3937914677
17906380
104177568
20730599
23566038
9876702
250671447
14117880
1513377314
527094727
886341191406542848
723667033532018689
369758524
225744467
54861944
29927662
19341814
17407196
13682312
17992461
2885651167
267265444
997966012703281153
611629673
114366339
467382938
2650959109
534819240
48626683
820367095120547841
1622277744
593425336
106774229
148724485
3168804593
24854378
47963697
3254887618
1447701180
2753928441
1004372754131574785
61577478
45001905
341927561
118680658
198785005
56212663
24889586
74543
128010180
852942197884407809
762777821513076736
16454013
208212889
967560701098188800
23592571
855552702822133761
416354279
98838831
15055778
16704102
808718389979947011
259647047
27214680
39250945
239754433
17735070
3188971008
14079471
1749311
22486605
1037283416
357606935
1551332868
2418631819
1656012895
7816392
148969874
115523086
39176606
19224439
900633021254172672
177023460
20936749
15412279
34681016
1038773899675103234
4292169014
118335510
42227775
771583225466531840
769103590791213056
1491707666
52964853
58569413
261027154
105197819
16228337
23476681
14706139
14851952
2168706822
994401244402810885
223971340
17270992
133596325
2182183370
17675388
330657027
71562095
326344572
190198973
1036206458
37164268
16049061
2675014715
1166603371
1490601043
28457822
253024343
67837248
9526722
108146685
27780981
9342492
1037947399589773312
373334467
110244676
143469126
1694040764
2339814156
1010101893865955328
791143977902833666
22651735
197106573
3124071232
978315371949252608
1952109704
60797204
15340574
24407773
14657502
1548110744
3255961525
4127283153
713373
946351428347551744
18691802
390171807
211775434
949686988508139522
556162290
883178401149747202
15695490
614339503
7553942
14966068
156791509
11041992
2608061
2399847534
11736872
2800073955
102391534
964192106
109994007
2789291
1209499525
21888259
179040857
961714446002356224
2543178203
71762380
2175647936
519800095
2381468161
58631128
113264888
18112018
239908250
3278959416
767921601954193408
3259313744
820460
91781128
2340826736
47707747
2612023339
60724370
956548371510120449
351369234
61063145
439129506
25035237
2616557166
2793241567
169642818
276770347
209811713
98869606
1012258469733269504
7794552
1606182450
15626406
517192596
825380936464420868
68906469
15410587
750374235504308232
18710668
823799206267625473
870894750
106753392
15050812
21387148
973202058202550277
956623919024353285
2417734628
849584900562980864
909754784705597441
716998275035824129
202087082
105151930
17257820
246800845
26787673
1647021344
3782799374
1022372089146224641
995676017451720704
799320594751819780
202344231
3318200353
1468138003
823825
29982353
1125389870
586960773
13901092
196461869
122453931
437990297
724323803539615744
5965992
15863767
615323307
14568931
28301528
69190199
171313785
191225303
250397632
14914177
2296544676
14835908
20639941
3729891
40305232
150066898
118735501
239881246
167771451
1167122150
104969057
784697297921802241
11629492
21029757
1011246985435930625
94656986
32425068
3115950379
93828298
288137141
111011528
18622869
21794421
16058280
1665684812
175308503
42593953
1914410246
20806933
215513890
102990478
238871472
1282107602
91331015
544016489
173116408
2153321093
523303149
1377536916
929633679818854400
416941438
1483245362
2761053045
3296136369
434857136
577460258
3988576578
22492607
16884623
485836959
176797057
27737890
460928333
551974058
33462545
17591423
52090363
91664989
224698363
2318831604
16310783
115269865
55236002
809685
2958823554
138173132
18106298
1057441
49423975
314846260
987276486376919040
998231450897010689
139863821
810241481428660224
54856760
15846407
856446453157376003
875349400930983937
46196716
700667394201513985
21148293
7758132
15461779
272247408
915084982074343424
490657597
53560219
381187236
122141282
15072046
134196350
195960729
52204718
1303016239
61479041
2887997012
600297900
3100344503
14203564
33669105
111970360
894719812366196736
630517931
3362484759
557331120
2788413618
146601627
95230055
16999626
4949561
488844086
219434529
1391351
4483368134
18601151
1244137812
4663789826
46220856
186154646
467533833
14550396
572631181
1647352998
840483941870104576
2197466040
93447434
361824665
46445240
3311947944
135542370
22186723
2370283937
50115087
28184452
25565646
107172099
15519544
18194898
30258963
2363234124
980299472197468160
104616026
9704662
793023
2206405236
3068700076
886928398806786048
783298998643798016
13490452
12846782
36328499
8060252
713763581964251136
322541500
949629826087858177
991517933934264323
465091022
3188245080
142863244
584830752
3094840478
763102211639537665
20958216
1337348780
447644824
21385774
47645011
143172921
44320986
1923710378
14815775
212537881
2189834263
430697990
488683900
974676691019862016
195062040
16058166
15957430
14500623
500669196
62123234
119355861
33496289
109914762
421150887
78559674
250535644
892904135715987456
13473512
14365128
811350
51626200
903962012
20052899
942617268852105216
3330129005
459872442
390495490
174340976
11647412
950533420626538498
252041958
16686144
884406703
2540715720
510464011
330705926
19583545
19250247
4858563561
4147973081
784752329245556737
985048132592386048
939323243076259842
61500674
69004754
106775579
319406811
22114247
15473958
2999841
15196670
23184836
17733956
1014490507
15223049
887680503637307393
1060578475
34904355
504243330
1389488683
3143422488
11518572
15210670
625585673
38140836
786522769
28308787
1565159863
840322392
742362506
68746721
14807898
786007249361571841
3548074516
1260984990
22117170
2467791
797041660341448704
862947409
116511848
14225681
44716344
15028398
14070017
67349208
3224616765
738804407639367682
15768141
224079521
19767044
6135662
16329099
1326022531
853636220697669632
2735591
783705
257203394
461906078
14443226
138406946
1675610646
32499999
657163
180858105
886302079215644673
3363804897
615486974
1585344698
15137692
3282885931
2275659174
43836840
5812732
480739373
69610641
3793765094
406128885
3634651
139294531
116516229
14193672
3109896043
3017564139
43879159
931727472034398208
9699802
2862192381
3112402096
3340941603
2888607693
2888682557
935851786233147392
2904418558
2888652647
4997711
21038221
68193054
29375475
50922997
707831925227069441
882129408357785600
170253001
944144846805233664
1287555762
2699243659
220883
14998783
96179624
60037279
953304055337668608
147948244
390003276
403093403
13154712
282115973
124634499
260876840
941266632155938816
2888702530
8104532
3167301
428058083
731011095020904449
2242356277
891465125848207360
12728872
2835886194
2228878592
948393069690331136
3277048062
252299433
15608944
94582477
17615430
39760276
112784425
215688077
50969799
57061547
488369382
75550118
87631820
718757829570506752
37111107
21982720
14130408
14125152
78012548
1497469477
4802668154
15763818
4255361
88836132
104604540
28978705
18966808
913431979
928264170687959040
56823695
246812982
532984543
36048614
958604960899321856
26784755
915451609
2279676642
870454480474693633
3511430425
226949906
85867980
3039504459
793754
252481460
130690431
1552044326
16196481
107838271
138101848
1007025684
338488801
734010048712675329
5973972
14900494
14198073
370448090
438483337
2806000111
15968688
193460861
260116832
2715396464
81573775
953305718966366209
905975738
1309805221
959127998409699328
243331145
8094902
551247481
14492722
951372448393453568
15759583
15633629
866705318192885760
2282029362
606284826
13236912
3575325617
34226352
24877257
116377125
14380900
217558518
16867297
817540
241853100
24957062
60057450
876624356
913455411206017026
1585515300
704476690139885568
19203768
16345873
952105470424072193
228454510
448357932
199294845
26642006
14246556
937071079
837293841120100352
61249886
21526029
468249929
2722372381
432513392
209745171
165744660
15579477
20757469
582636390
907637939882135552
9308212
43593
54290504
1536830270
15871237
2720877595
329179614
41293930
8942382
14698489
65878560
139959137
647713
191001256
323346291
3364247789
1380198374
158065720
3371376807
2440258777
15857462
107934145
17088295
3317020622
61604143
13404292
64172365
1525989607
18983429
2695392493
75567078
47350883
26796354
19238958
17009144
38385927
842550390818201600
16477634
14677012
5520332
1679874157
593147173
14048901
107770718
875882643614814208
21611239
97383997
1436258888
91504564
847757344666791937
2182865641
2291039762
936832385202532353
485525939
944225526469873671
22021978
873700299587833857
15936867
1868300024
2304590436
23034673
1515100843
43768402
76837768
1111282716
4008741447
11547582
2412691238
9513832
923442175450365953
18591229
2919550950
3390787541
16246973
317002387
20497962
18408919
14884089
340259012
745444082034610176
87818409
294127712
606776750
15143478
763182788887666690
20060293
16580226
19802879
14355853
240272248
3819701
3017977255
27072607
169586297
14452248
2923648861
760878683867402241
2785480981
261653072
16625324
2686770528
48946009
3907639576
515228826
861462637283991553
27553949
395477244
917415782828539904
3286770860
3223426134
15565732
917411113154764800
9381512
3178029523
173077453
289759324
3303017800
94505389
474903
15227791
2353433990
33105012
2816591352
780349202337529856
2717793440
239581027
3595439354
5610072
714775800
38732305
27241881
14954902
85514954
52553326
10441332
25814570
28013362
395629947
338608917
4600040954
51002583
497600704
3823490952
769169395591643140
193598596
332311947
112414366
872407203675820033
17089319
135647562
99698377
32625798
15244621
921986945063907328
38879572
851964710
816318152950874114
3116213762
14071390
799545329280577536
577426516
43259934
19337608
511402689
22959763
3292233975
61530307
16420913
829859160
701358784871006208
148540304
2836086519
1477019234
14091091
552582271
65647594
1451773004
16155054
838404327693828097
2895726664
3180367712
14948021
13728132
906891417401925632
794887133563482112
14804579
62290967
1087860428
841424245938769920
9533042
257245904
79402857
3167734591
1383206232
404946566
26616462
17053097
852353242646192128
16343974
125984618
3198064441
197066580
3067457145
2879106702
311899396
2362193917
15355316
17823588
3259751782
2350395900
79128117
2286567210
45036289
811224591536361472
2178012643
21219917
14641537
2530947115
66751787
260089724
912507270314942464
18936284
3186439734
388818412
3341975397
869860585806192641
188019067
909845597359808514
4873707440
19024667
2432957479
31854805
429982912
31724888
878679838243999749
71168639
90770011
2908250357
15107896
207295334
86482553
575757125
434958373
855270590
481326805
2716505796
66822252
18137304
15813928
175282603
785618379201654784
3190401
215818100
24807616
3397145679
203558650
9463342
2965977125
143264018
46107535
14851939
16027672
706511251719892992
146078837
134088678
634713473
27031838
40357016
30821863
2926492406
190726716
65268724
398087684
288595930
21607684
125614071
41642329
2459927904
4053977488
3094222966
4518265397
115494880
10206972
37953167
1339518313
14337485
2736165644
443026350
816450116127113216
3184574881
2899889610
768853859708076032
1068151285
59402138
35441191
36272975
802741586971000832
822072792124366848
2208027565
11763802
348082699
767545134
19048532
14214338
1719941
31893350
16303106
14561288
74689780
14076933
27128056
231724844
23813634
15761351
5729062
2797546022
85737649
1660293414
1859778475
1270136126
812403443197321220
571457923
14784997
14146629
3304942280
2326251343
2541047887
813402
487516630
16294706
161667651
3123025469
563695413
4066214715
23135066
707880635122192384
3648347594
411469267
45150094
196266476
526231573
12963432
1527260750
585405113
9650622
144400453
906583658
62513246
732227203929374720
784548544329965568
18956255
2322717703
156124269
319104757
68321763
10673092
831091873448095748
702201605722996736
380863305
80862758
2265343634
873639554
509591397
4652342436
473204944
874901337967820800
2456683489
52990436
9475182
148406730
763964120
15138856
424019065
14336304
171782897
738538436
3157881830
4025078173
272114881
2575159928
3119200588
153764273
91309048
92279294
14798414
856584019101720576
848092554
722914767636004865
217422891
107142753
3246113584
1116386634
372548499
49629565
617242151
35816485
15662351
861702441569361920
318699878
33216611
14132927
4884044833
620038808
716609144782913537
14475298
1694961
177788470
516987028
2362151
72942381
2992487106
15261544
42533416
773225856600645632
1574500442
263539392
629194583
1408142352
204684993
502513753
17297692
45966176
6603532
18045944
85755501
2811697760
1595615893
845983800769241088
668423
3324349524
249680080
863405239
325684924
15371224
127289989
14290525
372316744
248067870
10834752
769276242227003392
18081619
61922821
273977596
38501512
187863503
135066345
843771913231093760
14606079
14650877
174083824
712685130
116347904
4030
799574
386263630
33050753
11690312
445124565
231474739
96933151
705787839263465472
3090286627
808567078194069504
2218413296
178610318
4376517022
133893663
3090229939
800197825631895553
531475317
75361247
719442375739723776
203898262
1843922168
73984686
635744235
814388571251453953
877247437
2167021
703816949898149888
32671625
1947016902
14213600
508475545
799141921461452800
21938231
9434082
826406533911158784
35538459
42384264
48184627
446719282
18877255
521448718
987181214
167346791
839501726738755584
750554018
1068951084
1473686120
1877831
470362050
62592177
30546173
18027524
1595809370
309677375
2217612109
246581263
760839291756871682
1115374579
20762184
42851073
15499924
125356138
823532881494425601
48321391
13642652
348514686
158133617
449588356
54780666
798753524016263170
15704940
738465420
180012200
722518914228334593
100582455
16074627
63102386
8155532
199655679
7788062
40050595
41285641
47137212
16680887
18330435
266929078
21758502
3009124118
259211153
3181879279
214073
3000921330
707114609837084673
4705272577
157700047
1473657553
22832098
25707136
10355282
20880217
165511377
147982719
15787066
12087972
193420749
1573544568
144079408
1977918259
20381965
19989571
308845273
3220070977
283201871
29967509
14639039
776903357390688257
828361853021646849
9698942
15481606
29959495
300980950
142758727
15719681
14394279
483273973
14504859
86326387
4869457450
780710407765757952
827658471000600576
2406695125
4080023352
283016162
3226351612
828480686000443392
1941633097
254554719
819856033564737536
212360959
26205565
20280065
17405435
14072086
818809172980600832
242266854
2589541577
90459630
48843
5874122
14350134
238436945
19037652
14383237
31672479
15808697
54645160
257375243
732418136306225152
797535492753555456
25693468
723185462022565888
23977676
1917731
2553151
25609013
13393052
317557095
29607664
19325156
3898598357
289257757
784038868827922432
37968490
824320219866923018
14155913
3240143771
407274356
166669818
752932967421505536
1097827056
19515424
556151596
822517901294845953
594666501
20430048
26953453
1551361069
1000886101
66421943
71074656
40449158
22572168
969275161
67722868
972651
2242044090
17472153
15446648
38664232
3298690346
14707266
14431173
9138302
14297863
3649181
6725942
2458698614
10015412
3147791162
3141199916
2433010706
7469772
3200394815
2958001746
2306376888
4882297170
4750983733
537103506
3187286150
453142027
16173334
10695152
406037759
3220267980
14251928
4202183893
14594292
2476570038
1152679494
823457918
14861745
1202358054
274991683
14451633
721820969690468352
24019986
33774039
385485203
504906590
17484680
14453232
14181505
65845659
18218169
888706303
8472272
32546966
15423006
52061552
12448992
2330869772
629023391
4034271
12659072
142589904
16145438
20117518
60089271
47306412
284410766
15751438
36823
1374588145
780955347817115648
304240210
29442313
773561146792116225
23353087
3018841323
45875928
791875428
245547167
81458523
19729680
61697242
2667052088
3080000760
784609
11167502
707598035551969280
89401638
17907265
4805731168
80203745
198020721
15486485
2490279366
18948541
237845487
1487292523
8928642
711471969615478784
10368692
6655612
797976514822160384
42511667
14238668
404661154
1862439649
24793165
1705281
2317351705
388070312
22585327
16012783
64888087
20562855
429863153
1375525664
17070707
3016713518
14947316
27120141
14537182
15685575
7736942
373416209
348416778
38433318
94628965
1727052416
22993074
98705778
1611332490
149449715
1231476866
109958944
756534684968951809
93654149
109958517
93473293
220145170
22790881
17522755
97482220
3030922321
63819362
44698222
16717698
7104672
15534499
207382866
11165452
261216056
873328614
21772336
2154831157
2481787070
20015311
66555688
12513472
158414847
366323045
41630831
16396668
317894673
38222708
2841191224
397155615
454645641
437476332
7596542
23085322
24012073
466548418
37418699
502640858
19400205
38109950
178600257
742705173043281920
253340062
92920062
2908136288
393621632
598232506
712095280326447104
197193305
20312513
4134016874
6440602
125075740
2244340904
1399045482
53271417
59072662
39400176
24500377
77254913
22969720
14511546
767554442648363008
19875245
58915956
245548093
167009850
20026985
707255860221779968
1579422614
15521075
15295957
14778397
2251623492
2568895140
273290378
13286602
7795092
77431338
283258239
17925939
14389647
1609565486
171533702
760509866125373442
620794756
765450697806491648
22938914
2887837801
4342366521
14063854
18028509
601855621
1454430638
16543001
17339669
33773592
83499243
14267706
20961162
106234268
2802256873
4922591
111216929
4874289952
14055566
71266955
66369206
3071764128
11438262
731177283889864704
14121551
5943622
192303150
192301091
9769712
541158674
16017475
67119947
16257396
35525548
33782474
21302817
52725117
81305054
58560915
113357422
30059550
1126476188
15460048
112649344
24663949
42769694
18742124
471550563
59036562
2744240858
768197780
1407822289
5602472
14640565
177124637
2006841
19789439
39952775
147599822
33104659
7708032
259725229
86424236
137198586
42007556
2987122085
2535455623
14639334
1849506709
770797550
4833943606
14260960
297967500
398096593
65684445
748123840203546625
22387220
9882422
42103712
2760015064
766250432
45828815
71009993
2785345735
704196260
8257562
33315010
14405393
14111408
1339835893
1234433358
3038865235
29941998
469656401
14309166
1370772650
85900677
438372084
776115794
24903902
498865225
1495091
20249078
633658693
2231839172
14749340
19874960
1877714197
3106848012
8496762
624523425
519635656
159822053
868667971
2327560616
4827668099
46292189
31095444
24945605
15366875
83271185
5800582
71522953
2292054104
41412210
2719623600
26493482
47509268
78954254
36590100
3009712208
2707237027
422049167
2821417461
22459038
697893
14813
442361278
167701431
14587862
76993
285428413
15821823
32474740
14945367
15482754
15649735
633385022
15880163
17508703
53687449
16021282
2903530988
3249871370
13787402
33539036
848901
602317143
40953465
380617006
17577500
23814999
76578396
373260854
89150992
1536791610
152157668
1619325942
15080805
1059273780
347714174
24118008
16665197
318565100
14952658
717516919234895872
18476766
617156053
14293240
518395969
15058596
27093292
1355771341
278400740
1644117314
222646687
14150661
224627512
17899663
16130949
16432354
4666741264
3256110344
105803442
24375595
6880942
356540755
2584318105
2605368788
11833712
22598364
17059979
370462749
18302437
117460584
1448046859
2994490530
10454332
64228303
25308008
3061019414
3739197619
3743066294
9536192
76980293
253346744
309755712
18531491
14620332
4455481185
607506025
241886871
20564261
63698697
14226206
54317231
14852962
377575427
256058386
10882792
9714232
17518412
3015082107
91904543
17407556
41025492
113388819
2329066872
14916216
14695816
3024658674
274371732
417622957
15387841
3942930376
57076661
756646
3291691
3294256128
41441873
19905698
135026246
61792530
16076117
47602349
295649749
82637745
31112324
54295782
1320161
251520997
2904167341
2968036042
9551792
4759281974
60705667
22041160
10123632
92415827
480533415
2735246778
3154604857
701248213639159808
24916485
3328364833
15498642
285370024
538146217
243764385
1225775714
191014340
2962136722
8932272
4921234241
2958668424
2802797885
339653183
828733909
63873759
254791849
253340878
15000857
860076704
2460368252
14602130
56806537
2951736337
14678848
781510
767
3222189103
295218901
3198815523
23863969
3565601
188328989
243763444
436991451
68442845
565644561
488325879
71677762
147520393
14904260
1586123382
17568815
447661307
54062589
2804467255
2349351162
3061381255
3091172524
2421047017
60957024
2689629480
771470
1041731418
1516976052
763063272
460596378
14981016
14489115
41765653
4239443608
40601540
297594445
2605748396
10325302
326511843
20308111
4821060620
22625320
11702452
123167035
601225798
2999532212
149430743
13310842
579299426
3427427239
519262288
1872399366
290900886
25213054
15881746
316075878
2813398537
2398413343
16111963
28403766
5813712
510031071
14428320
14804841
21771952
1090103492
3724552153
719893195
14293178
35511161
489155981
3364727765
15761578
14623478
53929744
15351387
5087741
44196397
14242041
19160166
56409421
3888522492
1183684093
2253142422
5402612
197263266
16076032
21292037
10191332
9632312
30364057
6480682
3187629164
14919253
168429466
14742294
915119508
3074578447
30833810
54512726
477756438
2856234096
48002537
29977450
59911425
1425052008
294098643
58472864
8544142
293081223
3959153713
583450546
261986696
408847389
3063739155
216939636
34212459
14662473
49413866
17264476
2262399740
135945569
2892281618
223402407
1399588842
2574271958
2526271542
386040209
1325118752
11615082
47227143
1690731
53152354
2896757444
94495702
154113474
81575887
243983479
74996620
75751991
76051483
17532658
399370021
250291626
23925075
2253614827
39198015
120023425
2240202152
1218859896
94209322
1371921
2584510860
458647237
22512172
159894024
3380973898
2916305152
14749308
15447522
21752304
2241468285
9610222
3255386796
765548
14839109
2908602571
330740614
258703448
1689053928
3145207260
94944634
747153
15607995
125902424
15301028
397689316
3238418440
9309912
1209406800
2851944063
14375294
2556915360
10735392
599652152
16820748
157702526
9181042
2335149139
19734656
19587559
14453057
1284720552
93050985
19139029
162631805
18466967
61484291
2849825184
17029640
41901265
261665936
1286116932
487623589
62963
2423532368
107471115
13895242
29155491
100883962
9612052
374280533
124036182
14421746
543690714
137885308
356930534
244991150
104427626
382743737
2179734534
3054721
39920567
28968343
4774221
18298703
1916518158
17055482
41893454
82689705
342029412
23412857
277437617
297423041
23018491
12387972
302666251
22266388
14645163
791300
16340755
1138959692
1198537832
774757
29736416
13198752
19744978
20038437
56560677
784330
18335139
464169125
569162650
233203931
15021748
8812832
1869421
15522370
810129
330240039
1051171
17455917
39959484
6174752
231734854
21733355
22960019
44636845
69013218
14768955
7624272
2648921
142415193
14677919
13527122
23365587
18055633
15737639
1308316723
12611642
14107081
2006261
17386551
152640690
1064351664
22255654
146538068
27724771
914061
8633582
14607140
455907175
18744691
76768747
15179859
16632973
40831989
37045626
145175151
214758555
43238427
973997036
16193219
177324910
4234581
18187465
20623367
499977106
269148983
72437541
14897642
786887480
88045559
1104568244
119271788
11099982
14058655
1578141
14561327
932867418
20343159
14877599
47971937
15921173
16734860
2523321
110368132
7410862
14206328
10328212
27182094
38213
767285
293057271
21694056
229502009
34670660
67565590
68430829
1183041
30475553
15275187
14198865
323074777
271216592
296019552
157963868
31163074
11176042
571202103
620473057
14769410
10184292
17465603
657863
79270920
572366128
730495267
202214905
22717923
215244619
262130711
307509250
365556736
15862891
15234407
17007238
16669912
14612507
91333167
45301569
119891201
22703008
26061607
38238492
18282205
61646297
60268653
50090898
21209357
63485337
173630577
20510039
23782664
14199378
7144422
291698253
431758864
817732
45556777
251293378
73747845
14934331
14614648
77908845
435181415
17023631
403708031
104129952
100829868
16143712
27182288
15989423
94138491
1059931
15696660
193030139
19165693
749583
18517804
14336151
365761759
5733082
471741741
119644811
3107271
213725975
237836405
17789751
266400754
19725644
5899212
17595439
23002923
146233700
244034320
4763701
89292966
435929732
17094858
5766592
7943872
13994362
376825877
251217850
115267721
15661871
18084858
8207832
372475592
34738805
20424514
814641
30076916
7347922
25515342
143764382
119157741
373873475
28472174
43529244
301229418
59168200
14325738
247152703
17860936
50438579
23204397
25698588
29710616
14478837
14639127
16037828
786491
49310180
22398002
35000351
14744668
305299593
2098451
24752484
633
167588779
22747624
16051268
7974522
317320050
23944366
390167291
13970952
808627
15804774
14182218
17592460
454231985
53648070
18996095
14431692
15735507
329563274
319228960
97078635
106493742
354131767
20942256
3741671
2142991
80886550
4819241
15632710
19198198
22330739
61233
4047721
48230811
5929252
11189732
13152912
242645565
4517721
269367679
15372963
111889642
13862172
299333932
110520327
399180639
14067484
15688675
21773691
14554287
16226688
358314416
70421284
25722218
69835923
338177232
6345192
16081046
1270191
342854746
278082863
18805477
167169119
25213966
42480399
8120812
41545027
34315452
258643850
6581062
104145758
66661974
16489597
50478950
141131743
94682674
10720602
14446089
14961008
112524101
44936559
18495358
23469332
7378752
17116202
14780493
30504402
9451042
13058232
191045082
6454842
17180806
15669196
20211581
2195241
102570095
64306899
21392090
89212377
37027131
341979831
205608502
35403
1175221
785766
376409697
146862748
36741192
11895
9135742
14830884
137425713
16385118
44823886
3840
323464754
260320812
128515854
21436960
13
14248895
15802344
5370832
39422511
16895225
363942156
135486484
14129987
373400841
372936678
360831528
373695796
18908446
9980812
17018913
8051262
46639625
55729806
311214149
210356185
27783253
15009735
17537581
182818252
284093185
14666934
240599610
15389565
115624161
101351030
1730901
48712325
351420472
817288
740983
18102284
171811507
207650884
19878288
25441644
30013010
15530522
11680312
97660306
90757302
14122133
35408870
337595460
337867544
15652014
755959
221341480
102272704
11628
1474791
34554134
20428203
21324951
55957641
18183967
45791663
188046098
17529119
16063910
48177049
125629996
648873
26519881
8850022
4411041
148922824
16242081
63377242
292545052
211904285
15376149
133641637
6024062
330313546
16389669
34570753
273197054
17228459
143883
115485051
280605502
25699043
26378603
250547037
15085196
14173550
71964488
17188300
11288612
46153776
14669471
21991789
22418800
46429878
2319611
27913685
306248100
13777992
166064436
17620820
18916478
145072368
41282765
225663702
281800967
15213984
176146803
12905592
39215358
200176600
18739577
14862767
61170405
136293558
797868
21859990
19269329
177339679
17537809
28776864
20289247
19769653
264305608
307961484
288553242
307946280
30133564
33032124
57949239
17296792
16280801
83889856
35499704
17292561
12085
14841159
14703790
68080418
10906702
33801370
11390702
2276111
18484992
141033820
12902112
156121420
22059471
229513632
130899356
29990496
279840426
50334276
214219176
115992927
11187082
130048954
7106332
15001475
19068376
47847315
14494383
14060372
29499939
110611189
212284912
5795372
288734107
253008802
17038154
50517749
217004426
14234422
271412276
24358412
21488697
30429135
80049761
17790274
285096289
117651802
46892102
22563086
21746920
198590214
11069462
1435461
109821146
24692548
279834895
612383
220817090
14319308
839321
278928835
26906309
15376576
277422782
17877351
49816920
16036960
87308833
7112242
2142731
14731308
22449932
9672332
105163588
1064311
214955951
22256645
14679419
105048714
271000214
53645829
22021097
20731304
22297417
127927897
90407224
1543661
5812922
259447291
189235485
168738308
86775205
216080074
15692087
195803638
16525003
95926298
20518767
188843108
13911722
28839500
14739775
116040561
42359390
18696750
13219352
41842768
80050555
39079406
177602865
5392522
136733323
26570916
237766830
76023930
46385237
21548381
221060254
23058226
36077714
67012083
222929997
32735876
15092452
10454472
13932012
35763934
225693315
96453822
244827095
3099501
794808
89785537
229244076
77225716
28542415
135786783
34057913
117724817
17300623
44278933
16717693
115099953
76317681
18768212
95313437
1329101
96640040
19591478
19659037
13557862
79138290
114758167
14142059
22886693
389233
5788362
4843321
15686173
24870539
15762701
78327618
19389668
19576326
16664551
18022790
13334762
17840984
23094916
180695887
34489311
27151738
36598133
896221
18949884
21770611
19094000
163559811
15177937
101991370
39003585
20
19109940
40720843
31569141
164268217
769000
23459634
24253645
6595682
91902225
47268099
57688251
217653662
125644689
126776391
15412070
4727171
9019642
36880462
15970050
16135409
69088210
17346756
23442901
8937952
15392736
40384550
39551924
36416731
28907408
66055378
44759260
116994659
17781158
82590712
86484643
52378823
116041517
14917677
105625410
69519838
18997592
818340
225136438
34355123
73611273
11403882
18761553
18055613
15913951
115962165
34743251
222205428
29745593
14621637
1246421
11940552
111926362
19385504
18066440
10747572
16349641
23731584
14337563
218483922
17388929
37874716
69235358
173014194
14514804
6092972
22444948
15047221
25482115
4816
78822450
15538226
55836614
47401069
28334826
29639443
14826052
19540483
14862676
127548285
14800270
11247112
6053842
49011247
14167997
82734156
15439395
18634121
23803664
14418873
22352007
18263591
208736299
153154765
16479225
17228262
170579956
70352338
5443332
19331736
102424618
17464103
43808848
137759643
12800382
69663603
15005347
44607461
17813069
18578705
4649831
5075171
150605181
71073760
157448916
21718070
21195097
16315838
17232315
14362098
113963
16549684
14486714
129457357
11580962
18925942
68897871
203138678
21118985
116808592
21378420
12691112
15314626
12767492
38488854
96736794
13766892
173555111
19826509
14640100
36581292
15440344
14372486
71341812
15463097
11518842
16550069
16793168
14984090
20526409
141389408
2069091
109693787
20420396
23665555
19941557
15205416
15981533
9366492
78414692
14970289
1081711
17687644
25865424
14450126
61198871
79715678
14278978
46827045
14118534
119176410
14084530
23589630
183181732
3414641
109570285
54819839
38679388
42197349
12841
4641021
2182641
94133565
159950527
55868718
29819119
8295072
104201057
15461733
172609538
7243372
183741247
17987451
992151
16597921
16015636
59541676
156842004
20884310
14445150
19435679
35592163
3108351
84351228
174222122
18019481
38730763
15944583
27016395
26763164
86763142
16689804
14122744
18025142
11164402
14687332
12603652
112528880
70482598
53349656
139463927
1087421
78817006
85515035
17186836
183749519
40498542
100573148
8251812
13444162
124584696
116761799
124007226
16772821
48001737
139910627
6140222
17242956
10069282
14091545
21203042
17045792
28049003
156710416
26317685
123318970
17744901
14794077
51274038
46309783
15725906
7261462
78699094
163853853
38180097
14931711
9465632
14826420
88636294
113024018
4309311
6063042
41681037
5519412
14050728
81829260
9151782
15488482
8556052
17372379
103079693
897811
13982132
16589206
94064240
1068831
20518910
6038982
20672174
14707041
22195205
26962560
6950972
2131171
15354468
177852222
17976608
14857151
37296570
14230809
7373472
33792380
15093979
15445811
17462723
160391541
19562498
69353990
113431370
71498154
48707597
14947810
6706682
28841026
782502
24990215
22063434
167234557
107345085
16795132
22911650
14906033
56656341
14665162
18206161
792346
120767986
17639049
9698562
14817805
42018126
152352998
27161965
46451915
54631433
16288136
162998004
19706959
16267340
22377457
28059022
66870481
39001459
14697183
928961
135432729
40317948
14144520
5390732
8663752
15006091
150621067
9930912
14906518
9184682
118788187
18140672
14633926
39494146
14906538
156877973
6691002
124946510
20558785
89361036
808020
1081
94817563
98320282
5155811
16213093
17472086
58560480
113130846
14926475
10331512
14335498
8761432
14270140
44035632
38269933
17666253
57687666
7255652
749863
6148812
28056122
111474440
7798232
73224138
114452371
20038907
15618320
125601542
1235521
14789629
103877455
23948946
17060840
14361698
10270562
42365838
21385887
37212241
4942391
1260231
9093
777885
37593098
69192214
7249802
16465385
136347538
81598269
27629243
56883209
135654585
8131122
20292942
87655679
64482503
41647812
14870679
8992502
129760291
18052934
11739952
17484254
13440802
16866902
6823692
8395672
101938461
7550832
9646982
52243439
16202859
48361772
5668942
33650227
16739711
30055761
120761095
39713727
17194296
7204872
120966038
2768501
55318950
19697415
35761106
14223044
15982247
14135545
898691
30864653
11362622
37159362
118642717
77122649
54521114
14483646
29155120
14106581
18769172
92541612
51167925
15808647
103035593
5939732
119168161
87174321
74732486
26395300
85891683
12579252
46957751
19130243
74129471
105635994
40246433
13298072
20514493
14049721
69262652
46961317
21445120
17454495
14760162
64959119
31469824
16559546
26544795
16185326
14388905
24760672
29002666
3189061
14891889
17093617
22132639
100208397
113420831
818927131883356161
16174623
42470389
8310852
6150242
14336585
29868351
496723
14378113
14626324
17872180
18279794
103651415
17220934
12044602
30313925
14511951
816653
17006157
38267947
33838201
8963722
59157393
33998183
42226885
93957809
17939037
14323151
12029252
10680142
98726492
14159253
82814581
109750036
72948466
69426279
61010200
25738020
19939139
39698834
83401705
16285762
14918367
10270952
95624829
19937789
80589255
70414442
5774462
16923407
19110629
15003729
26908015
62509633
90983105
105741032
19140641
21839814
15425148
96712714
43241778
33933259
50393960
14125938
21581503
12456402
51618055
6540712
89118473
37971731
104927614
62434881
8039442
15784302
802354
14040752
17645226
17518142
6519522
82031362
19225756
16389180
19345323
103568043
2193071
11300152
19107088
26894723
14457811
14825606
7861842
36109143
22823
17962352
15902301
46613124
78749849
43533997
16832632
75896448
24705126
12522072
71136691
18178876
14145417
89485813
13492552
90074226
38866951
20532024
21996011
25873356
26230756
22064868
71816344
2839401
14430556
30745164
11211542
14885549
47249981
34845060
18072535
5574492
13146562
781293
18884906
42625208
69704553
8827482
87343204
87658895
3634051
18839225
41555817
11840852
5252591
24923100
18514767
18366472
6186292
17169978
25435149
16888374
10937742
13772282
15151064
47606707
7136992
2796391
817209
15591522
14065217
15021384
22050354
6424562
23166140
24735134
13119862
16652613
2719361
35120520
57107167
7486332
41227459
12641
45566512
37967651
22997517
5344992
9868112
14626880
17816767
3621631
16688904
14958228
68618282
14509984
33461291
14111867
13018072
8530422
37661465
19538724
59421738
15955214
11978102
21904102
35128237
15398764
60713068
27081981
10202
15184929
58034341
20117836
39567090
32718488
46533107
14328066
60018268
43397270
66462937
72203257
30060311
23373
60941141
65267820
39897450
11879822
1810821
15948437
692753
1478411
7222652
17297668
16159251
19538041
6917252
19658826
5411902
14919730
2111361
59085158
15431281
26347892
65184098
860351
18656830
36412963
14659434
16666806
25608303
14811322
24243
610873
55996162
39498899
37491431
41418660
54727591
15078069
10065872
46570604
18582812
101143
14627400
31187402
9815882
47271249
53336969
14449583
14357273
48237258
53919366
17087151
52069651
14274132
13699852
48968840
18525506
14965265
12610412
25437682
22311730
17175627
44120722
7766902
45727675
16556262
31303509
10156602
6604072
15649930
14207253
11877522
8941152
11623592
14873488
66123
19232631
13547812
709003
22232157
15628035
17268013
34780839
19118801
16673943
17496096
27235800
11279012
19811944
16040859
14231772
29676519
14527804
11991612
40881540
31606867
15242531
26671494
1344951
10712132
16428802
8954292
1052961
12018812
14808390
13282392
18099511
14671215
21013461
69153
14877167
32330900
14167833
13354002
8071902
20646864
14365789
14118444
3829151
19258798
14486284
9534522
14257928
15142076
37963464
10019032
17771429
14333344
18220218
15120121
1007531
3460751
717313
17335431
38623751
14557261
38399159
37165290
15194125
6513952
18498684
19789294
37646296
779627
48823
13784322
18425366
37168201
14459956
815617
13811452
14384124
14188399
14862447
6821102
19082299
19206264
15553589
788841
92623
20834474
19176392
17870480
27081171
33859352
22578053
28318016
14263940
1252901
15315691
15335523
14369216
14452322
16470706
18730225
15799403
97933
21150453
42983
17541046
20485057
8058222
21185170
15428957
15675166
14654600
35182780
15101578
1706681
34625529
26603208
32378536
15794020
21277815
29537302
10670192
9471162
1718791
8419562
27842173
16094075
19022242
4690301
24682322
15022452
23112236
11348282
21918148
32694562
11656732
16042396
23563552
18367957
807095
16485096
20402832
16817883
31668842
16204225
15492359
28836556
17473883
17788497
7498052
5719682
5093
5388852
14522546
9799222
3480421
14886375
23365626
63043
15076390
20673844
1477381
20998868
14761795
4812431
20166694
19091929
23878594
21654234
20971460
26461595
20156568
26316116
7340612
574253
26821575
8692942
804204
21868406
16541417
21733220
20119433
19468984
43483
3049411
44253
989
18483040
18631179
3283901
14075928
23571738
813286
16311483
15485441
17519833
19899518
15813140
20536157
18270755
18624756
7400702
13479072
8453452
12811302
670413
823083
691353
2384071
6998432
6800542
13235832
13414392
752133
1790831
13348
2729061
49793
6753902
14734249
14816103
44423
15352541
3339171
621583
15136979
4833131
14585205
10168252
16248857
18525497
15825547
5971922
5746452
1118451
2730791
6141832
14647570
16356013
14090713
14570107
17855623
14053823
11805432
12381352
17495946
19682566
18211085
15839287
8161232
19599604
17147821
18322014
16185413
18677659
20022287
5988062
7037732
5167291
1538841
1019381
668033
2566421
11388132
16456418
16598186
17343184
14706299
17038565
14252917
12173042
7044802
1413771
