20776190
8119452
1240565450783653888
2212361
42336153
1396874786
817083
1337271
20585553
709644992
19257491
6742522
14222507
2401608757
17667241
23907385
14305530
1497
19281751
55662470
56686418
370409954
289403
330105456
206283535
49921739
894489891555422208
383466257
4356430036
6186392
15692193
3125950776
44423
1221377785
342743938
21448858
999293378
1176
434442052
1716121
613491958
17604915
1006906732919054338
897861037
104427626
43716775
786048823340576768
4707372193
33861734
128044121
2797431115
1037548569467731968
531173313
14328698
1088364033915334656
901651
75633116
14839109
35877766
57446930
902965228937379842
36956198
407387443
88273299
1692248610
1300251
15871746
18104734
57047586
12984202
944216693559234560
1679260675
20904490
23818689
18226927
14729597
23863969
263000760
381642287
261789755
960947423320326144
1823987821
755110878652076032
836548849
14793714
1084111308
9527212
21828411
20697617
14969147
17163609
369758524
1969170668
1715370056
112961086
2426139313
3959153969
55247508
148518970
1851554534
997930951
3357681544
15090415
46782674
2321310096
57543258
805592191875694592
15330301
815555071517872128
3080761
1365971
35794978
686803
776402106
705807268835672064
76982816
531697681
2343198944
765311247189291008
3230388598
47059480
2444425802
474823395
273200904
326511843
2440258777
147758495
2201716106
14659447
242069220
6073442
483273973
84043985
142389870
918425318
963723824
6607712
282130842
5685812
13185042
2755899961
15045918
14136761
2865404679
176883031
2807560489
1408449174
945943164
13074042
3697013177
55229892
321666686
937467860
14923
20342875
3987527873
16211142
292832796
11518572
56033822
532115122
5662932
14118591
16047639
113125081
138518015
3247433371
1168003974
167960058
3038315286
15029001
25819761
404442001
527838270
772810470
804105624
7639702
46245868
76228303
103693215
17159981
59773247
759249
41435950
47436444
30149171
376618837
318466467
229564414
21172531
374659701
249475308
247943631
9464552
16608649
189416211
349324792
12968022
9286242
1556664198
54261985
2167059661
395367768
314708384
19238958
1898653928
94276164
705253482
2413997304
277401500
214653213
1305940272
2254561
621111679
2087371
188423774
17132311
335145634
2501973295
495425905
782325
170165198
163999320
44425357
148927605
14344469
17522755
316842679
22674817
1289933419
347276428
57187580
14109167
988019876
11962252
768197780
944231
296003222
927719042
745320876
1666038950
14139432
53893339
14875983
401668716
29739700
804915763
245217900
176024190
787765068
37665322
991600273
41215558
14515931
14323791
252791434
1422112988
227263552
419639256
19968025
184543773
20963651
12448992
377578645
229638179
17638298
1237502864
248507370
18463930
14521062
139199975
898691
20478716
617243
222234018
14162706
271767796
405033226
14337485
765548
24228154
372760774
490203158
210520672
840171
6146692
1098742782
16629477
160877807
19420947
88764812
551600672
14589654
707254393
40854900
5849202
14632640
15626406
12984852
1833561
4339911
262130711
49583073
7288362
185716178
14313383
189172089
43593
14226594
53560219
14892191
19843630
277792348
14977851
62533
14678973
37149113
216659971
34677653
16227629
248883268
97582853
19042414
23377640
39010299
153815481
282815200
484416898
13334762
10012402
183575679
14245811
15137538
24961156
19767193
342250615
103004948
299808198
11178672
220139885
22723307
17396170
15154811
34540379
235261861
69133574
105529826
