2945094669
2366811
1740241
288292405
37687283
22749476
1183719898251513856
2342544476
2852139421
14109738
26125697
504550603
856231903933935616
515252450
1070053705934929925
709702331412176896
1340011
1487030216
336012502
829095470873997317
12786782
237735229
130763650
1098519085
27965538
1464967884
21423768
21594615
1073388199
1138162729984937984
15788807
2176193024
974565961947852800
10339172
784011134
119048849
1217558172929380352
835174698623336448
346755394
11197942
86950344
176964489
219078550
1204057117654736897
1085576172644253704
19491190
546941531
4910809053
38652138
751132099927736320
30183567
141612227
144817179
6496232
68058537
1206584349874933760
374392774
2801571
16064715
724210683076837377
916349221455974402
839056537897340928
1194692773
1004457196053286912
87671968
831398755920445440
2321143548
32204953
29023908
1124753351869181952
526584444
29441962
41566604
18565111
1104547601880436736
18902835
14443226
3405598630
2347475803
708285607391395841
404150867
210056653
851719939564216320
195308734
761586390
876620772
1583285791
3816567737
258921352
862942478495830016
13691922
114315370
870566128346697728
381187236
1085301763710861314
905505009667846144
476152894
27938182
2230417592
15589213
2697715281
339212570
10287362
36808756
35868025
1116759067391868928
167323940
1150505682
189118361
14339561
16863718
1975285172
17066195
132712308
113242685
1132895554822758400
3370776527
36668727
600009996
263309165
972586638
74544023
2154663805
1144606188136554496
3131659378
19344531
15724284
723304494092578816
4089191675
23566038
224201222
1038689885933068288
1113041587
31805620
2507148584
196481854
77537105
2396647867
123543103
76228303
297697561
4542932414
765305590746722304
3547763955
3092104835
10809412
1610236513
37180418
192986664
22132611
87186038
448027561
1318667796
150664007
19498272
22387802
2250672398
23301217
53798973
19487837
554624483
271081057
2192310899
37073052
946282298
101322105
64759160
14715281
2803964631
3309228695
97267781
987640725465690112
522519631
4856696193
47438273
3431414189
491821358
134448403
257842996
935097336220528642
1436973182
796706034144411648
856058012930330624
2793669115
14174091
120530290
51848919
6603532
3056102787
30009655
37661844
1255223221
15315247
293983295
723156494192005120
15442853
85165134
834290305
7817142
2617158012
4877835874
14927204
978978827736100864
165698292
390267709
3001601819
17581976
520685404
14699038
14622002
2162455190
239139589
18640560
82467442
727338733423464448
3930790824
19995467
80533749
128295889
1958390815
61548660
97700119
37717545
11322372
466083800
74747679
278486993
1315362228
1002957395264499712
1201606590
354537284
18393773
786720485384056833
334199523
48322324
1559090347
898433816
818488898418601984
1051171
1020367103948451840
1735442838
773078740201041920
17113293
4331400267
206195705
375246970
197134898
125004520
2478520050
301337589
29044361
705330458842701824
4416565011
4484386293
201907594
22653020
175282603
479890597
924310280217165824
337057085
107430967
755491015
10464182
917479132631588864
117346766
47194559
2228655612
15001779
2338333836
492678204
1366811
20733754
926853064069472256
3314751262
119455115
303670255
271026118
3060034006
1028595288
75758496
1587811886
916880534051069952
3762482423
956920380899381248
2875110016
615703
1017884120
66074283
17775715
864544333
6038402
2924766707
220145228
131935861
312757601
244199680
41570792
3032719534
853092074048147456
72814308
817083
2586997621
384451136
2515659098
181363
1001619098
956108307210604545
103333587
842664976150138880
950580958524203008
127243805
881520302404063232
279067744
14411072
556633549
242069220
4348449927
930043455459512320
402173510
11069152
3562121415
301875687
297382140
16649457
110836127
82435291
215663375
22199970
739626641450635265
509981951
806885844925693953
183413731
2788911124
28117557
707602994351710209
1458271
6857962
12524622
27500837
304853516
99973385
866578545421807616
65375759
15647878
897889083170672642
304067888
88619737
1104125395
86723013
1540951016
108910958
2693271662
227285080
1657141039
3244820780
16195169
2318984245
300209271
6468662
14637220
3243283656
793795
8942382
25103
14164724
563019316
9526722
43576419
69116004
365550734
2351990034
2950811
816205517467041792
2819200876
2759769840
23457581
62513246
216666190
572922159
4273224434
867312279355871234
18805886
6320592
122083764
816655531754582018
3985725207
82337802
875203489
87416442
24630350
223422672
14414286
2909731000
87162538
2217099931
705467790971551744
14089418
3675212775
133650863
1595809370
401773648
76960469
1483064670
7596542
17607249
225891105
1365687402
237623760
96221583
2788582668
500216123
52331565
38228764
502135911
18952106
49031173
52341962
3375167474
110686980
1872179730
2876742314
135577613
2784091693
3013746286
198444783
18551800
820234575074967553
255617445
720270559955648514
33773592
737943349538258944
232680302
349765252
370051193
7168842
17793121
14063149
534678984
615262221
871766546
26970530
46419992
14706139
321792211
34974358
9510922
2202925394
369689042
553499534
950025962
242573974
3230987777
2327881
7039892
744715785289990144
710474736
8623322
190857410
197173482
1107456895
163154809
123701085
3356531254
15540222
2874563195
247959539
2972744345
82443473
105405048
742363989670252545
1907067450
18983429
215573269
66733922
968881477
4727899720
176444493
3694615216
52806847
4234910614
717654410
2210728777
2992552550
9190222
4851601
123695829
18404135
393655960
813333008
367089411
3303591629
6146692
46818280
17625281
28096610
3935242347
21500149
2247858446
14457722
34270684
475005698
323355503
174745441
3147458090
7861312
1183041
257765996
448708743
4519121
916031611
2978661890
80790466
197421974
4829487063
4813163319
175624200
7753922
216348755
25183606
22475085
4625687418
532923
17693837
168619698
19026624
2279217091
180711631
14389093
203850561
1968716382
3389342548
12241752
1402970214
17198118
217505532
129606848
272899356
14399709
2134501
17534607
460451827
16100710
35432643
29255412
123323498
3677527816
8526432
3981786520
2910561818
48552048
3265916588
18505708
9315152
14908513
3386281
14087951
51949109
851310782
24672525
600029236
119320460
76027241
122005555
12844902
410818472
15662622
768679872
19589928
64839451
14993649
3197518417
624587421
499915730
304185486
3189534807
15636329
2471892335
8099802
2903215116
13767622
1904819498
15692193
2317351705
316389142
5697222
70345946
83820831
106263
262841395
20548805
16779597
1352605296
153837307
11801232
17437184
354406010
265920769
270897236
151944204
119086234
815958726
986280811
145999196
19411223
34577688
7713272
167793781
2958823554
290549888
18022416
30968081
9533042
440954376
125027291
499839963
932830106
14615235
4152371
104894644
425982453
1128550574
72608550
2794142721
321992490
437660451
460033517
2317524115
124566161
686803
170686450
760222838
376302887
2709152000
204822873
207617689
10127592
125190426
70991808
2946551074
215167313
542819818
279049799
2436389418
1408635523
161837944
18136606
14904098
31120708
2917255793
9973082
76890772
415062151
33555847
35707849
2167343042
30245029
82572925
384409374
2811067237
29179424
72666604
18639663
492648852
117100379
54932564
945911
58708498
459275531
620654544
15804774
239085423
18759761
203530201
77502415
104789431
7607262
1196549665
47348084
668423
69424452
895690332
245791885
472291315
2279752316
415704821
46130870
2426422297
497617437
1819511
1464749744
14509547
1566463268
106086334
564919357
5896262
140108433
764166
159161738
288719718
35705169
14272162
56992811
106120778
15608761
6619162
571273712
729293287
6467822
217829531
912733502
633
575229245
1241454859
14659447
56341402
1894231788
152960976
34570753
15102669
116063765
240029164
521347279
21179585
1387915232
1345575206
268227446
988320878
42113624
14335498
311880926
2307268194
20637708
519617982
752673
89296952
37406217
43593
19951439
14304681
135210800
101198215
25805235
214062910
74435134
835494236
87419607
17960561
193331992
73722679
897858440
23779644
15842878
280680758
432665924
85828063
191543637
201387157
14322017
119324419
157304672
1652884033
260775060
289032867
22749856
163123424
507180522
203871402
147190986
1598458093
55886140
14294423
18882423
134805674
1394749050
1549209552
