1333418270
15341093
88918741
2154127088
1108823567209324545
1240365773232705537
909891288891363330
2645602164
27093057
1166014704592052225
356788303
46446811
1041982558236536833
815496014
800311469703188480
1121451183946850304
1593388224
592638286
102659003
2763100916
330105456
3695995941
238344535
252319802
88997945
155314214
2200431995
74287341
1174955738
17724276
1228074423397150720
829881163472916481
4149568765
55193709
12189792
45536518
2563532985
1185331778355109888
19836477
30284263
4874289952
18136606
21594615
1073388199
130763650
1019899983942897664
3435395447
1206584349874933760
1000160267282583553
6146692
2775356397
48297189
987342437927485442
2155601234
837601134353096704
1220272010674278401
462852499
2238902785
2865100348
243878865
109280960
801844764438106112
15813928
701132916949196800
973955318987210752
582984317
364756327
874658829891448832
10680142
73116112
48475562
4504881562
1624102081
4142859448
1640814270
2841293728
708266384111833088
1046815660238675969
74897002
1141279096065929216
94594648
381187236
19336166
63721642
1176871559509749765
2201714099
3228552281
10492052
1936979389
799830497065050112
78969930
2304941706
3245220909
925499999131258881
1202683638308950017
2767488183
1032718070580736001
46140964
218963089
223416400
1151069941
81325119
14397927
3409898008
1200424296792895488
237356134
2444384845
70736359
715954493477818368
882652795194814468
1082515247582322688
19788990
112475924
3370847157
2967402199
16219082
1096083931
2209123057
14310162
122451753
750554018
161998960
3152204074
1037782159078187011
36241332
1123226156105457665
2429090382
303343906
49031173
14981648
3356531254
34960648
27686902
913496089835315201
2268132517
873838297
1165469989
470613803
748228879333138432
1015706109255053317
1186615580134125569
1049968858893836291
230323312
748523149323571200
2308237212
848162931162394625
468865310
438777477
34540379
865339383200702465
1018819021318316032
2281964312
136301916
783621388728950785
974281766080077824
526871737
152684914
1160273444589621249
1288758828
4173347475
91112777
15987295
1125127229585932288
1514365212
221812821
95205463
75249390
790916921084538881
1130467889260236800
1015890234939269120
3815795716
317954238
1037232154399440897
45589767
784809182654595073
49921739
767323848161320965
917479132631588864
1891806212
830449203872727040
3918758123
2659902458
34317032
2251623492
1054843460694482944
3955739373
587020241
17196768
3186124933
271960231
745085457646526465
76757597
2533762520
545556696
105629316
857270081520230400
21436960
884452435414134785
26111618
2178524557
223144852
48945530
4834898643
512563003
1041721336815673344
423693990
1960900268
231907632
3068961197
14655671
854581958
977080474467209216
885953601067208705
467551928
72395540
612473
1732246500
417804422
556178124
460245667
37888646
241358021
249591473
756595749102743555
1271916638
67529128
4696499953
1131181688
43716775
248608367
48289662
2283272032
1289933419
1337348780
20444488
339322327
620216641
823277120944242689
587743954
62963714
177944354
1109809482656149504
76890772
79741133
2876742314
245761665
1006419421244678144
201831075
201189735
2384327556
912041989373177856
254107028
383666513
1155528042133016576
587662997
66773314
48463418
1098519085
636216638
224715866
1663191577
115494880
93453629
768197780
1127725398245150726
4519121
410380828
865622395
68746721
50105908
1267598252
2933808771
3707407575
2249045844
544289050
314171681
118983660
230492604
933084565895286786
423109364
132430810
20904490
329809201
244991150
32546966
17463923
192942213
4159357359
63873759
839501726738755584
775449094739197953
128683047
797433864
307526089
4884656331
1095343135444611072
54886635
14872837
888706303
2460368252
88273299
242313848
951780633038262272
2827051945
15229219
256890931
70464585
90696553
18717503
163573983
16130330
2243527633
3387297904
336490122
20097304
963764763925893122
1117056999127179265
472076206
268535778
933826478038544384
278506592
3096674704
4127289801
13074042
897861037
1502429466
145784826
1614057440
30220394
471550563
15000857
78852440
2813168019
412043690
91815273
33773592
39005137
20608701
457741510
3906355332
3890570283
732141019114930176
74697858
3433407383
141376289
91143053
16033120
52053878
244881610
26788424
3153541647
526226529
166957907
499217591
2152462687
329705105
331228486
757833026
442980327
13800042
174312391
460389973
567350594
2274274363
72030668
112717746
1061375141274439685
17234452
1556664198
268360184
4285225157
1283150444
883231975280128000
851477315452370946
18881614
94818435
30034124
1118253363899064320
3153601042
15234407
2806917771
196802757
839104540985151490
933451334778580995
1482462144
3432110746
2326770757
2339973661
916783885
92522167
5402612
11348282
