3023764651
390702143
1224149179
313489831
35209610
1230950241202995202
914725005476409344
1018459979047624710
716348353915686912
5694952
1227090939518144513
1220346971178721280
169791252
3289153303
33559121
803146839847383040
883178401149747202
14826965
3181020308
294341225
413590075
992843356777668608
4471304655
47873024
3311798414
297505251
1653462312
2161051908
199238295
887600911270412288
2341983804
3424878503
906300286565863424
905313652764495872
6140222
63819362
890634172716527616
104115428
953304055337668608
3089064236
14599035
2582955472
905097033157148672
1079791187932921856
386505090
280477264
110198955
52393154
4759631
937227324994588672
12160
85556721
892943944329428992
1174982905728249856
709644992
19341814
20956852
763710750
3061835732
980415343805026304
1240970252
735414272835112961
283672538
838471076921413634
535340815
517805137
14706299
1041729683413524480
1067926271856766976
1130817038723801090
1205253161168121857
272350372
36183930
1066962987276103681
33435210
727128631617552385
19040598
90407034
14372143
745273
173630577
52593
14929587
1019393831622541312
1666146288
384600736
3367725615
1259049482
1156182287412862976
10840182
85468299
231401011
62963
361824665
409332669
1510265586
760083525676785664
182956157
18117814
194496053
64710706
3325481026
134447383
1105181532510134272
70758310
2230411747
60321202
840479486089019392
957082419424841728
5991112
919966028
114241706
407937904
321335640
50667433
910060719701397504
741924913032880128
2380003249
784788842733862912
1003551654740971520
1128452702470459392
63396794
214828389
583525034
26603208
4578169469
91608548
14685808
2887810253
604978737
1198453812710662145
32250872
1169731136
1005225660577648640
30810316
38303040
2208027565
161419043
632108356
10272102
62271966
2850738598
925086001873260544
96179624
851792906000228352
44900147
267925626
60186333
298641701
299514068
772076964849061888
3109896043
17384730
16541865
766247875
1115892229799858180
904236784921583617
338716815
4580118499
14407678
278149083
384780337
34489832
545208606
221033500
956875477280370690
36919698
627403659
109324622
1336231
1363956020
2524586282
14139773
14698489
1114097001841532928
12
286106104
27689985
1190726565073522694
26900242
820367095120547841
345195177
375890949
779373961951973377
567873220
15374525
2735246778
26690134
39464268
1544151102
17755912
1167991472068497408
1943363076
78920858
806598100764807170
1401671882
379879747
953978469049913344
265214975
3111214222
967307914657521664
120143909
804504276143902720
2489717966
1671573488
27505432
129164282
43080149
1510120058
3062435745
564919357
1582931312
1283018136
1172750796
498631199
543161612
3312805083
741518031822544901
3290901063
2974567931
810227672303300608
14407919
36298921
13929512
2862241270
36317552
582628160
5637652
315023242
244667129
2813531
11840082
12404822
143387119
14226969
14422868
378546508
14683515
808192025027743744
14454642
3345483379
23554268
239905788
2195724427
326511843
1116801565
17589614
14057543
14660297
267520458
74505273
1157972928354488320
1074741266561294336
1165897268756713472
262484988
2209946833
1169419862202040320
933046333
1091303025078001664
1074113707188383744
1111339176
1028595288
815246
2451223458
18022416
4686835494
15540222
2966585797
4847174595
722682203889614848
2169100095
342613597
933990392
623467710
1136566956
2426169308
35455100
33473850
47181372
848511075935039492
1943578656
829651960529899520
1615618795
15501789
166282004
327034465
3185280620
1338480302
876408437814558724
1082167187006242817
3185038236
12609292
2655956864
1150527762488266752
1139953594071953408
11099982
1577900852
35867690
3369470109
2244340904
345673106
850107536
14130408
520283597
257765996
277724842
30968081
15687937
35432643
170686450
217505532
15692193
779415361791877120
1065725821
24353114
2589457230
18601605
903178797889019904
341541011
41095765
12069702
2339397540
723667033532018689
2312333412
10680142
2220085394
67387027
921398240
3161613761
2905756358
1101203269110693888
19790013
743924890688884736
779043676228059136
96875688
130580457
1086408846489186306
769202702991646720
8605362
5502392
918222789512912896
1835821
1617787723
700580835875909632
551527763
988463677287301120
2980633674
3561749006
200286009
3360844691
163154809
164854390
785764172
539153822
34721322
1017457913034616832
336607452
1019138353667760128
593526002
357551046
2458311870
3161141173
15578929
392021199
2882570774
88910329
827861563084328960
33948459
823966417510920192
796065415701078017
141084952
35031708
173418313
201279013
1343981898
3085601286
14637199
389214426
2946300174
2657146262
354936452
1610218182
2192808937
29422803
800128582894829570
20838959
151019660
64250985
47378988
37438197
1277160890
870546624258473984
906942472210796545
3165892880
1020924225329278976
11936592
2479995891
838702786200104960
3271725468
833746765912408064
48044014
3024185263
87929242
3297964135
355966595
52292017
17444309
98081788
949502250
514082785
13197402
216256233
29659256
99745205
432557320
74487969
375340663
355156662
2316177796
66146362
25303785
710892706
15027831
8568192
18576537
30524704
33585235
2723110706
61029469
3611199494
2420434616
1237114940
1468145246
318050600
39004239
2442817399
412133001
47355706
390478768
705041344671178752
67182352
4623626473
80232471
45883006
15148392
1455778178
14973281
3246110047
70174832
26753580
2543654328
4612087467
3456577032
4736263474
1915761794
87985999
257748385
455770405
1567869552
11164552
316291431
25807654
3249140718
102327566
3316584266
255407941
8428452
4126404797
152528607
51977727
6899022
226081826
4046577333
3043999643
61422913
3160110210
705798322854993920
237629198
33906221
4820637435
537031870
184718685
14619266
162522809
3142990184
2770395050
903248562
505973848
17061263
3309321416
2756173350
17681513
840561595
196891774
3971758516
949981322
14818188
3194999228
185260477
18474156
1491259940
3086314958
16275044
706857529024839680
3881325641
823691894
21847172
2951716706
16824146
40260335
1495222214
225667100
114894966
337655089
3966123320
1354527072
69857007
1369197961
872571290
2719349221
1640227574
813286
4096076232
804535273
4481620648
39222056
3196562196
606096799
3099495832
3172058021
548514158
310710826
1127839884
4581873028
26719771
2549674159
293363313
1139563626
594868776
3703054092
21642939
2154866642
2997910595
1909153212
2338686830
3279360552
3139749907
4898488738
15272099
17834090
1855187946
3304456235
2308830378
3892946595
3254685805
44576802
161564842
4501403901
925107882
4702971654
4689813704
701870608515256322
3224938458
43388377
20104539
170638687
234507510
153492935
237116252
190343862
3367426512
4190024009
410655053
20989192
3010220138
460004171
293630414
16896880
37448994
701283152074043393
2902717608
2157441487
17762457
22468326
144292164
275743098
33460898
1111268802
2265844551
38428104
356829244
3184891626
1240882970
3004004143
3674775314
4873590730
4370653695
4538597062
3115240757
3714596547
4159167021
1416123110
410489408
582261412
18484572
4192485735
21853808
150783722
572996924
199237859
51954151
51678162
2993092608
3962961436
2559038402
258316739
3625404672
3142944360
2350834565
18160055
146388093
19874890
1164860017
4461467416
3637741518
618355853
3066203702
3389561591
3638715260
841043215
4550093776
2279991101
746102880
71069872
835901161
14606584
16072218
35545328
981958398
65485484
4698753458
3297595130
3313478402
4017918388
4015921445
853388192
500745406
465392364
32653650
458473975
25365536
110773490
3190133282
3258752286
321188337
2841324408
15324534
1886203112
1975326434
30815748
48288456
2852597784
567354503
90507987
2552652852
2658697272
1332120774
2731279626
88614728
242384247
178960767
427680446
310833199
1400820775
289848649
29673466
166936946
3004679761
3015038141
2959458623
2967270661
407212940
936654931
14557606
115726137
616856285
2659393878
2853021162
2596102734
240861833
2556580903
221863194
103251961
97640770
394377635
2646983173
22052009
148019650
897127855
15187521
51980158
487864842
1330125584
470549472
2798686981
201188079
430238143
2923523172
235609265
2663492582
8981642
2852532642
397372168
8369572
387960451
2501462157
2995326602
2959450205
100069194
420394118
129210749
53530043
797008788
2957696370
134765301
119631079
23459160
517351929
3016392128
2992434472
2875143577
597852756
97035876
953390659
2257743104
1950104455
2483947703
40672743
42041375
3039834474
16594557
2958518466
87216785
58834608
27195990
31439292
24716475
3102104360
19458728
423673219
393231656
2650133834
224964544
204087748
2998699176
1275662162
491659287
2967295153
596642698
26695205
18552256
837421465
46608132
539757686
2494533032
1327457041
3059909610
899725700
1200345811
28177859
375288781
1001621
13334762
14880952
360434586
14172624
14427260
18472833
50613009
136887050
114284367
242897934
77288084
57031034
2271704306
132114265
538082038
1239795722
292226694
985288752
218030297
332756344
945410155
111843420
171419487
118445473
350890826
61236472
478478999
161406598
34261486
2322326551
95607088
13722332
116206071
35703128
850911008
72856915
1157784678
12904842
73448011
206110136
90892674
1700257494
1333809727
393462640
1923812754
37520258
1450719186
35417320
127429066
