1113747629282930688
1228181
40720843
39393
16892481
1167188939133739008
220218633
1081701638698663937
12868312
168738308
1053019533231841280
1049445999968743426
632883407
971416299816607745
1232754194479796230
2260927791
3063782135
159802294
370622863
964816994750140416
59923385
1370240701
87676072
113479524
42189916
977110200577642501
1233551775887712261
89648239
15117322
23185323
755208
35963991
1164144377868050432
3587404394
724796091200331777
1062349254679769088
19625601
974721
1246761908
23119057
10732752
14685751
2782441010
1169689264868585473
19053036
17503069
199205966
15854423
54870744
66003204
18994034
1024287106364059648
355446429
401773648
85556721
911314186365472768
1062484787594698753
15649735
254723435
22404558
16449273
14069393
379739061
384593740
167499429
118674790
870808687
1073610110
10313032
3236271451
4309311
343620571
4874289952
15749045
21415833
876288433
372910226
14766188
27216496
1108497725312696320
2859156683
283235753
42673587
750514308
15954702
12353522
20369398
2518723292
18150512
814624638504464385
19523855
341781521
51424636
14421746
44804066
4083531
112575146
525354563
149241891
256900512
2727774205
131833316
225938227
5994002
41885130
1691778919
1897795837
1648181738
614647318
88971381
1148624248845545472
261459831
58017706
1161434275197009921
808254542190178304
26345790
4230083566
158304790
1037342777426825216
2932738834
59949396
364462906
1709797062
950631932458684416
57502401
80159605
195459221
191122681
28552516
4763582189
4830568055
2831699765
864895356911353856
218969321
23081953
839068743313555456
2810688646
36380741
1016986247821234176
819927704850038785
641003
558119179
714367502
1269703585
283200815
131325581
124468712
2835431208
2856932848
212475110
814826774
1612233594
15688463
21594615
348416778
212114407
542659519
1057995688229957632
8568792
98575337
708012107686670336
1077174226111680512
35962650
26548315
1925802439
395367768
326034810
1401204486
701850474
1008633503272112128
881288227
13334762
11086372
326511843
4850302216
7396842
31303673
1648999932
798493552342925313
15453
16601896
911577364852805632
16635584
43113566
1098627439402631169
17213939
1051171
1073388199
76810409
1142047961779724288
659933
3696591735
116844763
91419013
985648271476580352
45988084
2254315993
1877224434
14139773
14640565
850831441315364864
932970753246539776
16663061
14733872
41077741
1108748767241621504
1463467434
8526432
398013310
94143715
15526110
986271
53890277
2694911393
9551792
903445939
14577499
153338172
354537284
957764097692651522
21500149
21361484
300114013
1901819173
176222496
1483447088
831014172829839360
57390009
4894867797
178750719
982202986985222144
3063537664
380271413
437666082
865186675177246720
30085913
1006419421244678144
1437841
50124536
1112334438
240883644
9948802
93404893
187718034
20260892
12621392
2991792054
14337341
16048894
55640070
452665966
716448209808277505
2388748394
42425069
19117046
1136993722170773505
791070237949034496
15216779
16671992
348762091
1093255184044634112
4207981
890093202090446849
5697222
450985738
1131610242687676417
17448194
1060299146546958337
394472432
82346142
28764620
371250843
477756212
4243807276
14428287
492935860
27845698
236498168
2153406957
6146692
3083612193
1084238470732754946
103369745
834931682864214017
10809412
733318062754004992
15324940
2978661890
2373889742
9286242
263008162
1104098426252218368
829369843
1066151600
14475305
14255609
49024147
1084120523154501632
94582477
18931278
15024407
602443051
753564870
23554268
212632603
20065497
1032539258584616966
41012191
19777308
6692812
1103466522381598720
19208560
1070397498135625728
259307129
43089762
24081585
4828877771
927671514
14095228
14470638
204041202
423518900
15812482
863175897712541696
938449188521758724
3344624523
227117732
9550352
1031313930734460928
43566598
24340604
953304055337668608
181421156
109086082
22050354
11547582
11589082
17757889
1732452332
936841
71009993
18410310
491821358
18681483
14459351
14306062
71341812
27083252
919915731961237505
119024524
632400406
1074753938472210433
2240075375
1100383052960854018
43084279
1001429905526149120
1052472740341538816
36093693
17513031
40291925
166583984
17122257
336024547
1118033420
966223929261031424
2152861
1541641
114758167
1039183308175941633
39054379
828202165
372731454
332018940
21441103
3153012512
623881389
463799217
7178502
87902114
21245290
724575901648822272
22199970
4045510319
25728193
1382843582
739439283606556672
994584560296964096
814488477018550272
2461810448
15764644
826443119411466240
36059202
718595376
277127810
923185100
16096508
1012790257694064640
171313785
762977153143169025
280166153
773084745152491520
3581171
307929072
15381265
871236236
4784804942
808051518242979841
813381955001679872
1016004575202086912
140202624
424425645
37586090
1064487284668551168
386538440
51848919
1962573194
1047108264637452288
31105298
15442853
72197932
958345507964796928
897905945514315777
1738571
14602130
2343198944
139544417
36995367
3122868355
19556080
1048779718143569922
400882913
3431414189
974691942469722112
373883201
32571336
295774828
711453394192437248
2310030037
554450309
500783394
863550314
1286116932
74613
30354991
937467860
5973972
49797110
3294256128
716013038936129541
971340187291848705
738018499407273984
17704908
510439248
781186153231880192
2600455345
14500623
1664496876
57771100
8428682
25274060
3383256677
130745589
216939636
272847090
827684724
44090792
851390485264519170
1629244514
816030903864557569
58560915
378333037
21758056
68746721
152030226
458647237
138203134
2967184577
743835209204916224
6830222
42469463
560302372
47106578
6078412
1061750025456369664
753545210890772482
37989702
17137628
1960907780
826443403483344896
21869925
770565248411635712
815344037033115648
892912461556453377
1064599275676606465
23242773
1033004896386203648
4922450361
705422510343507969
3119200588
946371004561010691
29915132
13558762
14130951
703006449769668609
4836529852
365927121
19682566
22788390
255656976
813381723685785602
843789242073595906
981816422719340544
2791631689
2983326473
1621503044
33773592
15411837
3301902809
329179614
430053958
820367095120547841
344177318
847526587847196672
1032902037162389505
846727576273891328
947970482
2885861469
14222871
343914216
18087434
734607508367626242
17932041
163823987
22514616
2910702842
716627597476675584
950573672
809834579104268290
799031861192380417
3296705914
1044678468783534080
16546950
3372813899
20998037
835247668490350596
819821216764727296
2817345366
1945814396
718134297291595779
724280382628175872
3295505669
14534896
14558569
16789906
80829521
23248421
2292531098
887257803555000320
36382927
721933114809823233
3096292230
7902612
911297187664949248
754758892924571648
868494619
63864212
277755944
115613297
819179056822415361
2332166840
989108282777366528
4049290978
712230163694678017
5812922
153051767
2231217210
14345566
891822528167063552
985918098921451521
24570424
121626569
3094974153
1862908212
175282603
1408142352
900253694255616001
615620588
720977496796073984
493254085
2453486485
960563855108734976
895026516496703490
64552499
870165894663503873
22594687
15141153
20639941
116020213
180283911
357606935
163070562
3250803658
173892839
19435679
2165469164
398619873
17285251
849217633681625089
6898072
610943792
985977391658012675
16487505
470986362
40102616
116177839
15146232
15841487
11264112
20050103
16184869
22666780
34648398
2596836636
25969061
138528756
43299918
876781671231750144
1630030681
31088347
2166418632
996305421320228864
384239522
4263007693
3233106586
859902784346501121
109142448
4845612279
925112851894865920
3019700087
746176831
426647087
89234904
17167599
823518894182846464
329831564
1096083931
19304217
316358335
19339083
2153461148
2919151
2461029738
569059813
2996194524
19520842
3320792903
905786336732438529
939121530457509888
2347475803
17264476
14194186
705330458842701824
240569603
154311445
1482581556
57700707
231845623
397689316
280137187
2662589857
247049916
873951288987398144
904261448519622656
843443562
726701812259151872
17990808
3184944408
284739139
2396370152
16568084
20609518
975135012814311425
749983504197443584
166644934
54317231
230369611
903315535726817282
4457919621
711367366756720640
2866905314
3305639740
553622948
613465648
830496096560480259
208001894
8281062
728372701186793474
123276494
328203
805046388153348096
793671432
2190217861
956286027072790528
204861132
2581526838
2476998830
323470523
25036292
600849073
15054246
880958460858388480
879627258083856384
503068184
4798921215
14481746
14297174
94978392
163769369
2240880722
6773532
973318568950583296
3115624582
69024637
122351683
470322853
496431982
2276448362
15808647
20746520
219865940
14813320
73061892
25734165
387213371
2643579290
277744027
864719101
776114327371776000
20923356
706500493737070593
214631288
15133577
793045442867126272
726104593692774401
1658560038
39076302
947864623
897226646230634501
813333008
151632665
66313256
2935017677
298480044
1268966016
751154245525770241
79365337
967366072998514688
246959642
7097602
873779868
746576367026790400
910315593349386241
724879660501323776
50073568
2980346895
889568914019164162
255482725
36900495
744942394005561345
965271278792904705
963675336658518016
813286
409486555
24257941
817083
1465659204
184241690
273592919
22242886
832010606861496320
307976169
63875612
17518412
9714232
742731200511528960
207458459
762851762092937218
14612142
434457570
15382499
2301956792
888211
1293051
51627206
237321112
14879896
16426333
90488576
64172365
2674871947
182366195
37049955
47804010
793738092263923712
287653838
428058083
2978031
66217615
41868331
55239732
153500398
949766054
130458492
306879348
34976180
768167061138780161
13087432
733363637264502784
1602976376
2994900854
1102321381
44867014
1455159199
998272130
928678479285153792
1284236868
343911360
16125686
1543828177
764820428
377314166
262762865
798765580224327680
763387411460157440
87989450
48843
868136400066985984
38665323
3297796751
4002309269
19212550
2800780073
9459332
312977141
400286802
20936040
190432986
732642497709670400
877824455506108416
20428729
1477727130
97174061
90459630
3239391268
14699128
11736872
1614841466
771676183448649728
2659901484
722059704
793351
2784123889
75820786
201262607
76561387
2291039762
1861128181
954590804
772820574301224960
28440787
114603415
783671907065421824
2242152776
147705206
61530307
872099922195214337
2793979000
6383562
508757799
575706953
84643611
235599885
1103966383
78975709
2841985296
15199827
232326802
1511433062
16605599
1057665338
885567489622638592
14200360
2338103157
469284593
18100336
2201580003
1218489091
224251756
85008547
22439567
290927041
3212368565
36333433
817880
162471571
39626204
1880638908
987626845
2244261270
163154809
807095
115203223
302105293
2149662469
2340462666
184450718
20594495
37390741
228112808
3299791413
2421914413
15834137
156736924
45918807
528029666
244965762
194500846
717751794
319277640
42864649
101025176
18374935
9626182
2168292931
117723
36956414
58500480
4898297081
3225488656
40996400
14615608
14471743
27756043
14372633
14225305
868872523622035457
206396204
6112082
25858695
78484153
2865007695
4358642832
14349496
8470842
431890249
14113373
153966123
18482275
1132876218
1905396733
199085909
4677281
803234558502207490
81355451
2850760222
686803
348127618
117461350
23072572
836346930410172416
738988453568749569
15497928
210577208
15759655
2759769840
14981816
138173132
15930040
848293878608388098
14847201
327026460
21026937
255939300
477040241
1219791319
199922518
167424003
773117310357741568
703250627929878529
831442882410246145
89627205
3382
76966092
1621587554
2362618909
16539459
235161388
744918288
1138301522
14137772
1704407930
113419064
3033453928
30364057
289382165
6603532
17006157
409332669
17037880
15672198
161667651
26716203
378963913
2591523722
720946653730074625
772026852
3920658198
15518172
3728814819
1333953410
120491426
36711363
46700655
237845487
20711189
3657465377
124036182
731193030556946434
435193181
2960844881
36354891
940957886
16484216
18959885
17170196
718032622463619072
408912987
67430296
61233
1157858503
19109125
4196983835
13393052
248651712
71875314
149239185
217753267
294087232
14065010
115614016
57475732
330204570
252048752
2292633427
411299382
31141581
68119671
3115053970
30288951
19629753
181269400
724241930532560897
770400481965408256
758370024
3214254467
410813817
145690753
316589445
15682551
64734371
248563108
14375294
37599351
14796095
794198
115507741
18505708
3341956413
1337085834
16600574
49677747
375935537
14650670
701764742768173056
511679201
32428328
146355328
3308375122
742414550650195968
16465246
1361755363
558020804
899506260
149520545
20781189
428627375
137989102
2381953868
14962753
26540132
285428413
20546397
16884473
1281151159
160952087
48701108
3331005243
93939491
739414882387406849
1436241619
35184606
53492426
712364655457509378
29237960
2816602845
3428767390
261778863
759013540162260997
101651775
2400904969
3129591
239894588
14164724
14148308
2792490528
48428463
86974607
533539874
70345946
34285732
22467205
2865872937
730315266173849600
505814412
278285879
1615587182
2445195894
811017590
44451678
182345243
62513246
1224905630
2499306079
2986497178
6549332
30509212
33469644
1339835893
3261014688
3097347041
243267961
47378354
67288902
200818701
58876222
14652753
3247745341
971846516
229237555
116856931
9431062
3145160217
124007436
370427386
713238444600897536
211475021
396238794
25458567
3004083027
18559099
3742093696
3141835983
21464309
46744742
3404656924
151130284
544487709
2353798794
119939335
139332669
4275637054
3303170874
869798892
130198324
9821722
2366265092
32330308
2974701677
3922318691
1241075528
32675483
14305589
15004019
817378958
3024636477
57911914
292517299
1967690522
95477106
57156220
3373883891
2998834391
