2175819108
1001742770367815680
1183761283226701825
1643934410
1070053705934929925
828651467061993472
1131631646317400064
1219994550330122241
1949534095
3363764679
974565961947852800
15001592
201402940
1004361017789427712
74987950
17024837
981602611
277007578
2331747024
1004043007551791104
596203049
184369744
371987072
2808352396
26203847
505048458
2559450028
1675857618
32947331
2886975899
704797095933292544
839785614681772033
31278412
19272669
870566128346697728
979432003736145920
1073388199
249154204
42613430
2679149100
21594615
553949286
176906206
3301582463
1124753351869181952
1217134710524129280
538993713
854626065276440576
355463911
1397074568
18425702
3343852672
461957277
6226732
1859544331
905074839702167552
1002277245522726912
2281964312
136301916
1700442746
390267709
1026880194957725703
15378754
879782073329790976
722041069005881344
23292029
966628995738595329
2358779878
93567698
273835206
962983745983827968
3017412700
1169182859996930048
958017385021231104
4548581301
154611570
473979427
1191850125511004162
2863652331
2163266288
1283600144
168997901
1209049804879409152
157379965
177507079
75062236
918545378491949056
1133708068657799168
1150557637601157120
500699511
1267772659
1036688988751450114
42266314
1206584349874933760
233505453
381552918
1413437095
2810286390
19408955
60747383
1043509790759182337
915491447239053312
150225993
1954046946
76723819
169584722
930728563841617920
884748397554610176
4869389381
11354582
3309228695
17623957
19619047
7615572
863690329542844416
540719146
809531363091251204
2787508711
131935861
337791986
1713669692
910568148717490178
1068355309
334107188
827163075396718593
4133289784
61187150
61758702
1927411670
30923760
1365971
939976310096629761
55458502
802025095
840635809376145409
720979091785195520
191064381
270466967
838407662152843264
835240195
22461446
49358588
112406349
843953503
2373537409
5478002
356820490
30677296
41832447
68974666
13706042
1166339641890476033
720314127420227585
1012406670348247040
65375759
46444336
1030915976131477506
538285083
1176434369579364352
790089560
1116774489096953856
15200228
2927227279
2290882861
256472239
1019935101231206400
857892205268172800
21626432
236550683
14688396
48382538
21101201
3177672608
802184455934906368
2278961311
720900150131089408
1019974187975430144
239771598
1061288719678889984
941864971
3405598630
834011859418230784
265029238
758952056224747520
413982164
1133741934852358145
1178698290679951360
1068968430
42609715
2726490164
2830198794
3251307802
1354448330
4104540177
562108502
19742873
1097994112161275904
1015308534
106236526
35304741
1086229664824262656
1044848931128193024
1124662059726143490
162998457
3121835403
558730532
3404241393
4783232834
704945149693054976
66804635
1289962026
42914038
17818096
14186191
734717304316006400
133040246
736140393260142593
716551711
1331528174
88732305
4832430190
125604015
944932823286403073
1004699637507411970
19752773
14979635
94131301
18114895
1050698127932571648
1541311
2319999667
3118623333
233251684
3436812551
16011644
262671176
161688302
39822897
1723345232
1467218586
2087371
2979604330
61611310
498940502
1069494138
159881051
14109738
553804358
11488352
3166138053
542039722
14145371
254201259
255566048
404946566
359219686
3362355851
19968025
840618056678293504
1921056745
965878544638382080
128219928
1029050238332358656
1048495051796635648
857667179298402304
228767187
299680972
1009066327338872832
1143465063581474816
433747438
3274663987
1047531642825441281
52524786
15460048
93638743
375011967
567200458
1113041587
133631433
2855822252
750187715887558656
86513270
280941116
452889812
1105569721964023809
2914605289
196615144
267834923
2410867260
1099000195881275393
572882432
17989876
1109940137872510976
392834323
860416675
851928439
115721324
19251811
164700688
906075112683732992
4446111201
588271226
2852139421
3436070188
86020809
1605874532
2337217035
1900876892
23758472
493994078
143039863
766221858777788416
17018765
2861520259
311363131
1040314190202847237
738410258494722048
268384288
254671490
3830097076
198444783
130557995
29117741
219152305
339703419
268227446
16404772
952853219880906753
914522034
237845532
238848438
2811452385
6392122
1829611926
2976867587
1081258955391885312
34974358
20835650
432520346
123038255
31397603
627467144
838526783049826304
83405720
1088388550243086339
633962015
478599072
4589785455
481192255
115100327
68386544
1132954384533524480
23623046
20034656
700534693
43501210
19488004
1205556408
3377371384
39308711
791201715425017856
285239924
1113812510380122113
4316593949
3088837744
3293793898
2517782641
16123945
1179708733
437479436
30331417
333442035
49976458
367137641
308473429
906949469551415297
910629895
2444074032
134960157
3667541716
1041785194095816704
784078
1344920426
2388541896
109613064
77537105
2170762054
3304568028
858386829590102016
3435564693
34227622
227675796
936477998
22757392
256499057
955430545277800448
2924611010
756124634186125316
58768691
2910985588
21287088
2668805948
930049491159351299
2822335687
10287362
480412684
2673970826
487593469
1054732250917552135
163012994
127461838
18668026
134216444
380619311
611540898
3433899562
15892325
4273813048
550466122
720673267728515072
1223744814
611765751
118747590
930794041754750978
1565685056
742480851515084800
1006935393906909187
148080685
602885148
1176519156
707835674150490113
160648011
892073328
4869682847
2907867922
262613912
232544167
861183998315417600
578189188
2850651695
99973385
935097336220528642
1017884120
2607163646
777849247744028673
1051171
3131659378
14861745
14706139
16856928
804247468745625604
21474404
74747679
2881587873
852232885956476933
309810029
59752956
851719939564216320
4524257727
329769348
1459711238
1257618596
124512591
782664314112974849
571833112
2437074698
775318673527537664
4427656120
117345550
522375425
76960469
832618647600246785
979638495709974528
2841271402
841125284468293632
881520302404063232
351144411
961309400018440193
428950383
2966395215
107430967
11015582
1031153870196690944
14174091
55319524
3891160775
89962372
1045328057505120256
4877835874
781222576014123008
745569746188402688
17336551
24548977
1059910309987696640
424461303
384213142
49599937
352755998
978692188480655361
3687106701
1381404619
2272875554
3010737861
557723910
17233
755735183534546944
492648852
4189512027
16004228
12786782
29699004
509981951
928272210321596417
211516840
340558910
1857611167
117346766
22276825
794465981628293121
34118452
736113730191265792
569206063
1894653906
50589015
2881710161
194256981
23457581
1074388995633831941
1036987672974315520
846448257689628672
154095684
776579144062799872
4860492721
2773565144
765849247262633984
63433
1060699163719950336
17490090
763724066419249152
393321306
14089418
18165988
47194559
724587999900635136
755177648607924226
17066195
203530201
2230400479
47900226
210950206
252959053
526632864
87567632
556633549
239512905
2153873249
15294618
707878128643874816
841874899442511872
112503955
19995467
1008641593568563200
708915428454576128
288078578
82967815
1036964860012240902
132712308
1253761873
1146421368
1252385028
56107736
926368503191531520
856058012930330624
25548418
61548660
875203489
264162545
297508246
1377730051
3306527433
835526713144664064
920630539148845056
777513830725390336
701022607
270527418
857179605689565185
75041621
2929742020
68424173
23467113
2779857523
860034160366432256
909763554508754945
1711281463
829243809687015424
7858412
2413071554
187512368
1002957395264499712
274944090
14581770
18230705
928444328
2430230107
203825050
102659003
15880342
839839438909890561
2204263431
917479132631588864
4008771
8104332
4068347835
577930490
800038688180801536
2788582668
994655995
89784381
50810156
1537533847
14600138
866712553405206530
417860399
750701347373219841
2594886978
19920203
3224063257
732649152807469056
268192461
87416442
2307268194
747356267035922432
844846006894178304
8847692
284455405
10620912
253272898
2867382784
916031611
192108150
2611699477
1530470754
399310622
14111299
25570572
893318736
23608431
98890966
78068340
16404688
6404952
48037018
4348934656
744138866039328772
113462371
205172946
924974027118084096
33252613
33639255
207534677
2151194318
2471892335
555754117
161539292
69303357
76890772
716680449939087360
778591837154148353
875233780180582400
145429044
722117494899679232
916349221455974402
12612342
3233484298
923838177844047872
928022995964190720
2854666933
89689981
628446994
1343858064
593633883
2498889870
3059409604
3684500895
85362553
864107368203919361
1004989524534091776
3942597494
704746805934858240
4892092115
6146692
6038402
3407221559
125648262
102115921
14964264
958271706531008512
727531983434194944
830052528
856231903933935616
4716205469
45396158
36668727
2166764652
2395114790
223784984
62055977
201907594
448708743
3762482423
150590236
884750300732588033
799250488189485057
122451753
108692787
961902784957227008
1961369622
890515110
14600742
2803929450
6987952
790585172370522113
17808151
3942329907
14164711
148439773
935129969373667328
172460834
910574203274973188
2457192423
838747646403702784
2330554314
757676828664422401
19878092
3898598357
725455076
360704089
1965099246
23746829
633
846257395923931136
3297325026
38652138
24517015
1142767441
293931798
18113460
2536466947
2429090382
5135
8675642
270227275
19502369
2903713984
64503250
519912830
15125180
19386108
67063351
54506857
2609656656
17013577
537473601
189462482
23457312
912714675992834048
32394550
349895073
75512362
725601342
267216936
800044778901618688
2100681
4339911
695043
198446818
124165079
930043455459512320
283133146
312724319
623005261
112103858
1067656956
288335374
270875505
844246819
278067602
3352959635
2227089183
3058460055
1017429942
1223986044
1548116923
3320501925
384867507
125002265
357916553
759132295290843136
725254180080902144
4612412056
16109690
191553947
25817527
305696535
743394588082180096
3519765374
935023920658419712
233508798
55632244
913331181646729216
122063781
1710319735
111305300
310294423
2451234991
201856958
390412696
72344638
2196680173
3871826339
1581770840
594278352
7040032
253647205
227440457
553499534
90649952
2819200876
75234792
2788976001
534255106
370227242
63508984
756497632269336577
501968170
5878332
252039125
581044847
20602411
15417945
3352920641
243118371
3300885028
787998047104106496
2907774137
33555847
228858106
413243692
2578386223
3310051840
1230868171
2807875771
1431049680
1682987059
2169130177
96666224
201833102
342582067
252968164
2170970564
299814094
522519631
2626615537
209634483
4782409576
922392174708305921
101474181
1599089623
91159914
97267781
110836127
20402762
46243602
174453700
127963164
111464203
136400506
17242884
1281615150
525509345
104437578
2974817823
746166074
1859194130
39080481
146413050
211443137
19648567
489170753
75042924
2842044495
194136698
191038935
36630982
2527502816
163781066
282130842
470225279
2288392134
768203167951572992
1709568937
3246167362
3578710817
3404632912
750640908329254912
15399031
56680070
200502746
103920270
4106090638
2523165535
8942382
1970862457
1835951
3912691
1595809370
813333008
190857410
239761798
21407531
59747041
2600485038
1076691588
843271712
799017926141550598
23751864
303687748
17406425
849211091016179712
402173510
723968170239905793
116568685
564919357
59216601
71269573
2230218102
2415367669
3314904071
3998990952
6490642
2749534722
84572266
2611871510
252761153
14328463
76824174
13074042
222865265
4003812973
52695559
370348072
826168640118546433
1417317098
6467822
122083764
217829531
492025505
782861425614131200
781729869155725312
18028040
1410706338
86931439
14345141
573869518
21664207
1109490079
56812711
15516583
2988080248
4098544215
1510981123
978990458
1598458093
9190222
13691922
897889083170672642
2474993466
285019665
6686242
18264020
60385618
68312086
15273509
798887942194348032
1908563642
867312279355871234
265873845
607198443
26377024
16143226
888530046
2339814349
1938296173
4053376048
3125154047
216130493
712724734211919873
50383512
397429327
610163202
9901482
470994641
3039543321
44046272
36584651
15655137
3160587607
14308843
373542836
91844423
700692821091549185
1205884376
2172669291
30086782
2438236513
2435990070
845561773
17930213
25375772
15156181
3395672289
338887661
84339363
756749587566759936
3087688726
259826721
2687790696
185128725
520773716
2564985386
4112496291
57320656
716088020
14100759
2318979729
3240707753
912733502
523827823
113522520
3381411275
69424452
2279217091
2306534791
6811972
2735636058
216922906
224465780
4098072915
270029764
850033694962323457
2789460031
783356145670852608
794914004577689600
702203186178723840
848658576394657792
1089995149
789594812219527168
840886736213426176
3314775459
106086334
394137353
3147458090
1029063553
84547217
259716338
562916499
556830435
785426527513088000
2801902244
62757409
1663172653
11261862
302262491
2853425710
27659754
596276539
8273852
3985725207
490312025
289032867
105530526
144174793
814151081110470656
14563794
1469283758
705467790971551744
484895837
195361298
51271746
111420648
48673
798297731961913344
819928370481917956
471521945
778545626464325632
1332287364
712986742664597504
152499333
21634261
825485085508005888
1229757158
2911549265
16171911
36853217
52341962
117059617
2711729874
1583899302
795700584976449538
169860894
2154859488
725301031148638209
14435477
17718648
25703196
165127714
724677428669472769
2834893438
385581690
256212268
9104202
22963112
210440710
2153214900
1958390815
60309533
1111103300
1262134932
477630297
4656625635
348082699
22749856
55418811
776451378172616704
74842721
15843898
15181766
18136606
120166541
3230388598
66025575
2805922348
13499622
53560219
562147775
4876850351
742101822039412736
720270559955648514
90134755
50695200
185587555
21744044
20858993
50808619
37776945
7727152
51138534
2418365564
2342620190
2434187744
758314794982187009
4924500850
246525680
763715
105815536
8623322
16100710
64839451
1482692473
57313024
946525771
231374928
1065404058
242573974
352806502
8207832
1095670098
222548545
77294800
607918288
568474353
1549209552
23913983
68371654
727068950379528192
251951780
300842983
57212601
90828164
20607698
556740689
60941013
3303591629
1153622263
14580756
9010972
288719718
3087234977
2571437377
212179973
16592723
68673994
316389142
2983295300
49783304
742363989670252545
23599962
1125735930
170665488
2605644583
296376404
2199230268
47316108
425251585
719881347687387138
411546549
347276428
14109167
152862026
72608550
849173666
8352352
17896057
22437518
2887134689
3291148247
3400161376
3869647032
243404150
34188933
109145236
35295295
70345946
14157530
582282558
4157344036
11425292
494458974
475950107
117391268
2545665439
2905389873
3293490584
319546011
350424151
17462723
180298000
84051593
2991697611
1281526188
2748576704
327242014
1873322353
3317679270
434968866
705800166867996672
710106109676281857
3300443513
372735769
210668986
408391009
2202925394
914895181
168657062
808144
123631487
119401334
15820771
203487822
380286941
130763650
702437911317364736
1079198221
279390084
1080766632
14389093
79749280
270190735
16234881
396758238
45832102
316731443
1163273372
12288082
62747302
16106686
4842897833
115644565
2297752013
4622629702
4825329653
2189500394
3356531254
435681893
82443473
16143105
17534607
4829487063
2994336675
12781822
309758160
16171013
24672525
185383
460033517
297626682
105405048
160224502
11062822
2801571
203179006
213371644
553646955
604765133
744713324
1917674971
2296481587
242700854
3677193269
131248550
321321858
260682807
380325553
160862458
391344693
151818792
1688883667
90827141
6524592
259430988
42386575
2182687242
330242700
2336945280
562172489
146795721
403739066
521347279
1617603914
104432866
1860471
75772898
1700992040
3450152620
14304681
34255428
297890559
34222502
14351166
18957805
130518385
19826509
50769684
15921550
47438273
7362432
22474421
978299275
17485333
1879468279
16448704
14316077
1028216034
218833730
2273150478
2258900449
1387915232
1345575206
3227966728
804198890
135210800
14905766
1258165561
241148344
293395401
14099831
2414532403
1314986036
2406883285
2427128569
976063483
491502015
50182356
1728826350
501132767
269982582
49359013
260022048
191419526
812520864
2508505369
700723363
1565403014
83156671
85119450
528764013
246860333
14403154
321992490
494228041
989009834
2450032548
420930609
1137911114
17354555
2985723909
1954460803
24156835
182857317
15534921
16912365
47369265
1020311
184686082
2340699980
135270566
91927275
2363506767
2883111646
6825792
2491151424
472841566
66942912
80522740
25300546
68145811
108569819
2312674797
1894231788
34893953
9066572
2791578158
11341982
538097725
487656961
180711631
823625732
1098952454
988320878
1203988381
507180522
134805674
1565623927
2547686708
405518732
119876466
2367552985
2578087086
1269163838
182768031
148379431
321792211
2318577116
2282544230
352332119
1011157610
1900755600
2543312586
87419607
5637422
13920172
221510878
411052030
187564766
313405137
126018468
15364747
6693732
127974893
47303331
166689991
377840296
373476757
39540243
179890923
13598262
14221013
232713938
18633957
241732987
838286762
442305089
13091942
90597692
21077337
425090604
166971267
15175262
17710984
1006473096
586530881
569381008
1147642628
195457898
376326490
443543241
1721447174
2350163684
558488674
835494236
17960561
21084111
132567212
264754437
8167952
76027241
51468468
465929514
381289719
108688147
18871681
15143952
46419992
490859822
1139527094
17674955
153158056
89894871
2297603204
196707416
308954366
40643138
87671968
324960167
80790466
24748438
2288595192
304513719
1401636146
22028539
522415380
1090183062
1968716382
145687163
376029783
408032415
607574716
2231260064
336161339
314441858
20660144
418153771
17315799
150993366
288949574
395953014
130530714
18939538
297384096
240029164
728820204
141120082
90549534
15159154
1324964672
5215
49319793
2219566002
279223993
1312223208
22940460
308648580
305454672
1464967884
2327881
50122046
77436748
96379272
287583214
55711368
17214580
14898705
8099802
15248437
2067201
993641882
839285030
481937787
91539596
1652884033
40667683
1622690198
15233333
139999000
6141832
373797591
369689042
580974737
218830003
22467215
108286674
119048849
143559488
25968420
6571882
322583469
1163191
14233770
7433882
7409472
239093229
25995124
14821014
240722276
292553291
283476807
23921530
617143
137712607
86640232
1366587955
875212296
94848151
504394267
70340863
306176941
100074406
68397531
69825489
14220219
432665924
139159700
475086460
90048502
1001743758
990562746
32167214
85621237
65333172
28180275
158865339
15463062
155240092
13205612
43593
19417285
367089411
96616041
232252864
37676258
226964397
14432519
357176629
560678334
572020117
191378559
125190426
1740241
13257922
28081047
380449819
96588303
18846912
74435134
556678927
14624309
74827982
14229302
19060702
38254620
17775715
15210658
16894591
17581976
37907539
9536032
24587852
24772578
21179585
384409374
17242168
96152942
265302690
34570753
8301552
454820849
385611128
186229901
402780750
17053971
250620596
236501180
187907757
9853652
9082002
1366811
14587429
13091752
15001926
273197054
299076705
16709304
93916941
81453633
16440882
16681265
210566467
355560941
195375727
274691918
142087845
949521
317360287
11661402
82133915
212590336
150803210
98501185
14710574
14907285
245428078
108983699
39810658
18343
27342429
10161492
127795583
21290877
101277964
58003527
174341079
14573592
15941673
191841807
20032100
15446126
17100626
83465210
113962586
121791017
93438129
70721966
150670858
7157292
41337901
91324102
39476613
20426930
29733713
1156181
14341711
621073
86316268
16693423
76299434
42113624
23245206
53021842
25309575
25600532
26210870
264213
23486491
15414807
23462787
23838620
31247745
44423291
26012202
20288378
48484433
7126242
14956672
71212408
25121253
82882140
60854398
21853826
9207632
6416622
10398022
32491666
71782690
14315861
19658826
14434070
15808647
20702279
6647172
29955464
18899039
16981026
8181122
22323
16789393
15748390
17177403
72845400
26541144
24578650
22918507
19006934
14282808
16067827
28099865
13982132
24153592
85530560
18324416
11512342
28092871
75162930
82362157
19021096
13046422
