19341814
561857372
1116951922664255488
208158262
45678357
2756479056
302666251
3365618279
1219800504
1073388199
745582409257713665
110198955
14585205
1222641804635447297
872449766931800064
5574792
283108103
742014439310917632
1441542451
17484680
761589870
21282136
293415952
50421081
1059885250858414082
974118535008985088
3741075807
71762380
15052516
345831392
213988562
443680219
263353954
216735143
16130949
2960142557
3295631309
186178162
892627281247653889
177788470
960892008410877952
3221480779
122053508
82363
901773635962195968
15482223
16489982
110244676
179040857
2497241672
1392241081
1007193364230438912
76054760
972150630
802122328104697856
2154393997
3374435847
232542660
875349400930983937
942544632898080768
912788064082255873
702995405496254465
953305718966366209
846672306378326016
1024380121
292518772
1693158097
78954366
156204739
25263583
87717624
101280438
10048652
27224166
2423532368
821666958680719361
15414339
492417598
1011572186
377056641
285174049
487623589
6440602
22413809
15967912
787011433
4830750495
333474615
268819103
19010065
266601231
30697822
622394099
72796043
506249313
4468059803
311979693
3287999704
3143260474
232783642
45399704
2598921757
170746832
18173624
20029472
108350146
257979280
408394577
1361872532
229042251
378483865
1923710378
374433827
989510983
35993422
13668082
593631131
40047903
104282000
8501652
364557059
292737115
550492251
1225889953
97030663
707043753
3227131
871687740
7057932
10246352
528793939
891186338
611485586
289483414
1322931373
499096053
475026877
15521945
193455170
341461735
61135090
14782935
574752666
190821474
408694283
68442845
126392425
258910925
213248607
194224295
388144129
104435358
180505807
234114719
147949965
23908002
560545534
494882929
392847346
88660734
46131106
103549232
173622419
322803070
378750571
123695829
553557115
391247062
462796785
275200655
431150590
15383497
393675585
326440558
286736797
273350353
334769062
245907225
341164299
326097408
184923403
288426731
163559269
23746926
266467501
5402612
88727377
142428602
126718539
248139265
43383705
36659063
14803701
23055193
171928363
135508015
33838201
11419202
194324277
16558988
18869136
132646210
9381862
47645011
9091262
10368692
14815775
44320986
14082692
76937615
9073142
15468474
15155074
9385792
1855871
24897144
28312691
