89452000
819927704850038785
68442845
14804579
76704116
177788470
45297280
130690431
21594615
12486322
1073388199
10368692
167234557
1031732387951128576
990112098
1004042562154516482
1168109001898434560
977080474467209216
7014662
54262769
16808453
304400958
1072308240891801601
2319390320
223416400
63812039
1339835893
4783690002
822215673812119553
822215679726100480
787107603427885057
1158444026288332800
1034844617261248512
25073877
971108358739566592
16602810
1636590253
44196397
3415205164
3301593370
19038934
19003664
21106414
54692326
245789900
92858317
126387479
319225490
1465203679
329276626
1465230403
1465196582
1465166731
2163338126
1006419421244678144
1134229198804066305
12609292
1131009718376210432
38458894
32015343
567551419
197987694
44491851
22756947
16014840
430995737
345673106
242645565
1381038708
2800780073
17136564
20562855
1157001851679793153
61127825
807095
2467791
344956335
15438913
14293310
16343974
16973333
14511951
87818409
15012486
4898091
14173315
18949452
28785486
34713362
51241574
91478624
612473
5402612
742143
759251
428333
1652541
5392522
5988062
955369491847892992
3108351
2893374305
36554224
755944333136764928
465658169
91193025
16825289
14677919
15492359
3063892619
800935720080855044
3321155353
550247610
1118451
302666251
266400754
87775422
3127512208
333430027
20664366
150621067
17620820
14627400
15134408
16173592
12579252
303862998
937852625084669952
1227923534
62647280
3015082107
1035221267148951552
988465844
218565801
490962584
969922424534913024
3307138813
2439889542
1138959692
3173809816
3286770860
2813398537
14262678
468741166
2459609448
34714943
17427993
14713787
14260960
110244676
71762380
15782703
519483
17993404
2178454160
951637830
55733752
12241142
18358277
12785742
1002998284082909184
68639853
1615618795
2590211671
285206123
797080163381112832
1071534808294133761
771681593496891392
14504859
3438740353
30774144
145179143
919824951510740992
308587014
14160039
1130878773283479552
2470127457
24919888
14982625
49012699
15102849
159588456
37710752
20060293
487623589
19725644
93714983
50115087
65647594
13298072
1451773004
21090033
351663167
14091091
34743251
11348282
19802879
22463639
29837898
932898811625836545
27112513
4065140123
48882155
758786754
91547938
1323386642
284739139
852344970891710465
958146217464254464
770490229769789440
16284661
1045571673221672960
4579012758
1966139059
478691393
1002131822791147520
90772788
1481010043
1581471108
14306062
20536157
2425151
813286
953305718966366209
2423532368
327779505
2956929964
84351228
2301963115
173620082
200278362
2589969746
867387810499768320
35790511
772965397012291584
718910384158208000
4889353644
786735373
2973453269
377534014
1606002860
593425336
49423975
9799222
17484680
27819813
34044894
1053092308508426241
6820932
3586362494
1874533242
3740165716
801425190605438976
424099728
197509091
1052625130483007490
74556831
632687052
23876446
18065266
937698624
811533451
63177215
4054128619
14706299
339362662
987957324
3595439354
1004034312684081152
15287239
41445632
475056810
953304055337668608
441158276
869153690174857216
2838315649
79665081
40829038
156458409
41180531
19714897
159537844
6543162
210925142
137477017
123419776
18063358
52302477
571227090
21190955
90582735
88764795
123561696
1462306898
86358405
1615257752
416909756
40655158
52722878
40465511
29492103
18764992
50504510
36743294
801743
18726488
837030181990764551
851566061573079040
727481332431884288
843682712
707553372
731328740396023809
