256123314
252051146
816291044325261312
156653779
73206956
3816567737
206200714
602317143
22225657
829881163472916481
772132216713404416
1063468687196327936
3982441
66575278
1083575853563478018
1113747629282930688
354514331
2532384974
762955902420779009
796400472970043392
4036988353
31252304
453124512
365120434
403137248
468922368
15773201
959297857059631104
719330574498926592
433034888
2531643876
948880157812588544
71082732
706995840607526912
781513213955436544
836359727265243136
32330308
199238295
9126042
333383613
1623842143
133335875
533539874
4339911
434431771
3004020255
746115648
79018674
10406852
12486322
14499829
937715702
16130949
140149359
854088145675145219
1194442867680276483
1682121170
4385491
451240433
396736055
1144276612470444032
3297800601
829701
7858302
47547933
473393426
2151311899
115710058
1076220528124284928
18690323
921913627237478401
422194341
49114382
15162136
44936471
244965762
187561714
26969416
3054005059
138026439
231814593
3675931
8104532
1077104179456430080
12309242
162321873
745218326373240832
733318062754004992
848902855364882433
4563945255
178849006
1974799530
51837775
841709695
363005534
21611239
2595244026
467818453
1859566374
1090651566955057153
1900338114
244787462
824796288277475328
52070270
16892481
612541739
265705962
1070179228841259009
865610221116325890
856836304105066496
743965338765660161
79330780
3584781
6892312
6173192
14367955
495215935
251637280
21148783
26858764
69864648
2881040745
12418482
91409081
1286161147
177689413
176590556
414842080
399603903
2730909379
17874413
14228991
15226196
401773648
67430296
14247236
134354340
109921890
2229944281
319017640
355866075
18636447
23090019
37094626
292634416
93707130
22514616
146894920
284991184
372910226
834078524277456897
101542844
3058493625
148253952
82074137
403075133
2775010779
87246229
126796612
22666966
48270687
426763854
289260173
851173269373947905
101512469
1022961562410278912
114709222
23759767
152785310
31173665
51462013
25728193
7434272
876843429258567682
234920877
16428443
57588181
905097033157148672
811098595
488070651
1035676762380759040
809834579104268290
21711948
964526624
10376902
636184794
22780471
1129678098
67647597
103213895
3226765068
2883969525
14453651
13827072
42102455
248864485
331789954
23691974
1524976560
3404297319
1369641458
1049470998490185729
21751427
3714714254
3717474375
23602737
17794636
724421678701391872
744384780
880938414677278721
532214196
816030470521679873
1115374579
17055482
159714480
16893912
58504135
106069564
24239999
1434399565
615476618
1565159863
966313275192479745
447233213
15827988
872460123125448704
65551087
35586563
15629517
803651604696035328
123543103
23716115
2180200740
44010177
64753254
25337234
226320142
14673822
423631401
15433452
444592619
16192111
92454615
3107896458
3437654481
1046185356725346305
116768508
258642890
17053540
26093892
3207517305
56799457
1711586252
550010708
5749642
202078595
2400631
14291011
818948817764630528
799452120
286339472
1578151
339570420
227263128
21886811
848945026822414336
1403682908
8384792
17713476
1125758782255128577
33798654
15610183
30964133
224163572
963851836259229696
29156410
139211015
3107271
48783
18162267
1288271136
407042319
845743333
40713876
11374142
267305045
484298843
3061816134
1925802439
40291925
400882913
48093492
101568361
362022429
28342009
726725012791672832
143177401
1972539134
10168952
17088295
283149384
833418368963211265
362487618
271481369
18671872
324977146
74353840
4083531
106029891
2895138060
268381487
2543178203
236453099
867861293054570496
15660796
230328306
15692193
10821
310674727
1075594963696545793
59218167
22790291
1219628612
194479949
122521695
16256826
11457022
546632976
21080166
27480111
10167932
148378741
17057728
20776322
4119861316
169620752
2835653131
14754921
393460809
1115198022
2177224099
3418408341
15069927
80881866
1468382580
764143993923907584
2494186513
180872021
3429950987
989656094
16043620
14847607
192942213
15315247
14904260
1022553652026912774
16704102
123969710
16007667
22820615
948609064484864006
1527274158
537432061
862767221826871296
2419704205
78835016
42153941
115868182
17327181
125370749
1291945442
3424247381
402664998
2073391
2890483290
131926473
16836943
4850302216
43745177
105919581
747851730
15172283
30981737
19268706
737477204
2532013618
16337958
14267706
589979973
955397748580372480
18084928
19260808
1643665106
47350584
704015857
409332669
58019982
743261163903823872
41643124
2719962073
16130041
21493759
872535841641345025
237483035
227928681
386505090
16821279
14281875
14566379
255247478
731634328967479296
1174675998
25249374
1115409839528796160
27370707
27101698
123095638
15359658
51584209
1143659386147090434
25244687
15679924
790112676827410433
14415338
805080190913310722
401212191
209512953
3131309445
910925100463083520
203386961
30035234
2967194363
363431676
13956662
18352904
27794232
5435752
222186902
836323112
21744326
749551099351302144
1024930202491674625
769375158381318144
24497309
1135180545489588227
3170301
968563849904513026
266929078
4241651
2227649418
14111867
87882675
3278861726
117423359
267521114
709111830636072960
38466098
1602694842
556162290
29675916
122130797
46955476
113242685
1591568383
1445020782
820077362
229623319
4656120143
226195230
193732179
30706978
917577254221336578
15111062
85756266
19682187
304067888
18959943
50962307
2200679306
634734888
1139607716941500417
49129289
476849399
302641372
2549031829
3021460584
2473195573
362111287
2251623492
15698589
2927200279
1006189877342490624
440496594
904194049929830400
826428513653768192
1678601444
3070787153
805181565882028033
15107281
721811204583387138
1141577135468896256
834205583637147652
509394286
5959342
2586997621
106894107
3241740251
17193422
2967402199
39523
1771321
137752344
2450347833
16697511
786306514319400960
14096763
752502340905762817
85556721
14212815
16933564
136743963
16058280
1905021740
17298405
1021358479
123448864
1732180790
2557825400
294306372
28552516
231467758
9769712
2799513526
168745130
240764941
4783850528
2803786405
475239741
203152312
17382932
24913074
3122868355
22035690
155203891
28696487
913660988590657536
1870044535
893308458652631041
211935262
59363
2837370234
25458567
41702666
37186359
68814274
508179815
796169341
14115912
23145378
36582912
233842454
1607352380
14270650
759535642720165888
213535553
871198681
732678376306188289
659933
352590647
39932858
52466288
1092204728707108864
101949871
209218602
108006578
2275883743
784466796183220224
13535762
47833190
105350760
44973000
18538639
41017528
30686255
18215004
53206074
8642392
18337459
43917946
14448514
36757049
14630586
120136596
100739264
7646872
110384566
185869091
18504904
42057383
22030682
3290371777
254222101
19481808
390287545
2335217159
249404743
140544065
91145888
2966770391
14355836
1087598262
1941639428
30869029
142998242
146248951
39140555
89503894
604940737
20558053
14446089
119388523
2659960540
15693746
19044984
949934436
1919024762
6087532
490270529
1098958704584638474
2540435814
172432205
1118209634
19380675
195822133
49981651
123729442
899791
60724370
112526560
26664065
467035405
54919748
951973752471945216
331821111
18692018
137885308
182545611
500970490
215395941
919464055
35963991
817460680748044288
25205532
44562973
820694
237293113
249235406
386056280
33773592
818189234
25333286
13036842
348174495
3301839668
874810818
21026377
14981648
15685575
772080865627242496
67402357
394216985
3154521459
1074585057224880128
15317247
25686795
2978661890
171682730
828075697306497024
157752433
60900007
1869913320
46446956
453351058
140403984
997469652472053760
81637722
2440732321
271516623
799389318749954048
1088582165044948992
1367767688
178016800
2628542113
31483387
281713116
728103592092012544
211355441
15767097
1017428432
802333405358735360
309865808
2289160027
138173132
86330674
737986556502380544
19767193
481655487
27707284
64714144
1006419421244678144
15169290
2329066872
67911695
4144872552
90911370
1329377066
21441103
604252261
379248303
1046615358
1037011495496949760
193376237
712664608885116929
1853310463
78968940
874679230134710276
2420940020
2876041031
26803375
338608917
17141835
849797646038556672
7818702
35084980
939005769197895680
71906095
17094858
1316308548
492858444
37677496
140394847
49820803
71593418
256481034
32487867
215869259
302204453
949438177
29765369
998365938163560454
897861037
3224063099
106978181
622960227
819183637631406081
839077869242445826
961861063
4415239119
807968504
15909478
895971006044676097
17929529
314721769
2192921
427505253
400250707
2241477403
14620544
30409200
8783232
126868398
228040559
20714248
959544337213243392
357816281
1872352194
131644899
28279637
17899109
11582012
13418552
14700316
107281171
9836732
348662319
4754968118
14989163
1107728207338307584
476152894
2932738834
1198406491
619032867
2675014715
235697623
918511183
2294733114
3327720838
863095946
818788868627501056
1020519842
1545547764
23052167
19608718
19397942
806002318412054529
55948054
101816065
21621562
11963792
16284661
1033965570667016192
2946711
705850200473010178
2300166224
3388102493
98883696
430490388
156783075
1372792136
290890104
2652828374
217129165
102594136
2324476207
2315512764
33751655
14308843
38779513
321148619
94908080
12876812
2225301985
468076687
17484680
14222927
10399172
310870197
3431414189
281800967
711367366756720640
7032502
2897133670
385847731
6101492
1459232030
96675300
774407512598704128
20094409
21461359
1171109054
823157
22508805
853027546505502720
75926859
44897207
1339835893
344901939
884301382827687937
12621392
13493302
15554208
2573480784
1532893705
1026191018
106116852
1170686755
226222147
19869102
15790836
329179614
1595809370
16269197
98509211
14776082
21534951
814693350951555072
1042339079701102592
49986034
13097242
2757980741
1054115076746240000
332353198
1093267236784144389
2978455883
4852995585
26029878
41813475
469644940
43532023
467924781
119972954
16376742
937041511069360128
869356058690670594
27499979
441258982
398146813
1361872532
17028262
3773329635
2396677714
137440152
4713371
88934626
820367095120547841
20065497
113218622
26306441
198449113
1483447088
978234861377990656
409823
37114816
1070005202
389561131
15656207
290735485
20000725
3856145658
109361219
19753581
42741944
313091751
3005582016
24889586
223354901
15907183
2907668168
937467860
851211
766863587088273408
22304914
2743000744
26356989
47191293
1158897613
420100653
920491754
75913
215003978
1358561366
172170904
863320472641044481
634955425
37397428
37401969
22535317
460653134
104786280
255903064
186806218
59676104
2258994919
701750402786717696
22891564
17094311
1566746503
851773048973807617
19654724
143603147
602374310
34248765
138818744
2255182597
34168518
683303
269911034
45881767
47438401
14838414
20875567
14364337
15235784
1429065121
20235586
182580740
18681934
22039951
973136094
869593513968771073
18506826
20079157
40291895
519852079
18098674
38314338
210514288
16145438
1080833996
18359716
49253557
16802434
18391454
373143817
1005162711821451264
15653204
278404189
444131405
19645340
2326269559
1037631206060437505
97691779
24789175
1428569954
873805614
18385356
164718669
16684243
991943287
17645400
1320890072
1080584229510172678
145784826
16714443
1043484974417162240
25498095
15985111
74316375
20747881
15652782
783792992
435331179
391445643
1426317770
137703483
1120308836
2963445730
860547911268139008
882958562296819714
29979814
22929686
16265742
46822887
224494638
2518350382
27653106
1870188672
924991949924216834
19943886
42707337
490615107
1236465925
858882604614864896
735019975
19285268
162436508
10015412
431947388
25536234
403614288
163144808
68539526
2420805650
928949262
16144669
16081251
838489627
17062358
21753847
1615960123
14174298
2167335475
61838384
35472060
2439032786
72915722
23092438
4207981
18725815
809233214
31067157
243293725
714800142000455680
16187717
71762380
109086082
36790140
191073732
13949842
312881016
22120094
23971219
18365499
170411858
81538231
20342875
5610072
9078772
1030656907038609408
3274121605
16132035
201400938
2399847534
5662652
17428319
49959563
71344126
87371781
3092104835
15442853
23356719
7097602
1482242911
2889924959
16017159
818282957618216960
58198180
718223889478914049
1093480099
1496191844
3392327146
334955469
33021964
124136018
296760655
506429053
130557513
20159596
22812734
864030687120281602
818455148271964160
406842374
745444082034610176
16290014
76561387
3239192567
74521316
2342251
743836563302420480
780015530010873857
709644992
364488011
2831402559
17513031
388964513
2820113181
14558569
18351721
4257056233
817083
24253645
843901578109181957
17737876
4061230191
782292383450955776
1407974822
46689703
33856936
16176754
20548283
887766699931578370
852538501832769540
239964092
44404175
239957663
281574629
773866643512561664
23295813
1726427364
147491390
1591197324
2905880547
1068693647703461888
16477376
9706692
166583984
386102380
71215736
50599894
4997711
43836840
2978529059
823098
75707888
298015007
17172508
14515415
101917758
212657985
548384458
44052627
14125005
235664740
2484446856
2478939943
11757522
74130577
2557881288
297100174
2859448331
1009577803304656896
108094234
23378898
4076297296
1265041178
757334954971918336
877490773
365767052
201252305
39874453
2526357616
136214912
146942482
30354991
1019316108925554688
6498112
67415488
14074078
16597587
166617624
33747810
25613925
14298769
362753656
778174681
15587189
947956236804337664
71632669
21230785
834224215108775936
19596074
1019319160013250560
105527646
14576451
54042984
3291481093
947360317247430656
13368602
1351703234
3298690346
437838346
30941742
732611818951151616
1734001
15410484
13216972
636909690
2835276183
17705183
24877257
45144224
371156597
14117880
3100344503
337978520
23275456
126722715
106638964
14529929
6218162
74297967
48529642
1577754348
140206084
498275969
123327472
87849193
177101260
3095624063
158414847
877521607723536384
786644408984752128
64219788
790205
21525682
15673207
1013128462574542848
853229442
25663453
258180422
1889171606
314241054
3317436701
40273
1233663476
377139166
19057110
34563390
713263
27042550
595837570
93434375
212187685
14534896
54858446
44186232
14826965
755892943156875264
16947553
10325302
14698489
2345436867
749659195
14352711
326562333
3940961
13593802
2570178294
325162750
327734938
400286802
454099919
540216116
31062919
385339842
1130042420
2150820722
491821358
14321959
6667592
25734277
16151835
16863340
1575984870
45109741
198381553
25598396
790585172370522113
888963380316340224
33663407
1099917240
36808756
3094974153
31190089
353963359
8094902
3015313456
2828789942
83656341
795338755670360064
24692343
3802367787
112475924
2828796622
884386393870536704
17925939
988807935055843329
16402446
18269124
17471318
113064158
17208441
160904444
15717973
16504257
17974481
60082284
23669502
19086859
82238519
820378690920058880
388513351
138201697
301117233
23794104
14054507
14948021
710195358123630592
297058750
19877186
65569424
454071012
725414211870986244
458773316
72290565
2030711
1107036061
128353178
16535661
87744974
1852540932
9081272
601754779
784697297921802241
11640472
12354832
243337600
900510354127687680
465965880
435571397
14568931
20508720
191937525
125071102
846368911
788318754
372563164
2800335075
825542827450986496
1150993424
1343823578
733318954374979586
801549353227841536
3129968261
747193876465614848
716432228
14292370
20956686
46233559
44146257
26642006
403070695
327337127
1471542956
709835222
850711898
19070986
718495181914316801
69238380
707416214994194433
156808820
960652434
839876762
1429148504
1066151600
3035183724
2175647936
574928314
3672281599
206468860
3239769415
18468007
2319062221
204619134
986031191194300416
9462812
3760488922
125115830
327577091
4484115214
586749256
35391464
14244141
225265639
964635660
477012156
893117569208635392
195140001
161507331
1203383252
4737637696
14428320
961356655
233085042
20685343
20183596
6974622
4819026129
50725573
26589987
45055696
2875424925
3334843313
558161717
859344752
291009942
869958407087955971
1266209922
1592732142
20728883
78392299
1439064992
240910066
114216336
949851638
704510575
14225080
1011809173254877184
949686988508139522
131497030
614419255
2978345031
35414986
249403243
1666134386
23009821
875844824
22405977
120534606
836994772413923328
926601
2561560609
232235048
38203776
45538440
731866135
917295078
737635398
4878825959
2425831
875882643614814208
15679753
558040899
21144314
229548768
952745082
3097134196
912359571947085824
359683655
34792486
1305860760
427616106
2368928300
245280998
939091
755886754180243456
3348911
26718402
249060131
3269294971
1694040764
232680302
45516390
862483279
45112527
884928345342959616
47539748
8942382
733123902
15268600
1652541
2609139294
15644999
14887755
344207792
564225194
17502840
2970550661
2385911
2885239252
1002084811
91870534
2922066281
59611400
2592222577
1017119179449643008
18031204
5867132
601359290
19959946
35990109
109025852
17921578
18382184
3765479422
3011691524
25198779
807383368757194752
252794509
3845812163
31037199
1423669664
28986765
224912517
299847515
18966808
158272788
402888514
277175095
49921739
55303898
488809452
7855062
87218427
2302386032
784575415457308672
949356762854981632
2141321
2852075027
498753368
15976705
419487011
1110078518
384013387
408665379
898297024784859136
17714681
26727197
14146300
30395567
14235543
727599735511490560
10178852
761753326211870720
245402039
46090073
35004071
22057968
880958460858388480
813333008
980739629803626496
138203134
521609404
1163455465
415848544
14367669
3167301
118613399
63242060
783846339771850752
430645155
299273962
808774010716700672
1593853927
4239681978
15851997
29501253
39159473
414333187
333710192
2153688540
936813302667243521
1608520196
3072098509
626679510
13332232
129679132
435035276
1854373320
50462520
1835701
278617398
2308445042
17921386
980883885117632512
314171681
26399922
467835117
3318200353
922926414
275471220
616307178
4448718075
16903789
73537202
19519252
929399289436147713
1004797788394319873
10255262
47077438
57656242
153503737
47726267
4939401
429531188
975691
91386979
2922928743
834081571493785600
154564224
29773
29769998
237477771
15982882
36261242
148529707
98237087
561608343
1400819095
15133162
17638705
59031230
2783231383
16524534
20783929
587732233
794111635875053568
43328711
17824099
65905779
757987848968671232
5968702
62817785
901986450895499265
1542947220
34255823
488020696
25103
35313015
1447301022
881566497495240704
39364684
107198918
2168780239
218975278
830908366377611266
18025035
30451813
15764644
20581923
2382106993
461697741
755504
55588874
2746269050
510464011
23549334
14471743
130979778
47379354
14281980
17057271
43545337
14155907
9866582
751283435382067202
1891539536
75890868
23316795
2870885237
5669132
8350382
954590804
284097741
3816010100
8476072
988449218921578496
12941382
38273479
164554364
3881168973
738745268158529536
363993626
231930043
71908695
989316882422353921
37109075
29469545
15729844
772807006549925889
872670979067195393
106520446
182345243
28162211
2521546890
16306235
23641580
46213956
252899711
65399201
4869045683
968549058
3825931
507259477
232602648
888066140710293504
18088152
20719205
302284145
25375836
2288605368
6473302
24531225
253350725
4282171
823799206267625473
40733615
2611802689
3030964379
755113
3497941
2463360722
3408272428
90196469
40969480
320154349
14721255
755491015
44388921
161794340
18023171
6397312
17050488
930517413573017601
174626992
39215358
93568965
793795
350341283
460451827
71807841
1599266138
19563366
902344488881983492
51239568
400117570
28867988
793623386605907968
1097161
14246782
489475164
971206070940119041
18104734
23343310
3195628743
802612945129799680
97114171
51529520
24257941
173366509
19910041
518260243
874985095068663808
948739060406796288
10368692
15300519
942617268852105216
2703322813
181421156
480643825
887680503637307393
576618014
14907258
3511430425
825143318891917313
963512260135186434
703084614
580312540
18691746
3999382594
965266179836252161
42864649
16615740
91761120
2897877241
580992416
2670064278
2734930578
876657988513271808
15048808
20832113
16962457
460470940
257886199
757190777936154624
904869467238174720
302312898
11385212
20015389
16196481
38354090
1241876857
4129717821
3248833446
22638216
494079413
835252426265481216
397689316
409486555
198560396
43407384
706910608663453698
267512876
2184943214
64209556
780206406024691712
193721758
961383021113835520
13670232
778208413578829824
3294095015
159951505
7429102
803694179079458816
41527538
23561980
780585972614336513
46176816
171313785
99004358
914725005476409344
44183142
1655221968
2809189272
13682312
728371342689456128
436698720
65637148
1952586775
886932319025586176
885838630928994304
850080079661150210
203226736
15976697
14857002
39488284
166154241
148438596
2870653293
295325513
851768774
733368405114380288
701607088338952193
108370814
123243290
2776797560
2337810871
1058520120
212399888
24340604
911167294365192192
1366981790
9550352
304975520
32303435
27193704
14874571
54617733
771124137024565249
2353736149
6108292
19873350
178932440
15480206
14254444
825518870421180416
929500102246330369
1381015116
15231995
17550389
57707396
112764405
123974837
161652701
43127560
22572168
753743
385263
72198806
785461610
40154646
2607163646
17580326
2217099931
19617864
15959886
452564832
2875668735
1526326693
703245120188116992
1056741949
387170537
47724293
115666612
925980672
457067378
2850181816
128351017
14515749
855835988
12
41358714
997682274
160651698
27288119
19519300
752673
44863442
60510014
341643950
19113589
47747189
15899501
19656836
63597010
1051396218
19166519
3383159573
14926939
1077011760
1643926374
2242966711
2358302612
17587308
944649026644746240
2759769840
500704345
1106501
880266498484428800
71643224
2397531956
604149669
910492003359760384
267915933
14866012
2175251041
2324160906
21059255
138182116
396238794
4429709805
875029068223315968
19819802
466519303
85583894
144430321
705330458842701824
54722501
14259060
3453491306
379469764
15891430
861116848686809088
17170196
372536101
14317810
158065720
75081747
110439693
85185448
459281218
18097864
61802282
16160352
17802741
23795212
816795985368100864
803133209177272321
37360448
3236271451
344284994
774510134
3234616374
533409964
51848919
3004269184
935237086122188800
19766305
931257110129729536
15816595
12387972
23971403
18686907
140233086
43104012
135608573
28395645
13861042
2975285343
52789743
7864222
2735655330
4158541259
270459817
870429873621172226
2191572265
3102112728
9704662
346755609
16297009
17491498
301339357
74445120
1604444052
35850390
864249252200972288
299235840
195826487
2316383071
701725963
200889851
124690469
15676413
37676615
846137120209190912
84420321
64015230
64017773
918127009586405377
70441837
46306646
112203615
908704743970574336
13710832
822006738375311360
16246833
282674625
59911425
845186475117297665
68746721
2344060088
106234268
6650392
354279444
17439851
14526430
20201726
835209278600450054
199972126
227423290
26744267
1090026433
19037810
23613581
19664647
152656121
91453176
3229089299
104574581
19585274
7555262
373594880
98768387
637533
28325059
189948159
17982417
546135718
14668111
912724929354846208
436158763
104969057
2893511188
39822897
53778064
1376608884
12819682
4752189506
4536291
2147141
786763553805971456
19301710
856016329
236828759
2167021
303862998
487118986
4428966143
14117524
6652682
3226351612
16314021
574020783
228794007
166212191
809887021
5855502
906749319901995008
18858270
8870242
79402857
1879477758
913494466568359937
310429679
16868756
247852986
757326186779406336
98247788
28817015
502281810
756224
1531231
15594928
243896198
110350125
731717526
214112621
2285825876
15049113
38708874
926620369
356489754
342578839
14689054
18983429
109025212
3005760586
14385931
3397145679
121553091
177251644
65375759
51781119
28346366
143264018
110721961
625022363
1137700339
1323187164
325832193
561754773
18396070
207617689
1540951016
15752235
759911142
1055907624
717654410
37895085
14658472
2385442086
1110222162
573918122
1455911
229523
1480852568
6549332
731291480
16120736
3562121415
26523408
131223120
153181367
691893
903062701110312961
16967845
27058591
333615851
19397785
813286
17681513
119405923
598428369
21591805
360488923
66993
21204689
13691782
2249531
15552773
21132877
871442071
15667291
52920970
26548315
19638752
15576928
149249831
2691552012
813836846
14091119
24292529
14164956
34317032
6891082
12474722
33654011
18408919
14869615
4065047536
49206021
14974018
14209885
7260832
522389674
886996418
2887594740
15419378
44142928
5845242
15119662
808718389979947011
57091181
2773111
7056162
19244652
48750586
61705400
1286970006
824720523904978944
24963237
44900235
15521075
349142818
15156259
512603747
22479281
552121630
90202078
16056306
874916178
764224146
140051651
21619519
15467229
604222048
16955870
3255034008
743452002
1907803009
1969200246
755157485615353856
65289126
796510203294453761
336691038
19471190
54266542
3380973898
14662473
408847389
858094933558919168
1632874796
3335040713
514613499
16906137
521769198
19556080
6655612
19899980
429227921
21001599
115464939
208212889
24916485
843646953359466500
17407196
442832665
15344145
2233154425
517045551
30699754
2400452360
5763262
2547412918
123979525
75797367
23009949
14137772
65647594
12325402
15414703
217183011
14982804
225420563
375782260
16109188
119933555
832912828008919042
13826102
210193709
2460047754
826922261185572864
1101150086
27767462
1304641663
347488218
2497655854
2993930001
738080573365702657
23201621
19250247
1320161
15520326
7401782
87559451
14223131
130617778
96403503
87969258
20410251
14509080
1481010043
16687287
21385774
14898461
15103159
5922312
2680758350
27241881
13773872
18227996
1505278441
22839233
48636190
395367768
177788470
394060363
17011177
82711326
552252043
23030211
139332711
246939630
89820928
50325797
14834340
2559093124
1249547444
96483337
16868564
2560569758
95347396
846555099233116160
1609491
161667651
11806222
820679805259550720
15358333
407852012
347340221
818483631295463427
427106150
4103344377
25984418
61183568
274817844
22093870
8470272
125767056
7798232
10415712
186547854
1648999932
36093693
744414104522104834
828361853021646849
21925637
17901366
59081330
183329704
993817460
27058194
71531021
5379862
250671447
15088181
784477275559428097
145552068
3208239154
1001390960
147504529
1923827275
19050933
19203768
270412323
4716602893
10921672
207840024
1945247934
19281751
12305542
47259873
153860327
57362322
308779730
14801863
18580891
308379387
14504859
187289134
215508074
34241006
1303016239
18018355
237845487
17527655
260044118
90488576
9526722
7039892
843771913231093760
816869611480186880
804015436979277824
174110843
346019456
61561261
2236264453
3223426134
62290422
465176941
37291805
17071048
815733290955112448
51203
43192340
329746058
35031708
62135964
15639774
41713603
52567989
826315624674623488
130051975
589621591
734257487919058944
16329099
17518412
38409197
50374439
14440594
17448915
85988415
4625037762
166669818
343063239
33592757
459492917
272005814
722242009
153476919
93069110
707255860221779968
24223641
14412533
110244676
249643032
3066013984
3066027142
129835060
14118715
1554084182
714775800
8273012
3798061
62470959
1209406800
11736872
1167122150
125356138
201262607
403627863
25203361
432895323
19394188
449588356
15813140
54311364
14159148
17469492
151106990
27444772
391037985
829506936282288128
16789906
38229327
21237045
34713362
3108351
428333
807095
346294679
623012051
244165907
15441965
30364057
594103
17161645
115763683
22522178
2910438674
824473943931293697
240569603
57555058
3420477195
271725689
460928333
3244305970
186667011
8736882
299802277
15327996
2467791
5392522
14606079
809765716048154624
3240143771
823565852922576897
12922082
33213413
3804659063
19941586
274004389
822517901294845953
800942537083068416
1041090150
970207298
20755177
19942100
113560280
3291928678
112645603
1066966628
590206792
921392660
20244875
24904171
39279821
84653850
114391809
4091551984
22771961
3060823058
1316650987
24468619
3285680335
16326882
717416428916215808
791875428
15447522
338501472
9481332
54295782
57587717
85367596
140969989
26796393
18760601
195758882
33527449
17757889
18137723
773632063471747072
16076032
368920797
935447275
17029640
41375456
281877818
47475039
10191332
61734492
16353245
11345912
59949396
235700566
289342771
304679484
399398857
769202702991646720
253608265
17797084
7542902
6267962
69475887
2216901
51049452
13393052
15113373
22489161
202331807
19910414
39366525
40080737
42067255
47509268
14742251
133465918
48797538
586
14053355
28020720
18467759
33669105
1057760869
15224867
17004618
1394399438
16129920
17006157
319268829
2579282690
20536157
44104818
724592540649824257
9973392
7601492
4729403835
147346374
393885518
16912124
87818409
5943622
50406326
47098558
22485748
163154809
2584542428
14429550
2916045727
1106502518
16378093
15723653
2218124766
38730763
474430256
228628039
355321621
3558266956
586559221
13232322
809685
26330898
15453
2735246778
14294848
2529945680
14457021
1044241
104237736
15220768
91180720
14677919
21696279
2613764719
435406143
26829176
126158614
762347442339651584
12708782
325855606
8917142
128602403
401775393
14148004
12877012
16582131
14190948
16170860
11033
19095849
15024407
34488596
748931532102864897
1240421984
56838279
730050109317259264
123779788
626148108
356930534
15073537
19255349
19568591
1749311
80703
54730258
10650562
557818971
21731008
21118184
3107907306
37975275
115093438
180108341
966958057
41309638
66561957
17293897
51426896
219682445
215952307
442812334
296526336
11277292
2835886194
13889622
3595439354
15653409
280477264
14336585
508361043
1790831
49010774
529140270
1219579814
743634217297293312
326511843
34175404
2598801376
459483899
736189011421736961
1064741256
2237808535
14761223
1671834578
26511374
243764385
14717311
55117855
503292315
139738284
785544658373926912
1454436109
1138959692
772751482999414784
860158302
381763654
723568831290064896
18137304
41485866
817880
67738190
14430935
116033766
11960772
36456619
26793734
20455625
15677036
1011015176
3356531254
557217001
58152842
14908120
81180767
2949692518
1473361560
2809160420
6742522
12801532
82969116
45579282
522282462
27029537
27297426
1583811
4242965709
138168339
6603532
476786738
14128528
27093292
1312003076
20571756
499073990
637338906
2317524115
221228044
78776348
68608038
57047586
18093282
29092926
21699450
36859387
123975690
67719573
47939218
976857223
25734165
9381512
17789045
31252952
23721699
1483064670
499868723
10498942
153561760
4922591
14246556
734010048712675329
14170770
46916877
10245752
4874289952
22267908
64054704
80847663
744387277795827712
20479813
17394561
34998786
49698134
340259012
9723932
561516853
216921558
1176407047
20155652
10809412
107837944
308397019
18480909
26727655
24358412
14640565
94418344
19722699
539104576
751272838632353794
88392301
233364902
1563819840
125349299
169184770
905519610
14586723
3324920832
320792090
14500623
15828408
1311781
11417802
30923
84816752
9912022
262190824
348977450
2261596408
6395352
2336573456
3663051
47707747
284535677
15695490
1657141039
21752304
739271654920978432
36448065
14852199
20167716
325385270
10069172
38275611
19469147
755859
268940970
1032643260
326627850
226346115
23978689
873367483
108390812
33104659
15482754
1955188266
2981010834
14625322
1375549387
18246129
37694419
15104451
16993318
18102284
428058083
72437541
3358829525
1075036226
2813398537
38316654
1830491
2929703872
1530096708
29468065
730524003492728833
27023324
14240878
44538317
1416391302
809012353
17750632
72982024
2916305152
14226206
937698624
564099543
419854605
42007556
1547624833
230492604
1247375072
112017297
25435149
1247437484
50374399
62168954
571069333
487623589
169129420
14247096
2436389418
4349747415
1180392589
9551792
774757
3286770860
85872035
95097433
40684912
391921275
305244792
17365440
166739404
79923701
21585054
2317351705
316389142
15307727
14696890
30591083
91120943
2903979971
183548902
237002494
342459272
254873869
7384342
18697326
6971032
17919972
16483747
321738111
330105456
971454026
2628002279
292398011
2915275804
76223486
16644993
4889894979
2839995197
14778397
34654384
252791434
25485744
3649181
4044361
16356796
756475
785451194
778337
14804579
432134884
1927923236
60993240
332617373
2909914679
29912873
2392274132
2295990810
15804774
15029296
14307465
1112334438
1430986285
113419064
2352444481
2817584852
2610909054
14162574
650543
229502009
170023205
319200679
415008745
200655127
40456367
206936920
196193276
419563884
15614600
14950715
4182688158
12567142
75641903
1132994426
29538715
24671422
552582271
17616759
4099171
29352983
2444611340
525687704
1250327725
17544123
14335160
319887719
189376144
113146003
58155311
16472748
17336372
17180806
212475110
18887526
154221292
15670644
4119741
18392739
408208049
767963906
9848322
18622869
1665684812
2163374389
2845623425
1849415035
74181714
16090551
17773446
221795935
5548212
123085589
20221325
172784648
650013
14309166
699263
165262228
15934978
20726460
27087844
23404794
2243133588
226811149
793382557
231931156
2906379082
174591864
6440602
22675237
2545357274
25768057
864777798
19299909
179056996
1894231788
870174998
17566680
13811562
163803185
473016151
2360511
3302
546983450
563052577
14230772
19738805
2327560616
3591890296
944377628
1529078120
42035272
179040242
27276155
3356662041
2557527470
15787066
53635465
353206839
16024323
636757167
14351818
12908462
225538264
866086860
20312513
18248559
243616649
15790639
2182351760
15686959
19126373
2208806262
2918134290
5661592
14148308
110445334
17514354
17750760
1408142352
16701881
201846344
341172987
159822053
1690731
7735682
2806000111
1465659204
697893
54893
13191612
248988547
102099663
285428413
1447641
9362492
14055926
48843
4574361
3071950424
119704541
3678391
50124536
2211250856
248845681
315291021
23492893
35761518
222302211
2778787128
2801965613
14871898
261121513
173029235
2887790891
3335791463
60143828
309711498
29789072
37515662
1973559199
14180843
1389781
237793959
56510427
46914263
2596692402
24974438
3230052541
33652667
178824916
50452097
22168487
2409860310
3303293865
14260960
1872399366
519262288
14537182
1538194213
431454954
19619556
34670660
3004139693
1069402634
18959885
346803113
17399040
14667349
768870
18691802
14455347
60957024
80523
18028249
28166256
93897876
1877923255
18513101
55993508
2851944063
410089108
51900193
2423532368
5668942
1497
2867502310
14433993
171151283
73212585
633385022
3036880940
34532213
2926638773
1265939023
25893353
170394789
11612472
5666852
154479578
369817064
30076916
68895211
3067378970
73194395
14735680
15398651
29397324
259725229
21982720
24239319
18204232
137208898
583450546
2151073891
263792919
26499221
52854513
62513246
586960791
18506923
418379573
968881477
9714232
8834882
34270918
1909232666
388516406
262856460
88707084
410605574
197263266
2628602620
17606319
8519482
19477583
190242011
16955991
1872921709
1002756727
79546465
30278532
39306797
1605
66618159
22553032
18809935
529126022
1243561
16184715
20539937
34145908
9151782
17639049
13378422
236548159
455907175
1345580348
17264476
246682858
13857342
38773
24807013
5910102
458966079
38975663
14134847
15194242
423101990
346026614
637
229334353
347276428
94133565
34633759
7816392
14581105
2186895650
14336120
1506451490
15469101
90992943
23994947
24996939
1967650062
605856131
3857261
219205278
10747572
955090501
14620987
42039840
14893929
14800144
16692772
2169265348
838464523
419710142
4609
2244340904
72942381
10995982
301105775
1241258612
18888820
294974766
2648921
681813
2262399740
52384313
706333
136200118
1660468830
58708498
135486484
17611446
22151193
12524622
2303751216
356445530
18496432
29532294
14174897
19893048
44698296
64165042
125154376
605136938
22386062
9510922
588743
17425484
390039185
914061
1062521
9580822
17062849
585165066
37412405
67380399
60709500
850107536
14173190
148508573
18171067
156121420
1328220642
1473185965
351644601
224004614
2190906684
19562228
15414807
126030998
15431856
16161156
82695299
19530289
425248825
82511170
1039531
717233
127583
23714629
15794020
18801815
268335123
325423122
5502392
19684632
1293051
1726747806
53604599
14168561
193063049
17544803
275031945
877711
117760111
141598384
22427278
112508240
1433083208
25778839
170998795
18502766
123655512
21869922
39522692
260211154
370004282
354972158
22635994
211891109
280716675
13520532
158865339
135897307
38231370
47315053
773009000
1121591
30193628
20402244
15164565
29782295
17467600
8936082
19867072
26309067
20065936
57172253
23975060
11178902
71256932
250560251
23993642
430995737
15321447
6732972
1407461
10703372
132961448
422145715
145600904
16717978
1022149196
620146384
130749177
140955302
19659239
199514852
19837512
778518
365145609
216911858
373416209
1707427058
122439884
17608719
35509978
20813935
17486629
1041346340
34305774
17471979
13784642
1434251
15019821
1601553204
23459740
14123751
22001973
44116506
19277192
22009731
9313022
14112296
17623957
5225991
21661279
8070502
17994509
15446126
125565538
140735113
722
15645093
260022048
56167139
14441894
22678831
16364357
5749002
14990112
14375110
15022885
395384154
108110629
581995738
18982572
10250992
14243091
280612866
40101262
42640655
124046948
182942957
8963722
43794817
288037927
286241765
21362103
227492981
281695457
16895274
16817883
24589305
73339662
1653133514
200405814
17173207
6149572
1585
23948946
73220348
32209608
19892739
20768385
31650414
14876847
15270971
262770233
211800056
1899161
138966937
15275022
18957805
491561838
353428377
40953367
6205402
16721263
357606935
94143715
30927490
37759047
58495183
12354252
14844272
25002538
27937612
46903629
829477081
23226127
64498695
16282576
22997862
15866800
868677612
29753405
28351506
757303975
96049182
69181624
20280065
19734656
2333071
17142930
34620550
249074269
25681991
15978412
123323498
14561327
19534873
16017475
8526432
76304483
6981492
72763332
9463342
30614676
14681605
22440668
16971428
30331417
14706139
25638482
20065342
313984303
16581861
7861312
299380731
20551303
82043197
17448055
50387337
46200798
103980649
634084389
217759544
543100586
46385237
27800962
378036533
5828262
19780113
197962366
78805336
1632485149
538559601
749333
25444905
30920073
1173980215
4934171
18688930
34426443
1118691
14979612
14266782
15692520
141335663
14701738
15373958
115557940
312102273
213833463
10206972
755594
876331
854841
12672352
305790744
7340612
392490398
619223145
14695816
18328422
15662351
28443216
18839897
233001368
6209442
14777993
241252878
19110050
15713577
152862026
18476766
717363
9533042
40587957
1560863718
16211142
100883962
372898328
91333167
571202103
596547650
56564230
15300187
302666251
27028163
28542415
150984303
317547257
16734860
88609574
820585
9003112
421187117
96247809
20492950
47034934
262577014
18222339
19002473
192589318
110075039
9593372
37599351
31262252
1116425516
266400754
14324794
7597362
17877351
11340982
87403396
14607140
767
2172
37570179
1186
14181144
404526275
18744691
1286116932
16270580
8799612
14111858
98699643
13644
160948785
16659054
3451281
28211329
9401152
50999645
17919956
20993993
11900
18824526
35121912
24937082
22278197
14068982
37116828
14248082
15682352
8845232
16820748
58840915
104616026
14769564
390218199
14464766
346276932
391214052
14427626
253603669
3382
15473413
1059273780
63819362
15862891
19658826
1344951
19715972
14289835
33249457
27834920
28567809
21581503
1397449789
15996661
14437214
239581027
7905122
353737617
1081
94682674
24254084
7015112
7410742
14738561
14553055
18713
14348157
18760297
23395278
18768280
14540457
47936893
285126536
8823362
381289719
80331801
309978842
11581462
383776217
109323518
39922594
10693622
86891735
80772893
9645312
11190032
60813875
17560290
19094688
14448791
18989696
19598182
8210502
23593213
9721422
14076724
13177522
168431033
386170457
18519660
18168065
7459092
124036182
56884542
5908032
14086716
14179318
377414520
44874400
69231483
500042487
14824849
16492574
404005564
15808647
17818131
475338493
21130327
140389035
11918372
17105277
16345873
14684477
806133
838627375
289432603
10680142
8161232
21529461
874205856
86664924
47583067
21612135
14640141
21457289
17523331
7832862
107225267
177530860
120288032
34729748
53297035
143922679
15052455
15049696
14372143
38392755
14993466
314839041
203558650
296873851
783092
419639256
11336782
7144422
14804841
35773039
49793
77908845
15661871
18327902
22477940
301982599
15416485
37093605
12626542
7415592
369517511
181995399
186154646
14354253
57549688
71755743
131465058
12539
14181466
13
11070742
220145170
460544490
13895242
9362672
582233100
164457623
9480572
65354167
86135637
159190716
15652889
76658548
37752366
19511716
11176042
120457236
29147705
2396891
12811302
14113688
559994453
229946505
68442845
49672557
14441858
15779577
15226458
7478552
224524706
34778769
5251831
4400681
18822617
18710668
26567591
41603960
18424493
6462982
147102005
150
9213742
15982247
17477373
13253882
14821025
759580711
110159113
2090831
898423544
17518142
16334162
27707859
1285451
12199652
8859592
24447643
5954192
35474809
44607461
18031910
817268
85368735
21751177
113130846
158706110
36470096
71117407
1023072078
862681
12033552
232603412
35741626
14278978
10078
28172926
15492359
7266142
5670042
754731
84484829
89247281
86351835
316673390
321029318
791300
14079705
77907514
314612349
347639930
18027434
9309912
261711452
15662169
236349449
315465682
19966557
79783264
1568
15486485
14707266
13611
15075826
15481606
12781762
129674898
9286242
31030273
11791512
20492381
132778684
198365324
34605446
32493647
217284148
252672612
2947971
25786620
9337702
16891384
127535053
35592163
514646075
817386
20094734
498328279
19873504
15143478
16817799
302716548
624253
96179624
15538383
183102912
171955271
20431901
25002805
168873266
517687722
191108835
15458181
16736682
808627
136301916
14968159
122774170
5791
117590354
988341
18007633
509791860
14216544
330157584
41390022
602205292
214487017
105507765
22398002
431992136
19707379
78012548
112508900
104585489
15125585
34147744
87997689
15904669
60959527
17030855
11107172
1175221
15005347
15249166
419780201
15809724
869982548
496717624
811829
18028509
14330025
782502
82363
299472964
551534612
15948724
21066583
460485003
306166206
18825184
6705042
634493922
15567130
15524875
7482442
22706283
13926822
25388528
14459956
240170825
593359147
51678226
15475461
26531880
94375369
1504011
17636894
45635284
7992282
9207632
15602654
74274192
5663192
2029641
226976689
562095051
496906165
33926135
16377511
14048901
9946842
25137593
14136761
13043512
14335498
17465603
14985869
7739632
14354179
5520952
15380152
46220856
81057426
20015311
17900685
21079931
793219
73843
633
20019146
14515931
81897092
376825877
14325738
43288383
14274132
3839
16303106
22461427
15352541
61703133
28321706
11197712
17159589
809512
26512293
74037283
16665197
8192222
51241418
9887162
12534
1536811
19925326
93764696
640023
13567
34570753
10699072
26260320
54181373
23751864
930061
821552
2319611
11665282
37228372
9135742
14062180
14514804
352673744
17782951
14096666
87321664
818340
14600116
16746064
74543
33977598
123664603
355665348
24407244
11435642
756129
106724715
180471019
322777832
14800270
12831
6886392
11689
12089792
17950167
14405393
11113
18372260
14096514
15473958
86626845
14353392
23863969
15120121
125101068
19346439
83649051
14315150
9767702
18417897
28196433
2566421
15809143
15608616
21873474
176413239
48829726
19085281
14192558
1183041
346709612
848901
208292854
16356013
765548
183749519
12798452
50462250
6368162
9306032
10810102
128711440
110729352
17579312
26745004
15252137
15441893
369278628
14592809
159462573
10073632
19530624
810129
9255402
102981375
36240243
14952658
30661877
718883
59093441
9720922
57542239
195897346
17939037
15392736
16870421
85947682
14097392
14232711
42226885
327963187
16843
19394791
14324887
595202604
19212550
22199970
7703982
14761795
30294155
14164724
9407242
2735591
353701419
23053335
15830422
48903
193030139
347256040
282122629
145165897
127927897
73857993
185808487
23978003
206541722
258148425
173669648
91185652
75974281
13096242
972651
44196397
21770611
19111767
16822958
14952176
22512037
135133754
79784188
98627870
29961971
14202817
22237472
32190128
206180021
139675913
9427202
532973
657863
144594465
365735972
23566038
14768955
11099982
313882254
389853030
6426432
17713721
515766653
20720688
15026270
190351191
14065694
711303
126776391
14378113
17505956
14245742
16162389
5637652
142426846
416452347
28225017
12381352
430949299
15921173
115485051
10092732
20609518
744463
345673106
5971922
13145012
25160944
15971887
6140
38186171
25489250
475533933
281692516
11322372
18510860
13215132
19867761
12876
46990743
21656055
5702
11547582
17595439
60308942
42480399
14421746
12503922
462143935
22045237
813402
35794497
309213101
267399199
6424562
14096201
9859562
6691002
112141386
9688342
1538841
14749383
36264820
452854618
776984
15714547
10369032
259704449
14614648
15770165
207717785
58592928
14519349
322049822
85586846
625093
50193
10720602
17503180
33230681
3413691
18060808
57652640
23737520
344523089
270379910
77293
14602130
16018805
16475744
2937071
691353
13334762
36823
276726132
97487983
18361042
8673932
12393292
12161
12530
116994659
71505643
16789581
34663
11086372
14306062
8446902
295068000
32193
14639127
9296602
22280984
10083602
14097375
82681434
3245521
786491
173630577
16468695
14433569
14881287
18690276
51405956
20260892
299659914
14984090
783511
332163
136879221
82351237
21676980
2526781
46023
282670028
717313
256485549
24531658
17908048
1413771
29081644
180938171
34347535
19135887
14671073
408912987
436886807
4519121
20598934
16664126
26170234
18374969
16728202
7206422
354131767
5742752
25839257
17901004
1655321
22200186
166315104
136543208
23203606
83370820
2126891
57275398
4816
20187037
13486
6440912
5676102
258530694
65950594
86681344
58569413
48511236
3840
41754227
14878479
9590262
134144946
23032062
224770553
204787796
41204528
876081
240306053
379640397
131880443
146537298
381471685
46343990
18268293
43963184
29739553
165863961
341979831
357558189
276328726
14056454
18858078
151272958
285636069
330093
10199822
7586922
155369046
27001119
183810381
193318094
373798422
252039678
12696742
15085196
14127195
10109712
358253618
38695774
23166140
116069697
50280542
9965842
155956986
30167247
10202
14270140
4278151
48803
67425709
14494383
16271608
18713254
324479769
41675415
53643149
241498104
6160742
17783001
14209229
20869237
66055378
15124802
23284264
20731304
302077471
262187346
71831904
18738619
57428609
200678180
16063910
17529119
13860742
1479731
814304
91934904
18266811
18183967
7748942
42192966
14417040
9724112
8191162
21526748
6800542
16864336
33262401
223132692
206358757
10798802
22282589
16884750
132739039
37774449
1239671
12972722
17714540
187460404
159950527
16614645
1717291
17898357
768197
14585409
188716376
276622510
18393773
44570946
320134516
17481745
203132018
8406952
159621701
16120265
80422885
87775422
43234397
83811550
19539314
26712390
14647570
17825445
2295631
14946614
15596402
90223025
14186454
14796585
131575586
16833482
300932757
17541787
287409342
16149906
273982638
16299932
11069462
138394190
7618952
14400809
49403457
14368074
252531143
14270329
913681
5719682
6338492
264305608
309674336
152042171
164366124
70735999
43745367
241700987
18633059
41110533
16144702
18308817
14871647
15802344
16242081
22940719
96377606
18000189
14515233
14492502
19513191
16652134
118132028
18082219
7204872
43111060
8710132
50393960
14821718
71530103
275686563
12984202
33259123
28523887
46551254
14509720
15463
119625403
17511527
17495946
7373472
17999080
98949869
281910877
4641021
1254381
17485959
14734687
39025353
65153614
11414482
73842250
7206802
57320354
70320067
8531352
17032655
8980232
16813249
114054556
37868953
16128027
41445632
238065796
41842768
15903692
89250664
191203835
9218342
16879093
5640632
14480832
255784266
127958577
1118451
17827661
34893661
138705780
250869910
4727171
31465017
5988062
19772974
15101375
164242095
18169286
14686988
204182403
16185413
16095572
22631938
5062341
6904482
20476532
36202010
11381522
17362777
47494539
152143
25734531
80589255
14103106
29442313
206755786
18973760
45556777
15948437
17199238
5746452
1383431
16550166
15363485
17332787
15488482
816653
23977676
16027672
19682566
12342812
14123181
15301028
14129987
14796095
9049362
138068931
184716619
144813436
29844194
20831032
1598921
14703696
15944583
84096747
149434418
17360375
18484992
15446648
47737586
12691112
793351
93957809
167234557
6107872
19599604
49465463
2523321
62823708
14166962
7535062
617063
989
6595682
7552082
6004762
17925320
22227677
45036289
28049003
127782922
80740892
130580661
166667340
705153
14706299
1252901
116041517
1235521
8592732
7479852
2276111
1979591
14107651
71110437
14529167
24942645
7668792
92116069
16494284
2491191
7116952
10185562
126673991
14184054
5737632
145657476
17681013
3703711
9976002
10184292
23204397
14802907
18019481
18159539
49420481
7799412
2729061
14646505
16374808
14585205
99566126
7874472
17746686
40720843
15859268
779627
32718488
9366702
30844509
16590830
15320887
1468151
29881875
19301005
19091929
27103490
6778272
24038627
26509103
14050728
13235832
749863
15466487
15456487
20876350
4411041
11388132
19246461
5252591
84351228
72831048
53953
14825606
14457811
26894723
12353772
1000591
27429139
113963
13970952
20402832
16517605
64172365
22945474
64482503
41626400
12031122
25843123
861511
16778852
57134727
14972990
55868718
15924775
25536732
12048772
14083683
13283942
28322690
15154811
37235300
22572015
16439471
2730791
36892278
18506975
16574209
11740902
14081078
16393835
4057811
8453452
8850022
61233
803694
13470
20088765
40965391
15196670
41486415
873411
663603
17763613
5539862
749583
34019494
6140222
14394279
6049312
22545571
903351
1192
17750791
5838092
23554268
20518767
7051032
19193331
14816103
15376576
8692942
20518910
22444948
25384448
3565601
12913282
13229892
7468
752133
15104415
11975102
16213093
7617702
7861842
18525497
11981802
15439395
14523801
143883
14397848
14090713
13661482
14065452
6998432
795846
44423
6141832
15398764
16951636
1694961
10519
12449
16227324
10670062
15220153
703793
6647632
2769321
8535972
898691
3339171
823083
7136992
4690301
2384071
14053823
2916871
