602317143
50560529
462021312
866426699193491459
2729061
1239315181882224640
14592008
973642470507597825
301409241
85185448
572058881
18108382
16310951
773245584358666241
8075982
63871928
472835083
125486974
7403032
1407461
1611641905
1122993072181108737
181130657
28049003
2983408472
891797688907292672
89490206
3259604684
1223549755
14695816
366053097
15696660
6409292
1693141735
2684767178
1953419310
376076845
2328276727
22595417
275596593
365444983
598029880
23303713
126557836
21306130
283969279
2955951030
51114751
156514745
723920552
22696172
847208127325917185
788625197008031744
908129025893081088
289420613
1082533652783816705
76842602
95854793
3169963433
423035895
1123787214788468738
10834752
67430296
137559066
3145417862
1200558896064036864
19734656
40449158
25021876
855552702822133761
807239380138160128
98546373
2677400564
66374059
2464270244
3042445625
3163297716
3307391346
265000243
3043072586
45553126
2582861
17446359
1726432904
885561769
25801236
138203134
1166299483119865863
15446648
232783642
975350930941009920
1664950627
95610041
1171347571823927297
17639049
48843
16329099
41485866
947868354634833920
7037732
373334467
977634826550501377
1107881224461152256
2411666592
627213
1049660409836392448
786003434
18330141
14055342
56060363
12304052
11024852
188704490
2396864504
499301763
19024667
924353933216305152
27748727
239964089
3240367621
950259931990523904
42840584
33468259
22050354
962074134963302400
1250501
65538540
2813398537
326765076
23377444
557933634
88982108
16333852
23560222
1126476188
156877973
208736299
3249871370
2207299586
17270001
200631648
30495257
16008635
1552237747
955965238859329536
959942014992175104
958583067047841798
43704436
170686417
3333981433
15629200
64705123
1077999613531942912
631163382
778217317889105920
22596232
205715759
31594256
352754946
56993155
2834189117
8501792
193183069
20664366
24253645
15134408
2480951
150621067
2851944063
82734156
15093979
351420472
19599604
1286116932
15463097
231734854
289329419
17620820
1044376384271859713
14627400
232774883
4922591
956506076
29646227
780991
15685575
767637785868169216
104546166
136596425
17047854
17752201
60499296
2381078545
200514238
595184409
1318092516
56119547
785243728168427520
784038868827922432
16192637
1516051664
14989163
137005049
17503069
9463342
438620916
224808201
348082699
1035676762380759040
1006419421244678144
38630618
1368753678
323494529
215502768
901874434994266116
829147897216192512
127191134
376088699
285094236
4010618585
14360161
14669661
2087371
19113589
42413226
17435847
14173438
7340612
15201143
204049231
14378113
38135827
12702822
736835618
20751902
71280613
607946179
46075445
170483852
38811666
554855266
21622115
3425696840
102179161
1407081642
7403862
11156392
254458144
169627203
17638705
23750409
156378078
33826852
751725519461228544
14879825
170603113
106325165
29156410
839322541
60608730
1321827235
2975731501
762906414041837568
15815709
739070594688262149
152891331
2229058844
1432215524
844141009210556416
14896345
768584892678418432
836797584618455041
3015721785
425525818
545487875
16830956
524960110
2172951440
824100475473723392
913973792153550848
22527115
1939348927
719317592880467968
2911300182
879317395344687104
2371069948
317403562
26228332
47574061
43662605
2469916026
48624704
7740752
974225387201941504
761068933
1632725552
201799898
401221725
1877714197
56372765
202875208
3240330067
2841328689
949088172331290625
2646334171
153339082
1487898889
905791825549582336
86390762
32422164
931378830
1968730626
970769830541369344
968410812342616064
965266179836252161
86664074
607925952
16219695
120920953
1391351
16218176
825997072482525184
6144162
27999630
21448858
17667371
742425368183721985
203014443
95481321
956843286156603394
74424162
3194978659
6411542
1217228742
532449573
841060904456216576
2897061700
18840522
875490523779223552
109086082
1328692640
186736177
1554762541
41215174
232422202
50605029
16167893
256823402
1508746440
14537867
14174483
910293949998186496
4150411156
1165593398
838935298759241728
57509070
269574782
21697865
78442404
23577749
863666270
2064551
14759482
14158400
10454332
46991917
3282065239
22589067
300606873
897306830
393724865
2686115456
974721
11189732
1319945166
46319636
20512260
27196654
225018970
913408175239516162
5478412
14954902
75276130
385570796
2424178550
14982804
1514971266
6424562
3192516839
3222746642
2460368252
1341444481
39190365
3259261422
27370703
18129652
629931780
23674153
702824612095078400
26245508
3272354606
801230931272994820
1515079200
2859631754
815591614903001089
25922185
822375565181132805
2312134735
628270697
14614648
883079678906572806
67166472
779114675518574592
436544144
39238755
1346454187
183412491
21455389
50563872
193148577
199518071
114325587
630105356
794996398030721024
401773648
3275228352
526295631
1106084318
803471572509917184
2179187430
263821932
24263
212187685
17786309
18363942
5350802
25471626
256424454
33773592
187518287
701607088338952193
17137628
487584390
760199
14175247
263202276
20530059
25910381
14947106
372690940
2890087500
14804579
759297901537398784
2831261678
1959411601
487629864
3017927202
827149974626508800
250316894
35555248
824886467721703425
2949131574
74468143
326511843
106682853
6395462
229502009
717654410
85178891
274817844
90360929
14164724
3417408815
25752416
580669169
1731046056
218346740
14904469
732649152807469056
14087454
1399640347
14325398
18092877
45723636
973114550
509731048
14849103
25032802
18424289
18079637
11747
76740704
3948971
321575853
44629346
133178194
3062276605
765564258356789248
50915517
2787187417
7384342
16168017
100426699
545363950
2160554328
199322850
2823306106
4759631
2399359203
720927033207881728
529147678
86248759
8592732
705311597053374464
599479570
8531222
16326717
82331248
364814582
629224290
47562870
3242853967
53017685
4841515170
90488576
13219352
42982987
42533156
6273362
15662351
1790831
14430935
94133565
20344999
170624352
35943
576220783
435560805
1544873102
60847785
95294431
3636546252
10451462
300771877
167998949
97544430
11722312
2289270728
2155831784
3002686040
46769303
14424551
198447235
19585083
2355181
2281416212
153029181
953491
177338986
8996562
836623687
2866120190
15075911
89238578
11379532
105481822
20029996
114911627
36043235
24877257
17472153
14806423
4874289952
116718264
15005347
2849296008
22572168
1530096708
236713668
33431328
2891322620
15452531
339476278
51978298
1738015658
17462708
120021216
15907213
89629866
10295842
18411928
46898201
3054049890
308726213
3266848870
369887382
19671329
35836574
403921350
13640312
26910186
771712
295523228
408847389
18619339
1592823690
584553460
1057665338
45867004
17682808
704881669
969275161
16300314
5894902
11231752
12064702
8457092
2273413484
2463681456
1631608538
3281126270
167281867
34462908
82140457
12691112
27093292
102099663
14816103
15124802
1320161
163803185
159822053
2586733693
651373
793351
14143421
3565601
231706630
786345043
7489582
393669727
2992880664
92360183
1138103090
2728977932
1517948053
2780798138
3232137366
19978070
86598888
18734028
507113957
109875645
419146155
8075572
470080850
552256874
63019746
6000552
528944169
9610222
34663
2661321175
4690301
32298304
14042282
3009926619
1585777736
28134584
125196684
2217513355
458619342
368762407
14223539
13141392
183174863
77129337
35377970
53869312
186553879
57792143
83757126
17518412
16813897
334523674
178605680
42601457
118337116
77908845
14562990
63819362
96591754
20555437
125071102
69190199
2242044090
17353768
9714232
15751438
1690731
99354343
21630922
17527655
14625320
365847860
14414286
82020712
228535666
1144882621
255741407
266516632
40720843
15486485
331028328
28172926
5763262
7239422
328747747
1361519083
33712006
2544679362
34916742
32055506
14911927
6188062
500233428
15985034
6794442
7520592
1115784079
1043686752
23882628
23666107
21075591
17588628
571428993
34911456
146996050
1164810300
100761980
71215686
555634153
1647702336
2458223743
14598860
17342430
6508342
6603512
114569616
18624739
11963132
17812913
565223
2165900196
185992420
6587722
43525891
14372427
6306132
9723932
13919662
8635542
79749002
143341367
9950542
17437733
17121651
14850840
22886693
78587780
1602004962
16554178
22422121
1312878535
348664405
14673104
22353181
742010083
223352482
372667832
104277809
35695666
10378002
1132832803
41673568
2151698232
2151740515
518689888
17939037
260211154
312296368
1707427058
226113151
14048901
7356002
163766870
1892683062
17269484
11311462
95760783
22128262
77209956
223282435
191849753
33811563
18401667
1185008738
41282080
35341530
1316112727
22344017
225962422
16328203
22199970
25292957
204662855
804774
12258112
361616505
204830424
137542528
42200093
20743850
34200840
1026741
19673700
342880948
13626052
17874544
9096292
227566552
80589255
8495422
14562999
563362337
3201361
27150431
26212176
2861951
14335160
15522370
455304067
7203402
17773620
16557497
14637504
3058771
163767099
7010142
38630406
35761106
17776637
41798844
136131338
260921934
68269817
43845482
47673661
43792125
646533
12149562
12895312
30489954
15473413
14611399
32213544
96049182
14314514
38751529
6998432
49831398
6299172
568415710
14862794
41581659
50239585
30380016
92932981
46994665
8793852
14706299
533780972
91079515
524054356
59367706
19541556
3218781
16787430
348249083
13629702
16801121
21242492
56768257
17137806
18314044
307755781
14361155
1406651
45510215
18299613
123896148
16821279
81257996
434216488
39543
16678352
14623932
15202364
173195708
15374537
15105837
19129719
18147028
114163577
420289613
206979151
130698627
7285372
14066709
327347231
311796290
83567424
16178446
8243462
18268293
18581358
171530810
14049683
112995444
178446757
25401323
218730857
338878290
14797399
7194212
31102536
739293
779452
14538177
11069462
237479976
293234548
224495471
286522354
173431180
42007556
4411041
172652106
14945180
25052589
15865878
54819183
24793692
51946582
6549332
20761761
64353966
40068395
1388961
20967389
238575113
134779059
15355986
15736190
16539754
23863969
119219640
8197942
42354375
244714086
14706609
159950527
16638310
15251309
17383707
53303554
54730258
38649019
17506128
13991752
20609518
621583
44897207
217558518
36546791
14401626
82279998
137892503
205451144
14830349
39418613
132731802
95064543
36338094
54811393
5402612
26607837
116586841
115884789
174083824
13994362
25960714
16997146
2166341
121287429
25036511
25298569
15138856
22190291
21281988
14347202
133573787
15241033
18084928
10243022
14365205
14380900
31030273
27507512
14421746
8859592
95345146
1835601
2768501
53549590
4816
9642742
5388702
41326165
80811754
28552896
57961091
814641
12486322
12425912
73574226
19971164
19968956
17623670
48230811
6190272
15580410
14101150
14336120
31669146
54744986
51305605
48417042
10173422
9417752
5929252
15308469
17036982
2789291
7161502
18239001
26201354
10454082
28781498
26463801
22225916
25261820
24511829
19682566
15217576
15942137
16736682
20356090
16093222
7974522
14606662
18525497
6083062
8692942
4833131
18696750
16361394
15342691
14827241
17879852
9198142
11926682
1011731
15439395
13338292
15413774
5388852
15352541
7900242
39483
14366701
12685132
6031
9218342
778337
14131368
5456222
7678792
3273101
8845232
9138302
